unit,               hm,                  cTime,        dt,       sat,sel,mod,      Tb,  vb,  ib,  ioc,  voc_soc,    vsat,dv_dyn,voc_stat,voc_ekf,     y_ekf,    soc_s,soc_ekf,soc,ib_lag,voc_soc_new,
mon_rep231013,2023-10-13T10:38:28,  0.000,  0.400,0,0,247, 25.000, 13.525,  0.000,  0.000, 13.525, 13.800,  0.000, 13.525, 13.525,  0.000,  0.800,  0.800,  0.800,0.00000,  0.000,
mon_rep231013,2023-10-13T10:38:28,  0.400,  0.400,0,0,247, 25.000, 13.525,  0.000,  0.000, 13.525, 13.800,  0.000, 13.525, 13.525,  0.000,  0.800,  0.800,  0.800,0.00000,  0.000,
mon_rep231013,2023-10-13T10:38:28,  0.800,  0.400,0,0,247, 25.000, 13.525,  0.000,  0.000, 13.525, 13.800,  0.000, 13.525, 13.525,  0.000,  0.800,  0.800,  0.800,0.00000,  0.000,
mon_rep231013,2023-10-13T10:38:29,  1.200,  0.400,0,0,247, 25.000, 13.525,  0.000,  0.000, 13.525, 13.800,  0.000, 13.525, 13.525,  0.000,  0.800,  0.800,  0.800,0.00000,  0.000,
mon_rep231013,2023-10-13T10:38:29,  1.600,  0.400,0,0,247, 25.000, 13.525,  0.000,  0.000, 13.525, 13.800,  0.000, 13.525, 13.525,  0.000,  0.800,  0.800,  0.800,0.00000,  0.000,
mon_rep231013,2023-10-13T10:38:30,  2.000,  0.400,0,0,247, 25.000, 13.525,  0.000,  0.000, 13.525, 13.800,  0.000, 13.525, 13.525,  0.000,  0.800,  0.800,  0.800,0.00000,  0.000,
mon_rep231013,2023-10-13T10:38:30,  2.400,  0.400,0,0,247, 25.000, 13.525,  0.000,  0.000, 13.525, 13.800,  0.000, 13.525, 13.525,  0.000,  0.800,  0.800,  0.800,0.00000,  0.000,
mon_rep231013,2023-10-13T10:38:30,  2.800,  0.400,0,0,247, 25.000, 13.525,  0.000,  0.000, 13.525, 13.800,  0.000, 13.525, 13.525,  0.000,  0.800,  0.800,  0.800,0.00000,  0.000,
mon_rep231013,2023-10-13T10:38:31,  3.200,  0.400,0,0,247, 25.000, 13.525,  0.000,  0.000, 13.525, 13.800,  0.000, 13.525, 13.525,  0.000,  0.800,  0.800,  0.800,0.00000,  0.000,
mon_rep231013,2023-10-13T10:38:31,  3.600,  0.400,0,0,247, 25.000, 13.525,  0.000,  0.000, 13.525, 13.800,  0.000, 13.525, 13.525,  0.000,  0.800,  0.800,  0.800,0.00000,  0.000,
mon_rep231013,2023-10-13T10:38:32,  4.000,  0.400,0,0,247, 25.000, 13.525,  0.000,  0.000, 13.525, 13.800,  0.000, 13.525, 13.525,  0.000,  0.800,  0.800,  0.800,0.00000,  0.000,
mon_rep231013,2023-10-13T10:38:32,  4.400,  0.400,0,0,247, 25.000, 13.525,  0.000,  0.000, 13.525, 13.800,  0.000, 13.525, 13.525,  0.000,  0.800,  0.800,  0.800,0.00000,  0.000,
mon_rep231013,2023-10-13T10:38:32,  4.800,  0.400,0,0,247, 25.000, 13.525,  0.000,  0.000, 13.525, 13.800,  0.000, 13.525, 13.525,  0.000,  0.800,  0.800,  0.800,0.00000,  0.000,
mon_rep231013,2023-10-13T10:38:33,  5.200,  0.400,0,0,247, 25.000, 13.525,  0.000,  0.000, 13.525, 13.800,  0.000, 13.525, 13.525,  0.000,  0.800,  0.800,  0.800,0.00000,  0.000,
mon_rep231013,2023-10-13T10:38:33,  5.600,  0.400,0,0,247, 25.000, 13.525,  0.000,  0.000, 13.525, 13.800,  0.000, 13.525, 13.525,  0.000,  0.800,  0.800,  0.800,0.00000,  0.000,
mon_rep231013,2023-10-13T10:38:34,  6.000,  0.400,0,0,247, 25.000, 13.525,  0.000,  0.000, 13.525, 13.800,  0.000, 13.525, 13.525,  0.000,  0.800,  0.800,  0.800,0.00000,  0.000,
mon_rep231013,2023-10-13T10:38:34,  6.400,  0.400,0,0,247, 25.000, 13.525,  0.000,  0.000, 13.525, 13.800,  0.000, 13.525, 13.525,  0.000,  0.800,  0.800,  0.800,0.00000,  0.000,
mon_rep231013,2023-10-13T10:38:34,  6.800,  0.400,0,0,247, 25.000, 13.525,  0.000,  0.000, 13.525, 13.800,  0.000, 13.525, 13.525,  0.000,  0.800,  0.800,  0.800,0.00000,  0.000,
mon_rep231013,2023-10-13T10:38:35,  7.200,  0.400,0,0,247, 25.000, 13.525,  0.000,  0.000, 13.525, 13.800,  0.000, 13.525, 13.525,  0.000,  0.800,  0.800,  0.800,0.00000,  0.000,
mon_rep231013,2023-10-13T10:38:35,  7.600,  0.400,0,0,247, 25.000, 13.525,  0.000,  0.000, 13.525, 13.800,  0.000, 13.525, 13.525,  0.000,  0.800,  0.800,  0.800,0.00000,  0.000,
mon_rep231013,2023-10-13T10:38:36,  8.000,  0.400,0,0,247, 25.000, 14.525,  0.000,  0.000, 13.525, 13.800,  0.000, 14.525, 13.525,  0.000,  0.800,  0.800,  0.800,0.00000,  0.000,
mon_rep231013,2023-10-13T10:38:36,  8.400,  0.400,0,0,247, 25.000, 14.525,  0.000,  0.000, 13.525, 13.800,  0.000, 14.525, 13.525,  0.000,  0.800,  0.800,  0.800,0.00000,  0.000,
mon_rep231013,2023-10-13T10:38:36,  8.800,  0.400,0,0,247, 25.000, 14.525,  0.000,  0.000, 13.525, 13.800,  0.000, 14.525, 13.525,  0.000,  0.800,  0.800,  0.800,0.00000,  0.000,
mon_rep231013,2023-10-13T10:38:37,  9.200,  0.400,0,0,247, 25.000, 14.525,  0.000,  0.000, 13.525, 13.800,  0.000, 14.525, 13.525,  1.000,  0.800,  0.800,  0.800,0.00000,  0.000,
mon_rep231013,2023-10-13T10:38:37,  9.600,  0.400,0,0,247, 25.000, 14.525,  0.000,  0.000, 13.525, 13.800,  0.000, 14.525, 13.525,  1.000,  0.800,  0.800,  0.800,0.00000,  0.000,
mon_rep231013,2023-10-13T10:38:38, 10.000,  0.400,0,0,247, 25.000, 14.525,  0.000,  0.000, 13.525, 13.800,  0.000, 14.525, 13.525,  1.000,  0.800,  0.800,  0.800,0.00000,  0.000,
mon_rep231013,2023-10-13T10:38:38, 10.400,  0.400,0,0,247, 25.000, 14.525,  0.000,  0.000, 13.525, 13.800,  0.000, 14.525, 13.525,  1.000,  0.800,  0.800,  0.800,0.00000,  0.000,
mon_rep231013,2023-10-13T10:38:38, 10.800,  0.400,0,0,247, 25.000, 14.525,  0.000,  0.000, 13.525, 13.800,  0.000, 14.525, 13.525,  1.000,  0.800,  0.800,  0.800,0.00000,  0.000,
mon_rep231013,2023-10-13T10:38:39, 11.200,  0.400,0,0,247, 25.000, 14.525,  0.000,  0.000, 13.525, 13.800,  0.000, 14.525, 13.525,  1.000,  0.800,  0.800,  0.800,0.00000,  0.000,
mon_rep231013,2023-10-13T10:38:39, 11.600,  0.400,0,0,247, 25.000, 14.525,  0.000,  0.000, 13.525, 13.800,  0.000, 14.525, 13.525,  1.000,  0.800,  0.800,  0.800,0.00000,  0.000,
mon_rep231013,2023-10-13T10:38:40, 12.000,  0.400,0,0,247, 25.000, 14.525,  0.000,  0.000, 13.525, 13.800,  0.000, 14.525, 13.525,  1.000,  0.800,  0.800,  0.800,0.00000,  0.000,
mon_rep231013,2023-10-13T10:38:40, 12.400,  0.400,0,0,247, 25.000, 14.525,  0.000,  0.000, 13.525, 13.800,  0.000, 14.525, 13.525,  1.000,  0.800,  0.800,  0.800,0.00000,  0.000,
mon_rep231013,2023-10-13T10:38:40, 12.800,  0.400,0,0,247, 25.000, 14.525,  0.000,  0.000, 13.525, 13.800,  0.000, 14.525, 13.525,  1.000,  0.800,  0.800,  0.800,0.00000,  0.000,
mon_rep231013,2023-10-13T10:38:41, 13.200,  0.400,0,0,247, 25.000, 14.525,  0.000,  0.000, 13.525, 13.800,  0.000, 14.525, 13.525,  1.000,  0.800,  0.800,  0.800,0.00000,  0.000,
mon_rep231013,2023-10-13T10:38:41, 13.600,  0.400,0,0,247, 25.000, 14.525,  0.000,  0.000, 13.525, 13.800,  0.000, 14.525, 13.525,  1.000,  0.800,  0.800,  0.800,0.00000,  0.000,
mon_rep231013,2023-10-13T10:38:42, 14.000,  0.400,0,0,247, 25.000, 14.525,  0.000,  0.000, 13.525, 13.800,  0.000, 14.525, 13.525,  1.000,  0.800,  0.800,  0.800,0.00000,  0.000,
mon_rep231013,2023-10-13T10:38:42, 14.400,  0.400,0,0,247, 25.000, 14.525,  0.000,  0.000, 13.525, 13.800,  0.000, 14.525, 13.525,  1.000,  0.800,  0.800,  0.800,0.00000,  0.000,
mon_rep231013,2023-10-13T10:38:42, 14.800,  0.400,0,0,247, 25.000, 14.525,  0.000,  0.000, 13.525, 13.800,  0.000, 14.525, 13.525,  1.000,  0.800,  0.800,  0.800,0.00000,  0.000,
mon_rep231013,2023-10-13T10:38:43, 15.200,  0.400,0,0,247, 25.000, 14.525,  0.000,  0.000, 13.525, 13.800,  0.000, 14.525, 13.525,  1.000,  0.800,  0.800,  0.800,0.00000,  0.000,
mon_rep231013,2023-10-13T10:38:43, 15.600,  0.400,0,0,247, 25.000, 14.525,  0.000,  0.000, 13.525, 13.800,  0.000, 14.525, 13.525,  1.000,  0.800,  0.800,  0.800,0.00000,  0.000,
mon_rep231013,2023-10-13T10:38:44, 16.000,  0.400,0,0,247, 25.000, 14.525,  0.000,  0.000, 13.525, 13.800,  0.000, 14.525, 13.525,  1.000,  0.800,  0.800,  0.800,0.00000,  0.000,
mon_rep231013,2023-10-13T10:38:44, 16.400,  0.400,0,0,247, 25.000, 14.525,  0.000,  0.000, 13.525, 13.800,  0.000, 14.525, 13.525,  1.000,  0.800,  0.800,  0.800,0.00000,  0.000,
mon_rep231013,2023-10-13T10:38:44, 16.800,  0.400,0,0,247, 25.000, 14.525,  0.000,  0.000, 13.525, 13.800,  0.000, 14.525, 13.525,  1.000,  0.800,  0.800,  0.800,0.00000,  0.000,
mon_rep231013,2023-10-13T10:38:45, 17.200,  0.400,0,0,247, 25.000, 14.525,  0.000,  0.000, 13.525, 13.800,  0.000, 14.525, 13.525,  1.000,  0.800,  0.800,  0.800,0.00000,  0.000,
mon_rep231013,2023-10-13T10:38:45, 17.600,  0.400,0,0,247, 25.000, 14.525,  0.000,  0.000, 13.525, 13.800,  0.000, 14.525, 13.525,  1.000,  0.800,  0.800,  0.800,0.00000,  0.000,
mon_rep231013,2023-10-13T10:38:46, 18.000,  0.400,1,0,247, 25.000, 14.525,  0.000,  0.000, 13.525, 13.800,  0.000, 14.525, 13.525,  1.000,  0.800,  0.800,  0.800,0.00000,  0.000,
mon_rep231013,2023-10-13T10:38:46, 18.400,  0.400,1,0,247, 25.000, 14.525,  0.000,  0.000, 13.525, 13.800,  0.000, 14.825, 13.525,  1.000,  0.800,  0.800,  0.800,0.00000,  0.000,
mon_rep231013,2023-10-13T10:38:46, 18.800,  0.400,1,0,247, 25.000, 14.525,  0.000,-23.077, 13.525, 13.800,  0.000, 14.825, 13.525,  1.000,  0.800,  0.800,  0.800,0.00000,  0.000,
mon_rep231013,2023-10-13T10:38:47, 19.200,  0.400,1,0,247, 25.000, 14.525,  0.000,-23.077, 13.525, 13.800,  0.000, 14.825, 13.525,  1.300,  0.800,  0.800,  0.800,0.00000,  0.000,
mon_rep231013,2023-10-13T10:38:47, 19.600,  0.400,1,0,247, 25.000, 14.525,  0.000,-23.077, 13.525, 13.800,  0.000, 14.825, 13.525,  1.300,  0.800,  0.800,  0.800,0.00000,  0.000,
mon_rep231013,2023-10-13T10:38:48, 20.000,  0.400,1,0,247, 25.000, 14.525,  0.000,-23.077, 13.525, 13.800,  0.000, 14.825, 13.525,  1.300,  0.800,  0.800,  0.800,0.00000,  0.000,
mon_rep231013,2023-10-13T10:38:48, 20.400,  0.400,1,0,247, 25.000, 14.525,  0.000,-23.077, 13.525, 13.800,  0.000, 14.825, 13.525,  1.300,  0.800,  0.800,  0.800,0.00000,  0.000,
mon_rep231013,2023-10-13T10:38:48, 20.800,  0.400,1,0,247, 25.000, 14.525,  0.000,-23.077, 13.525, 13.800,  0.000, 14.825, 13.525,  1.300,  0.800,  0.800,  0.800,0.00000,  0.000,
mon_rep231013,2023-10-13T10:38:49, 21.200,  0.400,1,0,247, 25.000, 14.525,  0.000,-23.077, 13.525, 13.800,  0.000, 14.825, 13.525,  1.300,  0.800,  0.800,  0.800,0.00000,  0.000,
mon_rep231013,2023-10-13T10:38:49, 21.600,  0.400,1,0,247, 25.000, 14.525,  0.000,-23.077, 13.525, 13.800,  0.000, 14.825, 13.525,  1.300,  0.800,  0.800,  0.800,0.00000,  0.000,
mon_rep231013,2023-10-13T10:38:50, 22.000,  0.400,1,0,247, 25.000, 14.525,  0.000,-23.077, 13.525, 13.800,  0.000, 14.825, 13.525,  1.300,  0.800,  0.800,  0.800,0.00000,  0.000,
mon_rep231013,2023-10-13T10:38:50, 22.400,  0.400,1,0,247, 25.000, 14.525,  0.000,-23.077, 13.525, 13.800,  0.000, 14.825, 13.525,  1.300,  0.800,  0.800,  0.800,0.00000,  0.000,
mon_rep231013,2023-10-13T10:38:50, 22.800,  0.400,1,0,247, 25.000, 14.525,  0.000,-23.077, 13.525, 13.800,  0.000, 14.825, 13.525,  1.300,  0.800,  0.800,  0.800,0.00000,  0.000,
mon_rep231013,2023-10-13T10:38:51, 23.200,  0.400,1,0,247, 25.000, 14.525,  0.000,-23.077, 13.525, 13.800,  0.000, 14.825, 13.525,  1.300,  0.800,  0.800,  0.800,0.00000,  0.000,
mon_rep231013,2023-10-13T10:38:51, 23.600,  0.400,1,0,247, 25.000, 14.525,  0.000,-23.077, 13.525, 13.800,  0.000, 14.825, 13.525,  1.300,  0.800,  0.800,  0.800,0.00000,  0.000,
mon_rep231013,2023-10-13T10:38:52, 24.000,  0.400,1,0,247, 25.000, 14.525,  0.000,-23.077, 13.525, 13.800,  0.000, 14.825, 13.525,  1.300,  0.800,  0.800,  0.800,0.00000,  0.000,
mon_rep231013,2023-10-13T10:38:52, 24.400,  0.400,1,0,247, 25.000, 14.525,  0.000,-23.077, 13.525, 13.800,  0.000, 14.825, 13.525,  1.300,  0.800,  0.800,  0.800,0.00000,  0.000,
mon_rep231013,2023-10-13T10:38:52, 24.800,  0.400,1,0,247, 25.000, 14.525,  0.000,-23.077, 13.525, 13.800,  0.000, 14.825, 13.525,  1.300,  0.800,  0.800,  0.800,0.00000,  0.000,
mon_rep231013,2023-10-13T10:38:53, 25.266,  0.466,1,0,247, 25.000, 14.525,  0.000,-23.077, 13.525, 13.800,  0.000, 14.825, 13.525,  1.300,  0.800,  0.801,  0.800,0.00000,  0.000,
mon_rep231013,2023-10-13T10:38:53, 25.666,  0.400,1,0,247, 25.000, 14.525,  0.000,-23.077, 13.525, 13.800,  0.000, 14.825, 13.525,  1.300,  0.800,  0.801,  0.800,0.00000,  0.000,
mon_rep231013,2023-10-13T10:38:54, 26.066,  0.400,1,0,247, 25.000, 14.525,  0.000,-23.077, 13.525, 13.800,  0.000, 14.825, 13.525,  1.300,  0.800,  0.801,  0.800,0.00000,  0.000,
mon_rep231013,2023-10-13T10:38:54, 26.466,  0.400,1,0,247, 25.000, 14.525,  0.000,-23.077, 13.525, 13.800,  0.000, 14.825, 13.525,  1.300,  0.800,  0.801,  0.800,0.00000,  0.000,
mon_rep231013,2023-10-13T10:38:54, 26.866,  0.400,1,0,247, 25.000, 14.525,  0.000,-23.077, 13.525, 13.800,  0.000, 14.825, 13.525,  1.300,  0.800,  0.801,  0.800,0.00000,  0.000,
mon_rep231013,2023-10-13T10:38:55, 27.266,  0.400,1,0,247, 25.000, 14.525,  0.000,-23.077, 13.525, 13.800,  0.000, 14.825, 13.525,  1.300,  0.800,  0.801,  0.800,0.00000,  0.000,
mon_rep231013,2023-10-13T10:38:55, 27.666,  0.400,1,0,247, 25.000, 14.525,  0.000,-23.077, 13.525, 13.800,  0.000, 14.825, 13.525,  1.300,  0.800,  0.801,  0.800,0.00000,  0.000,
mon_rep231013,2023-10-13T10:38:56, 28.066,  0.400,1,0,247, 25.000, 14.525,  0.000,-23.077, 13.525, 13.800,  0.000, 14.825, 13.525,  1.300,  0.800,  0.801,  0.800,0.00000,  0.000,
mon_rep231013,2023-10-13T10:38:56, 28.466,  0.400,1,0,247, 25.000, 14.525,  0.000,-23.077, 13.525, 13.800,  0.000, 14.825, 13.525,  1.300,  0.800,  0.801,  0.800,0.00000,  0.000,
mon_rep231013,2023-10-13T10:38:56, 28.866,  0.400,1,0,247, 25.000, 14.525,  0.000,-23.077, 13.525, 13.800,  0.000, 14.825, 13.525,  1.300,  0.800,  0.801,  0.800,0.00000,  0.000,
mon_rep231013,2023-10-13T10:38:57, 29.266,  0.400,1,0,247, 25.000, 14.525,  0.000,-23.077, 13.525, 13.800,  0.000, 14.825, 13.525,  1.300,  0.800,  0.801,  0.800,0.00000,  0.000,
mon_rep231013,2023-10-13T10:38:57, 29.666,  0.400,1,0,247, 25.000, 14.525,  0.000,-23.077, 13.525, 13.800,  0.000, 14.825, 13.525,  1.300,  0.800,  0.801,  0.800,0.00000,  0.000,
mon_rep231013,2023-10-13T10:38:58, 30.066,  0.400,1,0,247, 25.000, 14.525,  0.000,-23.077, 13.525, 13.800,  0.000, 14.825, 13.525,  1.300,  0.800,  0.801,  0.800,0.00000,  0.000,
mon_rep231013,2023-10-13T10:38:58, 30.466,  0.400,1,0,247, 25.000, 14.525,  0.000,-23.077, 13.525, 13.800,  0.000, 14.825, 13.525,  1.300,  0.800,  0.801,  0.800,0.00000,  0.000,
mon_rep231013,2023-10-13T10:38:58, 30.866,  0.400,1,0,247, 25.000, 14.525,  0.000,-23.077, 13.525, 13.800,  0.000, 14.825, 13.525,  1.300,  0.800,  0.801,  0.800,0.00000,  0.000,
mon_rep231013,2023-10-13T10:38:59, 31.266,  0.400,1,0,247, 25.000, 14.525,  0.000,-23.077, 13.525, 13.800,  0.000, 14.825, 13.525,  1.300,  0.800,  0.801,  0.800,0.00000,  0.000,
mon_rep231013,2023-10-13T10:38:59, 31.666,  0.400,1,0,247, 25.000, 14.525,  0.000,-23.077, 13.525, 13.800,  0.000, 14.825, 13.525,  1.300,  0.800,  0.801,  0.800,0.00000,  0.000,
mon_rep231013,2023-10-13T10:39:00, 32.066,  0.400,1,0,247, 25.000, 14.525,  0.000,-23.077, 13.525, 13.800,  0.000, 14.825, 13.525,  1.300,  0.800,  0.801,  0.800,0.00000,  0.000,
mon_rep231013,2023-10-13T10:39:00, 32.466,  0.400,1,0,247, 25.000, 14.525,  0.000,-23.077, 13.525, 13.800,  0.000, 14.825, 13.525,  1.300,  0.800,  0.801,  0.800,0.00000,  0.000,
mon_rep231013,2023-10-13T10:39:00, 32.866,  0.400,1,0,247, 25.000, 14.525,  0.000,-23.077, 13.525, 13.800,  0.000, 14.825, 13.525,  1.300,  0.800,  0.801,  0.800,0.00000,  0.000,
mon_rep231013,2023-10-13T10:39:01, 33.266,  0.400,1,0,247, 25.000, 14.525,  0.000,-23.077, 13.525, 13.800,  0.000, 14.825, 13.525,  1.300,  0.800,  0.801,  0.800,0.00000,  0.000,
mon_rep231013,2023-10-13T10:39:01, 33.666,  0.400,1,0,247, 25.000, 14.525,  0.000,-23.077, 13.525, 13.800,  0.000, 14.825, 13.525,  1.300,  0.800,  0.801,  0.800,0.00000,  0.000,
mon_rep231013,2023-10-13T10:39:02, 34.066,  0.400,1,0,247, 25.000, 14.525,  0.000,-23.077, 13.525, 13.800,  0.000, 14.825, 13.525,  1.300,  0.800,  0.801,  0.800,0.00000,  0.000,
mon_rep231013,2023-10-13T10:39:02, 34.466,  0.400,1,0,247, 25.000, 14.525,  0.000,-23.077, 13.525, 13.800,  0.000, 14.825, 13.525,  1.300,  0.800,  0.801,  0.800,0.00000,  0.000,
mon_rep231013,2023-10-13T10:39:02, 34.866,  0.400,1,0,247, 25.000, 14.525,  0.000,-23.077, 13.525, 13.800,  0.000, 14.825, 13.525,  1.300,  0.800,  0.801,  0.800,0.00000,  0.000,
mon_rep231013,2023-10-13T10:39:03, 35.266,  0.400,1,0,247, 25.000, 14.525,  0.000,-23.077, 13.525, 13.800,  0.000, 14.825, 13.525,  1.300,  0.800,  0.801,  0.800,0.00000,  0.000,
mon_rep231013,2023-10-13T10:39:03, 35.666,  0.400,1,0,247, 25.000, 14.525,  0.000,-23.077, 13.525, 13.800,  0.000, 14.825, 13.525,  1.300,  0.800,  0.801,  0.800,0.00000,  0.000,
mon_rep231013,2023-10-13T10:39:04, 36.066,  0.400,1,0,247, 25.000, 14.525,  0.000,-23.077, 13.525, 13.800,  0.000, 14.825, 13.525,  1.300,  0.800,  0.801,  0.800,0.00000,  0.000,
mon_rep231013,2023-10-13T10:39:04, 36.466,  0.400,1,0,247, 25.000, 14.525,  0.000,-23.077, 13.525, 13.800,  0.000, 14.825, 13.525,  1.300,  0.800,  0.801,  0.800,0.00000,  0.000,
mon_rep231013,2023-10-13T10:39:04, 36.866,  0.400,1,0,247, 25.000, 14.525,  0.000,-23.077, 13.525, 13.800,  0.000, 14.825, 13.525,  1.300,  0.800,  0.801,  0.800,0.00000,  0.000,
mon_rep231013,2023-10-13T10:39:05, 37.266,  0.400,1,0,247, 25.000, 14.525,  0.000,-23.077, 13.525, 13.800,  0.000, 14.825, 13.525,  1.300,  0.800,  0.801,  0.800,0.00000,  0.000,
mon_rep231013,2023-10-13T10:39:05, 37.666,  0.400,1,0,247, 25.000, 14.525,  0.000,-23.077, 13.525, 13.800,  0.000, 14.825, 13.525,  1.300,  0.800,  0.801,  0.800,0.00000,  0.000,
mon_rep231013,2023-10-13T10:39:06, 38.066,  0.400,1,0,247, 25.000, 14.525,  0.000,-23.077, 13.525, 13.800,  0.000, 14.825, 13.525,  1.300,  0.800,  0.801,  0.800,0.00000,  0.000,
mon_rep231013,2023-10-13T10:39:06, 38.466,  0.400,1,0,247, 25.000, 14.525,  0.000,-23.077, 13.525, 13.800,  0.000, 14.825, 13.525,  1.300,  0.800,  0.801,  0.800,0.00000,  0.000,
mon_rep231013,2023-10-13T10:39:06, 38.866,  0.400,1,0,247, 25.000, 14.525,  0.000,-23.077, 13.525, 13.800,  0.000, 14.825, 13.525,  1.300,  0.800,  0.801,  0.800,0.00000,  0.000,
mon_rep231013,2023-10-13T10:39:07, 39.266,  0.400,1,0,247, 25.000, 14.525,  0.000,-23.077, 13.525, 13.800,  0.000, 14.825, 13.525,  1.300,  0.800,  0.801,  0.800,0.00000,  0.000,
mon_rep231013,2023-10-13T10:39:07, 39.666,  0.400,1,0,247, 25.000, 14.525,  0.000,-23.077, 13.525, 13.800,  0.000, 14.825, 13.525,  1.300,  0.800,  0.801,  0.800,0.00000,  0.000,
mon_rep231013,2023-10-13T10:39:08, 40.066,  0.400,1,0,247, 25.000, 14.525,  0.000,-23.077, 13.525, 13.800,  0.000, 14.825, 13.525,  1.300,  0.800,  0.801,  0.800,0.00000,  0.000,
mon_rep231013,2023-10-13T10:39:08, 40.466,  0.400,1,0,247, 25.000, 14.525,  0.000,-23.077, 13.525, 13.800,  0.000, 14.825, 13.525,  1.300,  0.800,  0.801,  0.800,0.00000,  0.000,
mon_rep231013,2023-10-13T10:39:08, 40.866,  0.400,1,0,247, 25.000, 14.525,  0.000,-23.077, 13.525, 13.800,  0.000, 14.825, 13.525,  1.300,  0.800,  0.801,  0.800,0.00000,  0.000,
mon_rep231013,2023-10-13T10:39:09, 41.266,  0.400,1,0,247, 25.000, 14.525,  0.000,-23.077, 13.525, 13.800,  0.000, 14.825, 13.525,  1.300,  0.800,  0.801,  0.800,0.00000,  0.000,
mon_rep231013,2023-10-13T10:39:09, 41.666,  0.400,1,0,247, 25.000, 14.525,  0.000,-23.077, 13.525, 13.800,  0.000, 14.825, 13.525,  1.300,  0.800,  0.801,  0.800,0.00000,  0.000,
mon_rep231013,2023-10-13T10:39:10, 42.066,  0.400,1,0,247, 25.000, 14.525,  0.000,-23.077, 13.525, 13.800,  0.000, 14.825, 13.525,  1.300,  0.800,  0.801,  0.800,0.00000,  0.000,
mon_rep231013,2023-10-13T10:39:10, 42.466,  0.400,1,0,247, 25.000, 14.525,  0.000,-23.077, 13.525, 13.800,  0.000, 14.825, 13.525,  1.300,  0.800,  0.801,  0.800,0.00000,  0.000,
mon_rep231013,2023-10-13T10:39:10, 42.866,  0.400,1,0,247, 25.000, 14.525,  0.000,-23.077, 13.525, 13.800,  0.000, 14.825, 13.525,  1.300,  0.800,  0.801,  0.800,0.00000,  0.000,
mon_rep231013,2023-10-13T10:39:11, 43.266,  0.400,1,0,247, 25.000, 14.525,  0.000,-23.077, 13.525, 13.800,  0.000, 14.825, 13.525,  1.300,  0.800,  0.802,  0.800,0.00000,  0.000,
mon_rep231013,2023-10-13T10:39:11, 43.666,  0.400,1,0,247, 25.000, 14.525,  0.000,-23.077, 13.525, 13.800,  0.000, 14.825, 13.525,  1.300,  0.800,  0.802,  0.800,0.00000,  0.000,
mon_rep231013,2023-10-13T10:39:12, 44.066,  0.400,1,0,247, 25.000, 14.525,  0.000,-23.077, 13.525, 13.800,  0.000, 14.825, 13.525,  1.300,  0.800,  0.802,  0.800,0.00000,  0.000,
mon_rep231013,2023-10-13T10:39:12, 44.466,  0.400,1,0,247, 25.000, 14.525,  0.000,-23.077, 13.525, 13.800,  0.000, 14.825, 13.525,  1.300,  0.800,  0.802,  0.800,0.00000,  0.000,
mon_rep231013,2023-10-13T10:39:12, 44.866,  0.400,1,0,247, 25.000, 14.525,  0.000,-23.077, 13.525, 13.800,  0.000, 14.825, 13.525,  1.300,  0.800,  0.802,  0.800,0.00000,  0.000,
mon_rep231013,2023-10-13T10:39:13, 45.266,  0.400,1,0,247, 25.000, 14.525,  0.000,-23.077, 13.525, 13.800,  0.000, 14.825, 13.525,  1.300,  0.800,  0.802,  0.800,0.00000,  0.000,
mon_rep231013,2023-10-13T10:39:13, 45.666,  0.400,1,0,247, 25.000, 14.525,  0.000,-23.077, 13.525, 13.800,  0.000, 14.825, 13.525,  1.300,  0.800,  0.802,  0.800,0.00000,  0.000,
mon_rep231013,2023-10-13T10:39:14, 46.066,  0.400,1,0,247, 25.000, 14.525,  0.000,-23.077, 13.525, 13.800,  0.000, 14.825, 13.525,  1.300,  0.800,  0.802,  0.800,0.00000,  0.000,
mon_rep231013,2023-10-13T10:39:14, 46.466,  0.400,1,0,247, 25.000, 14.525,  0.000,-23.077, 13.525, 13.800,  0.000, 14.825, 13.525,  1.300,  0.800,  0.802,  0.800,0.00000,  0.000,
mon_rep231013,2023-10-13T10:39:14, 46.866,  0.400,1,0,247, 25.000, 14.525,  0.000,-23.077, 13.525, 13.800,  0.000, 14.825, 13.525,  1.300,  0.800,  0.802,  0.800,0.00000,  0.000,
mon_rep231013,2023-10-13T10:39:15, 47.266,  0.400,1,0,247, 25.000, 14.525,  0.000,-23.077, 13.525, 13.800,  0.000, 14.825, 13.526,  1.299,  0.800,  0.802,  0.800,0.00000,  0.000,
mon_rep231013,2023-10-13T10:39:15, 47.666,  0.400,1,0,247, 25.000, 14.525,  0.000,-23.077, 13.525, 13.800,  0.000, 14.825, 13.526,  1.299,  0.800,  0.802,  0.800,0.00000,  0.000,
mon_rep231013,2023-10-13T10:39:16, 48.066,  0.400,1,0,247, 25.000, 14.525,  0.000,-23.077, 13.525, 13.800,  0.000, 14.825, 13.526,  1.299,  0.800,  0.802,  0.800,0.00000,  0.000,
mon_rep231013,2023-10-13T10:39:16, 48.466,  0.400,1,0,247, 25.000, 14.525,  0.000,-23.077, 13.525, 13.800,  0.000, 14.825, 13.526,  1.299,  0.800,  0.802,  0.800,0.00000,  0.000,
mon_rep231013,2023-10-13T10:39:16, 48.866,  0.400,1,0,247, 25.000, 14.525,  0.000,-23.077, 13.525, 13.800,  0.000, 14.825, 13.526,  1.299,  0.800,  0.802,  0.800,0.00000,  0.000,
mon_rep231013,2023-10-13T10:39:17, 49.266,  0.400,1,0,247, 25.000, 14.525,  0.000,-23.077, 13.525, 13.800,  0.000, 14.825, 13.526,  1.299,  0.800,  0.802,  0.800,0.00000,  0.000,
mon_rep231013,2023-10-13T10:39:17, 49.666,  0.400,1,0,247, 25.000, 14.525,  0.000,-23.077, 13.525, 13.800,  0.000, 14.825, 13.526,  1.299,  0.800,  0.802,  0.800,0.00000,  0.000,
mon_rep231013,2023-10-13T10:39:18, 50.066,  0.400,1,0,247, 25.000, 14.525,  0.000,-23.077, 13.525, 13.800,  0.000, 14.825, 13.526,  1.299,  0.800,  0.802,  0.800,0.00000,  0.000,
mon_rep231013,2023-10-13T10:39:18, 50.466,  0.400,1,0,247, 25.000, 14.525,  0.000,-23.077, 13.525, 13.800,  0.000, 14.825, 13.526,  1.299,  0.800,  0.802,  0.800,0.00000,  0.000,
mon_rep231013,2023-10-13T10:39:18, 50.866,  0.400,1,0,247, 25.000, 14.525,  0.000,-23.077, 13.525, 13.800,  0.000, 14.825, 13.526,  1.299,  0.800,  0.802,  0.800,0.00000,  0.000,
mon_rep231013,2023-10-13T10:39:19, 51.266,  0.400,1,0,247, 25.000, 14.525,  0.000,-23.077, 13.525, 13.800,  0.000, 14.825, 13.526,  1.299,  0.800,  0.802,  0.800,0.00000,  0.000,
mon_rep231013,2023-10-13T10:39:19, 51.666,  0.400,1,0,247, 25.000, 14.525,  0.000,-23.077, 13.525, 13.800,  0.000, 14.825, 13.526,  1.299,  0.800,  0.802,  0.800,0.00000,  0.000,
mon_rep231013,2023-10-13T10:39:20, 52.066,  0.400,1,0,247, 25.000, 14.525,  0.000,-23.077, 13.525, 13.800,  0.000, 14.825, 13.526,  1.299,  0.800,  0.802,  0.800,0.00000,  0.000,
mon_rep231013,2023-10-13T10:39:20, 52.466,  0.400,1,0,247, 25.000, 14.525,  0.000,-23.077, 13.525, 13.800,  0.000, 14.825, 13.526,  1.299,  0.800,  0.802,  0.800,0.00000,  0.000,
mon_rep231013,2023-10-13T10:39:20, 52.866,  0.400,1,0,247, 25.000, 14.525,  0.000,-23.077, 13.525, 13.800,  0.000, 14.825, 13.526,  1.299,  0.800,  0.802,  0.800,0.00000,  0.000,
mon_rep231013,2023-10-13T10:39:21, 53.266,  0.400,1,0,247, 25.000, 14.525,  0.000,-23.077, 13.525, 13.800,  0.000, 14.825, 13.526,  1.299,  0.800,  0.802,  0.800,0.00000,  0.000,
mon_rep231013,2023-10-13T10:39:21, 53.666,  0.400,1,0,247, 25.000, 14.525,  0.000,-23.077, 13.525, 13.800,  0.000, 14.825, 13.526,  1.299,  0.800,  0.802,  0.800,0.00000,  0.000,
mon_rep231013,2023-10-13T10:39:22, 54.066,  0.400,1,0,247, 25.000, 14.525,  0.000,-23.077, 13.525, 13.800,  0.000, 14.825, 13.526,  1.299,  0.800,  0.802,  0.800,0.00000,  0.000,
mon_rep231013,2023-10-13T10:39:22, 54.466,  0.400,1,0,247, 25.000, 14.525,  0.000,-23.077, 13.525, 13.800,  0.000, 14.825, 13.526,  1.299,  0.800,  0.802,  0.800,0.00000,  0.000,
mon_rep231013,2023-10-13T10:39:22, 54.866,  0.400,1,0,247, 25.000, 14.525,  0.000,-23.077, 13.525, 13.800,  0.000, 14.825, 13.526,  1.299,  0.800,  0.802,  0.800,0.00000,  0.000,
mon_rep231013,2023-10-13T10:39:23, 55.266,  0.400,1,0,247, 25.000, 14.525,  0.000,-23.077, 13.525, 13.800,  0.000, 14.825, 13.526,  1.299,  0.800,  0.802,  0.800,0.00000,  0.000,
mon_rep231013,2023-10-13T10:39:23, 55.666,  0.400,1,0,247, 25.000, 14.525,  0.000,-23.077, 13.525, 13.800,  0.000, 14.825, 13.526,  1.299,  0.800,  0.802,  0.800,0.00000,  0.000,
mon_rep231013,2023-10-13T10:39:24, 56.066,  0.400,1,0,247, 25.000, 14.525,  0.000,-23.077, 13.525, 13.800,  0.000, 14.825, 13.526,  1.299,  0.800,  0.802,  0.800,0.00000,  0.000,
mon_rep231013,2023-10-13T10:39:24, 56.466,  0.400,1,0,247, 25.000, 14.525,  0.000,-23.077, 13.525, 13.800,  0.000, 14.825, 13.526,  1.299,  0.800,  0.802,  0.800,0.00000,  0.000,
mon_rep231013,2023-10-13T10:39:24, 56.866,  0.400,1,0,247, 25.000, 14.525,  0.000,-23.077, 13.525, 13.800,  0.000, 14.825, 13.526,  1.299,  0.800,  0.802,  0.800,0.00000,  0.000,
mon_rep231013,2023-10-13T10:39:25, 57.266,  0.400,1,0,247, 25.000, 14.525,  0.000,-23.077, 13.525, 13.800,  0.000, 14.825, 13.526,  1.299,  0.800,  0.803,  0.800,0.00000,  0.000,
mon_rep231013,2023-10-13T10:39:25, 57.666,  0.400,1,0,247, 25.000, 14.525,  0.000,-23.077, 13.525, 13.800,  0.000, 14.825, 13.526,  1.299,  0.800,  0.803,  0.800,0.00000,  0.000,
mon_rep231013,2023-10-13T10:39:26, 58.066,  0.400,1,0,247, 25.000, 14.525,  0.000,-23.077, 13.525, 13.800,  0.000, 14.825, 13.526,  1.299,  0.800,  0.803,  0.800,0.00000,  0.000,
mon_rep231013,2023-10-13T10:39:26, 58.466,  0.400,1,0,247, 25.000, 14.525,  0.000,-23.077, 13.525, 13.800,  0.000, 14.825, 13.526,  1.299,  0.800,  0.803,  0.800,0.00000,  0.000,
mon_rep231013,2023-10-13T10:39:26, 58.866,  0.400,1,0,247, 25.000, 14.525,  0.000,-23.077, 13.525, 13.800,  0.000, 14.825, 13.526,  1.299,  0.800,  0.803,  0.800,0.00000,  0.000,
mon_rep231013,2023-10-13T10:39:27, 59.266,  0.400,1,0,247, 25.000, 14.525,  0.000,-23.077, 13.525, 13.800,  0.000, 14.825, 13.526,  1.299,  0.800,  0.803,  0.800,0.00000,  0.000,
mon_rep231013,2023-10-13T10:39:27, 59.666,  0.400,1,0,247, 25.000, 14.525,  0.000,-23.077, 13.525, 13.800,  0.000, 14.825, 13.526,  1.299,  0.800,  0.803,  0.800,0.00000,  0.000,
mon_rep231013,2023-10-13T10:39:28, 60.066,  0.400,1,0,247, 25.000, 14.525,  0.000,-23.077, 13.525, 13.800,  0.000, 14.825, 13.526,  1.299,  0.800,  0.803,  0.800,0.00000,  0.000,
mon_rep231013,2023-10-13T10:39:28, 60.466,  0.400,1,0,247, 25.000, 14.525,  0.000,-23.077, 13.525, 13.800,  0.000, 14.825, 13.526,  1.299,  0.800,  0.803,  0.800,0.00000,  0.000,
mon_rep231013,2023-10-13T10:39:28, 60.866,  0.400,1,0,247, 25.000, 14.525,  0.000,-23.077, 13.525, 13.800,  0.000, 14.825, 13.526,  1.299,  0.800,  0.803,  0.800,0.00000,  0.000,
mon_rep231013,2023-10-13T10:39:29, 61.266,  0.400,1,0,247, 25.000, 14.525,  0.000,-23.077, 13.525, 13.800,  0.000, 14.825, 13.526,  1.299,  0.800,  0.803,  0.800,0.00000,  0.000,
mon_rep231013,2023-10-13T10:39:29, 61.666,  0.400,1,0,247, 25.000, 14.525,  0.000,-23.077, 13.525, 13.800,  0.000, 14.825, 13.526,  1.299,  0.800,  0.803,  0.800,0.00000,  0.000,
mon_rep231013,2023-10-13T10:39:30, 62.066,  0.400,1,0,247, 25.000, 14.525,  0.000,-23.077, 13.525, 13.800,  0.000, 14.825, 13.526,  1.299,  0.800,  0.803,  0.800,0.00000,  0.000,
mon_rep231013,2023-10-13T10:39:30, 62.466,  0.400,1,0,247, 25.000, 14.525,  0.000,-23.077, 13.525, 13.800,  0.000, 14.825, 13.526,  1.299,  0.800,  0.803,  0.800,0.00000,  0.000,
mon_rep231013,2023-10-13T10:39:30, 62.866,  0.400,1,0,247, 25.000, 14.525,  0.000,-23.077, 13.525, 13.800,  0.000, 14.825, 13.526,  1.299,  0.800,  0.803,  0.800,0.00000,  0.000,
mon_rep231013,2023-10-13T10:39:31, 63.266,  0.400,1,0,247, 25.000, 14.525,  0.000,-23.077, 13.525, 13.800,  0.000, 14.825, 13.526,  1.299,  0.800,  0.803,  0.800,0.00000,  0.000,
mon_rep231013,2023-10-13T10:39:31, 63.666,  0.400,1,0,247, 25.000, 14.525,  0.000,-23.077, 13.525, 13.800,  0.000, 14.825, 13.526,  1.299,  0.800,  0.803,  0.800,0.00000,  0.000,
mon_rep231013,2023-10-13T10:39:32, 64.066,  0.400,1,0,247, 25.000, 14.525,  0.000,-23.077, 13.525, 13.800,  0.000, 14.825, 13.526,  1.299,  0.800,  0.803,  0.800,0.00000,  0.000,
mon_rep231013,2023-10-13T10:39:32, 64.466,  0.400,1,0,247, 25.000, 14.525,  0.000,-23.077, 13.525, 13.800,  0.000, 14.825, 13.526,  1.299,  0.800,  0.803,  0.800,0.00000,  0.000,
mon_rep231013,2023-10-13T10:39:32, 64.866,  0.400,1,0,247, 25.000, 14.525,  0.000,-23.077, 13.525, 13.800,  0.000, 14.825, 13.526,  1.299,  0.800,  0.803,  0.800,0.00000,  0.000,
mon_rep231013,2023-10-13T10:39:33, 65.266,  0.400,1,0,247, 25.000, 14.525,  0.000,-23.077, 13.525, 13.800,  0.000, 14.825, 13.526,  1.299,  0.800,  0.803,  0.800,0.00000,  0.000,
mon_rep231013,2023-10-13T10:39:33, 65.666,  0.400,1,0,247, 25.000, 14.525,  0.000,-23.077, 13.525, 13.800,  0.000, 14.825, 13.526,  1.299,  0.800,  0.803,  0.800,0.00000,  0.000,
mon_rep231013,2023-10-13T10:39:34, 66.066,  0.400,1,0,247, 25.000, 14.525,  0.000,-23.077, 13.525, 13.800,  0.000, 14.825, 13.526,  1.299,  0.800,  0.803,  0.800,0.00000,  0.000,
mon_rep231013,2023-10-13T10:39:34, 66.466,  0.400,1,0,247, 25.000, 14.525,  0.000,-23.077, 13.525, 13.800,  0.000, 14.825, 13.526,  1.299,  0.800,  0.803,  0.800,0.00000,  0.000,
mon_rep231013,2023-10-13T10:39:34, 66.866,  0.400,1,0,247, 25.000, 14.525,  0.000,-23.077, 13.525, 13.800,  0.000, 14.825, 13.526,  1.299,  0.800,  0.803,  0.800,0.00000,  0.000,
mon_rep231013,2023-10-13T10:39:35, 67.266,  0.400,1,0,247, 25.000, 14.525,  0.000,-23.077, 13.525, 13.800,  0.000, 14.825, 13.526,  1.299,  0.800,  0.804,  0.800,0.00000,  0.000,
mon_rep231013,2023-10-13T10:39:35, 67.666,  0.400,1,0,247, 25.000, 14.525,  0.000,-23.077, 13.525, 13.800,  0.000, 14.825, 13.526,  1.299,  0.800,  0.804,  0.800,0.00000,  0.000,
mon_rep231013,2023-10-13T10:39:36, 68.066,  0.400,1,0,247, 25.000, 14.525,  0.000,-23.077, 13.525, 13.800,  0.000, 14.825, 13.526,  1.299,  0.800,  0.804,  0.800,0.00000,  0.000,
mon_rep231013,2023-10-13T10:39:36, 68.466,  0.400,1,0,247, 25.000, 14.525,  0.000,-23.077, 13.525, 13.800,  0.000, 14.825, 13.526,  1.299,  0.800,  0.804,  0.800,0.00000,  0.000,
mon_rep231013,2023-10-13T10:39:36, 68.866,  0.400,1,0,247, 25.000, 14.525,  0.000,-23.077, 13.525, 13.800,  0.000, 14.825, 13.526,  1.299,  0.800,  0.804,  0.800,0.00000,  0.000,
mon_rep231013,2023-10-13T10:39:37, 69.266,  0.400,1,0,247, 25.000, 14.525,  0.000,-23.077, 13.525, 13.800,  0.000, 14.825, 13.526,  1.299,  0.800,  0.804,  0.800,0.00000,  0.000,
mon_rep231013,2023-10-13T10:39:37, 69.666,  0.400,1,0,247, 25.000, 14.525,  0.000,-23.077, 13.525, 13.800,  0.000, 14.825, 13.526,  1.299,  0.800,  0.804,  0.800,0.00000,  0.000,
mon_rep231013,2023-10-13T10:39:38, 70.066,  0.400,1,0,247, 25.000, 14.525,  0.000,-23.077, 13.525, 13.800,  0.000, 14.825, 13.526,  1.299,  0.800,  0.804,  0.800,0.00000,  0.000,
mon_rep231013,2023-10-13T10:39:38, 70.466,  0.400,1,0,247, 25.000, 14.525,  0.000,-23.077, 13.525, 13.800,  0.000, 14.825, 13.526,  1.299,  0.800,  0.804,  0.800,0.00000,  0.000,
mon_rep231013,2023-10-13T10:39:38, 70.866,  0.400,1,0,247, 25.000, 14.525,  0.000,-23.077, 13.525, 13.800,  0.000, 14.825, 13.526,  1.299,  0.800,  0.804,  0.800,0.00000,  0.000,
mon_rep231013,2023-10-13T10:39:39, 71.266,  0.400,1,0,247, 25.000, 14.525,  0.000,-23.077, 13.525, 13.800,  0.000, 14.825, 13.526,  1.299,  0.800,  0.804,  0.800,0.00000,  0.000,
mon_rep231013,2023-10-13T10:39:39, 71.666,  0.400,1,0,247, 25.000, 14.525,  0.000,-23.077, 13.525, 13.800,  0.000, 14.825, 13.526,  1.299,  0.800,  0.804,  0.800,0.00000,  0.000,
mon_rep231013,2023-10-13T10:39:40, 72.066,  0.400,1,0,247, 25.000, 14.525,  0.000,-23.077, 13.525, 13.800,  0.000, 14.825, 13.526,  1.299,  0.800,  0.804,  0.800,0.00000,  0.000,
mon_rep231013,2023-10-13T10:39:40, 72.466,  0.400,1,0,247, 25.000, 14.525,  0.000,-23.077, 13.525, 13.800,  0.000, 14.825, 13.526,  1.299,  0.800,  0.804,  0.800,0.00000,  0.000,
mon_rep231013,2023-10-13T10:39:40, 72.866,  0.400,1,0,247, 25.000, 14.525,  0.000,-23.077, 13.525, 13.800,  0.000, 14.825, 13.526,  1.299,  0.800,  0.804,  0.800,0.00000,  0.000,
mon_rep231013,2023-10-13T10:39:41, 73.266,  0.400,1,0,247, 25.000, 14.525,  0.000,-23.077, 13.525, 13.800,  0.000, 14.825, 13.526,  1.299,  0.800,  0.804,  0.800,0.00000,  0.000,
mon_rep231013,2023-10-13T10:39:41, 73.666,  0.400,1,0,247, 25.000, 14.525,  0.000,-23.077, 13.525, 13.800,  0.000, 14.825, 13.526,  1.299,  0.800,  0.804,  0.800,0.00000,  0.000,
mon_rep231013,2023-10-13T10:39:42, 74.066,  0.400,1,0,247, 25.000, 14.525,  0.000,-23.077, 13.525, 13.800,  0.000, 14.825, 13.526,  1.299,  0.800,  0.804,  0.800,0.00000,  0.000,
mon_rep231013,2023-10-13T10:39:42, 74.466,  0.400,1,0,247, 25.000, 14.525,  0.000,-23.077, 13.525, 13.800,  0.000, 14.825, 13.526,  1.299,  0.800,  0.804,  0.800,0.00000,  0.000,
mon_rep231013,2023-10-13T10:39:42, 74.866,  0.400,1,0,247, 25.000, 14.525,  0.000,-23.077, 13.525, 13.800,  0.000, 14.825, 13.526,  1.299,  0.800,  0.804,  0.800,0.00000,  0.000,
mon_rep231013,2023-10-13T10:39:43, 75.266,  0.400,1,0,247, 25.000, 14.525,  0.000,-23.077, 13.525, 13.800,  0.000, 14.825, 13.526,  1.299,  0.800,  0.804,  0.800,0.00000,  0.000,
mon_rep231013,2023-10-13T10:39:43, 75.666,  0.400,1,0,247, 25.000, 14.525,  0.000,-23.077, 13.525, 13.800,  0.000, 14.825, 13.526,  1.299,  0.800,  0.804,  0.800,0.00000,  0.000,
mon_rep231013,2023-10-13T10:39:44, 76.066,  0.400,1,0,247, 25.000, 14.525,  0.000,-23.077, 13.525, 13.800,  0.000, 14.825, 13.526,  1.299,  0.800,  0.804,  0.800,0.00000,  0.000,
mon_rep231013,2023-10-13T10:39:44, 76.466,  0.400,1,0,247, 25.000, 14.525,  0.000,-23.077, 13.525, 13.800,  0.000, 14.825, 13.526,  1.299,  0.800,  0.804,  0.800,0.00000,  0.000,
mon_rep231013,2023-10-13T10:39:44, 76.866,  0.400,1,0,247, 25.000, 14.525,  0.000,-23.077, 13.525, 13.800,  0.000, 14.825, 13.526,  1.299,  0.800,  0.804,  0.800,0.00000,  0.000,
mon_rep231013,2023-10-13T10:39:45, 77.266,  0.400,1,0,247, 25.000, 14.525,  0.000,-23.077, 13.525, 13.800,  0.000, 14.825, 13.526,  1.299,  0.800,  0.805,  0.800,0.00000,  0.000,
mon_rep231013,2023-10-13T10:39:45, 77.666,  0.400,1,0,247, 25.000, 14.525,  0.000,-23.077, 13.525, 13.800,  0.000, 14.825, 13.526,  1.299,  0.800,  0.805,  0.800,0.00000,  0.000,
mon_rep231013,2023-10-13T10:39:46, 78.066,  0.400,1,0,247, 25.000, 14.525,  0.000,-23.077, 13.525, 13.800,  0.000, 14.825, 13.526,  1.299,  0.800,  0.805,  0.800,0.00000,  0.000,
mon_rep231013,2023-10-13T10:39:46, 78.466,  0.400,1,0,247, 25.000, 14.525,  0.000,-23.077, 13.525, 13.800,  0.000, 14.825, 13.526,  1.299,  0.800,  0.805,  0.800,0.00000,  0.000,
mon_rep231013,2023-10-13T10:39:46, 78.866,  0.400,1,0,247, 25.000, 14.525,  0.000,-23.077, 13.525, 13.800,  0.000, 14.825, 13.526,  1.299,  0.800,  0.805,  0.800,0.00000,  0.000,
mon_rep231013,2023-10-13T10:39:47, 79.266,  0.400,1,0,247, 25.000, 14.525,  0.000,-23.077, 13.525, 13.800,  0.000, 14.825, 13.526,  1.299,  0.800,  0.805,  0.800,0.00000,  0.000,
mon_rep231013,2023-10-13T10:39:47, 79.666,  0.400,1,0,247, 25.000, 14.525,  0.000,-23.077, 13.525, 13.800,  0.000, 14.825, 13.526,  1.299,  0.800,  0.805,  0.800,0.00000,  0.000,
mon_rep231013,2023-10-13T10:39:48, 80.066,  0.400,1,0,247, 25.000, 14.525,  0.000,-23.077, 13.525, 13.800,  0.000, 14.825, 13.526,  1.299,  0.800,  0.805,  0.800,0.00000,  0.000,
mon_rep231013,2023-10-13T10:39:48, 80.466,  0.400,1,0,247, 25.000, 14.525,  0.000,-23.077, 13.525, 13.800,  0.000, 14.825, 13.526,  1.299,  0.800,  0.805,  0.800,0.00000,  0.000,
mon_rep231013,2023-10-13T10:39:48, 80.866,  0.400,1,0,247, 25.000, 14.525,  0.000,-23.077, 13.525, 13.800,  0.000, 14.825, 13.526,  1.299,  0.800,  0.805,  0.800,0.00000,  0.000,
mon_rep231013,2023-10-13T10:39:49, 81.266,  0.400,1,0,247, 25.000, 14.525,  0.000,-23.077, 13.525, 13.800,  0.000, 14.825, 13.526,  1.299,  0.800,  0.805,  0.800,0.00000,  0.000,
mon_rep231013,2023-10-13T10:39:49, 81.666,  0.400,1,0,247, 25.000, 14.525,  0.000,-23.077, 13.525, 13.800,  0.000, 14.825, 13.526,  1.299,  0.800,  0.805,  0.800,0.00000,  0.000,
mon_rep231013,2023-10-13T10:39:50, 82.066,  0.400,1,0,247, 25.000, 14.525,  0.000,-23.077, 13.525, 13.800,  0.000, 14.825, 13.526,  1.299,  0.800,  0.805,  0.800,0.00000,  0.000,
mon_rep231013,2023-10-13T10:39:50, 82.466,  0.400,1,0,247, 25.000, 14.525,  0.000,-23.077, 13.525, 13.800,  0.000, 14.825, 13.526,  1.299,  0.800,  0.805,  0.800,0.00000,  0.000,
mon_rep231013,2023-10-13T10:39:50, 82.866,  0.400,1,0,247, 25.000, 14.525,  0.000,-23.077, 13.525, 13.800,  0.000, 14.825, 13.526,  1.299,  0.800,  0.805,  0.800,0.00000,  0.000,
mon_rep231013,2023-10-13T10:39:51, 83.266,  0.400,1,0,247, 25.000, 14.525,  0.000,-23.077, 13.525, 13.800,  0.000, 14.825, 13.526,  1.299,  0.800,  0.805,  0.800,0.00000,  0.000,
mon_rep231013,2023-10-13T10:39:51, 83.666,  0.400,1,0,247, 25.000, 14.525,  0.000,-23.077, 13.525, 13.800,  0.000, 14.825, 13.526,  1.299,  0.800,  0.805,  0.800,0.00000,  0.000,
mon_rep231013,2023-10-13T10:39:52, 84.066,  0.400,1,0,247, 25.000, 14.525,  0.000,-23.077, 13.525, 13.800,  0.000, 14.825, 13.526,  1.299,  0.800,  0.805,  0.800,0.00000,  0.000,
mon_rep231013,2023-10-13T10:39:52, 84.466,  0.400,1,0,247, 25.000, 14.525,  0.000,-23.077, 13.525, 13.800,  0.000, 14.825, 13.526,  1.299,  0.800,  0.805,  0.800,0.00000,  0.000,
mon_rep231013,2023-10-13T10:39:52, 84.866,  0.400,1,0,247, 25.000, 14.525,  0.000,-23.077, 13.525, 13.800,  0.000, 14.825, 13.526,  1.299,  0.800,  0.805,  0.800,0.00000,  0.000,
mon_rep231013,2023-10-13T10:39:53, 85.266,  0.400,1,0,247, 25.000, 14.525,  0.000,-23.077, 13.525, 13.800,  0.000, 14.825, 13.527,  1.298,  0.800,  0.805,  0.800,0.00000,  0.000,
mon_rep231013,2023-10-13T10:39:53, 85.666,  0.400,1,0,247, 25.000, 14.525,  0.000,-23.077, 13.525, 13.800,  0.000, 14.825, 13.527,  1.298,  0.800,  0.805,  0.800,0.00000,  0.000,
mon_rep231013,2023-10-13T10:39:54, 86.066,  0.400,1,0,247, 25.000, 14.525,  0.000,-23.077, 13.525, 13.800,  0.000, 14.825, 13.527,  1.298,  0.800,  0.805,  0.800,0.00000,  0.000,
mon_rep231013,2023-10-13T10:39:54, 86.466,  0.400,1,0,247, 25.000, 14.525,  0.000,-23.077, 13.525, 13.800,  0.000, 14.825, 13.527,  1.298,  0.800,  0.805,  0.800,0.00000,  0.000,
mon_rep231013,2023-10-13T10:39:54, 86.866,  0.400,1,0,247, 25.000, 14.525,  0.000,-23.077, 13.525, 13.800,  0.000, 14.825, 13.527,  1.298,  0.800,  0.805,  0.800,0.00000,  0.000,
mon_rep231013,2023-10-13T10:39:55, 87.266,  0.400,1,0,247, 25.000, 14.525,  0.000,-23.077, 13.525, 13.800,  0.000, 14.825, 13.527,  1.298,  0.800,  0.806,  0.800,0.00000,  0.000,
mon_rep231013,2023-10-13T10:39:55, 87.666,  0.400,1,0,247, 25.000, 14.525,  0.000,-23.077, 13.525, 13.800,  0.000, 14.825, 13.527,  1.298,  0.800,  0.806,  0.800,0.00000,  0.000,
mon_rep231013,2023-10-13T10:39:56, 88.066,  0.400,1,0,247, 25.000, 14.525,  0.000,-23.077, 13.525, 13.800,  0.000, 14.825, 13.527,  1.298,  0.800,  0.806,  0.800,0.00000,  0.000,
mon_rep231013,2023-10-13T10:39:56, 88.466,  0.400,1,0,247, 25.000, 14.525,  0.000,-23.077, 13.525, 13.800,  0.000, 14.825, 13.527,  1.298,  0.800,  0.806,  0.800,0.00000,  0.000,
mon_rep231013,2023-10-13T10:39:56, 88.866,  0.400,1,0,247, 25.000, 14.525,  0.000,-23.077, 13.525, 13.800,  0.000, 14.825, 13.527,  1.298,  0.800,  0.806,  0.800,0.00000,  0.000,
mon_rep231013,2023-10-13T10:39:57, 89.266,  0.400,1,0,247, 25.000, 14.525,  0.000,-23.077, 13.525, 13.800,  0.000, 14.825, 13.527,  1.298,  0.800,  0.806,  0.800,0.00000,  0.000,
mon_rep231013,2023-10-13T10:39:57, 89.666,  0.400,1,0,247, 25.000, 14.525,  0.000,-23.077, 13.525, 13.800,  0.000, 14.825, 13.527,  1.298,  0.800,  0.806,  0.800,0.00000,  0.000,
mon_rep231013,2023-10-13T10:39:58, 90.066,  0.400,1,0,247, 25.000, 14.525,  0.000,-23.077, 13.525, 13.800,  0.000, 14.825, 13.527,  1.298,  0.800,  0.806,  0.800,0.00000,  0.000,
mon_rep231013,2023-10-13T10:39:58, 90.466,  0.400,1,0,247, 25.000, 14.525,  0.000,-23.077, 13.525, 13.800,  0.000, 14.825, 13.527,  1.298,  0.800,  0.806,  0.800,0.00000,  0.000,
mon_rep231013,2023-10-13T10:39:58, 90.866,  0.400,1,0,247, 25.000, 14.525,  0.000,-23.077, 13.525, 13.800,  0.000, 14.825, 13.527,  1.298,  0.800,  0.806,  0.800,0.00000,  0.000,
mon_rep231013,2023-10-13T10:39:59, 91.266,  0.400,1,0,247, 25.000, 14.525,  0.000,-23.077, 13.525, 13.800,  0.000, 14.825, 13.527,  1.298,  0.800,  0.806,  0.800,0.00000,  0.000,
mon_rep231013,2023-10-13T10:39:59, 91.666,  0.400,1,0,247, 25.000, 14.525,  0.000,-23.077, 13.525, 13.800,  0.000, 14.825, 13.527,  1.298,  0.800,  0.806,  0.800,0.00000,  0.000,
mon_rep231013,2023-10-13T10:40:00, 92.066,  0.400,1,0,247, 25.000, 14.525,  0.000,-23.077, 13.525, 13.800,  0.000, 14.825, 13.527,  1.298,  0.800,  0.806,  0.800,0.00000,  0.000,
mon_rep231013,2023-10-13T10:40:00, 92.466,  0.400,1,0,247, 25.000, 14.525,  0.000,-23.077, 13.525, 13.800,  0.000, 14.825, 13.527,  1.298,  0.800,  0.806,  0.800,0.00000,  0.000,
mon_rep231013,2023-10-13T10:40:00, 92.866,  0.400,1,0,247, 25.000, 14.525,  0.000,-23.077, 13.525, 13.800,  0.000, 14.825, 13.527,  1.298,  0.800,  0.806,  0.800,0.00000,  0.000,
mon_rep231013,2023-10-13T10:40:01, 93.266,  0.400,1,0,247, 25.000, 14.525,  0.000,-23.077, 13.525, 13.800,  0.000, 14.825, 13.527,  1.298,  0.800,  0.806,  0.800,0.00000,  0.000,
mon_rep231013,2023-10-13T10:40:01, 93.666,  0.400,1,0,247, 25.000, 14.525,  0.000,-23.077, 13.525, 13.800,  0.000, 14.825, 13.527,  1.298,  0.800,  0.806,  0.800,0.00000,  0.000,
mon_rep231013,2023-10-13T10:40:02, 94.066,  0.400,1,0,247, 25.000, 14.525,  0.000,-23.077, 13.525, 13.800,  0.000, 14.825, 13.527,  1.298,  0.800,  0.806,  0.800,0.00000,  0.000,
mon_rep231013,2023-10-13T10:40:02, 94.466,  0.400,1,0,247, 25.000, 14.525,  0.000,-23.077, 13.525, 13.800,  0.000, 14.825, 13.527,  1.298,  0.800,  0.806,  0.800,0.00000,  0.000,
mon_rep231013,2023-10-13T10:40:02, 94.866,  0.400,1,0,247, 25.000, 14.525,  0.000,-23.077, 13.525, 13.800,  0.000, 14.825, 13.527,  1.298,  0.800,  0.806,  0.800,0.00000,  0.000,
mon_rep231013,2023-10-13T10:40:03, 95.266,  0.400,1,0,247, 25.000, 14.525,  0.000,-23.077, 13.525, 13.800,  0.000, 14.825, 13.527,  1.298,  0.800,  0.807,  0.800,0.00000,  0.000,
mon_rep231013,2023-10-13T10:40:03, 95.666,  0.400,1,0,247, 25.000, 14.525,  0.000,-23.077, 13.525, 13.800,  0.000, 14.825, 13.527,  1.298,  0.800,  0.807,  0.800,0.00000,  0.000,
mon_rep231013,2023-10-13T10:40:04, 96.066,  0.400,1,0,247, 25.000, 14.525,  0.000,-23.077, 13.525, 13.800,  0.000, 14.825, 13.527,  1.298,  0.800,  0.807,  0.800,0.00000,  0.000,
mon_rep231013,2023-10-13T10:40:04, 96.466,  0.400,1,0,247, 25.000, 14.525,  0.000,-23.077, 13.525, 13.800,  0.000, 14.825, 13.527,  1.298,  0.800,  0.807,  0.800,0.00000,  0.000,
mon_rep231013,2023-10-13T10:40:04, 96.866,  0.400,1,0,247, 25.000, 14.525,  0.000,-23.077, 13.525, 13.800,  0.000, 14.825, 13.527,  1.298,  0.800,  0.807,  0.800,0.00000,  0.000,
mon_rep231013,2023-10-13T10:40:05, 97.266,  0.400,1,0,247, 25.000, 14.525,  0.000,-23.077, 13.525, 13.800,  0.000, 14.825, 13.527,  1.298,  0.800,  0.807,  0.800,0.00000,  0.000,
mon_rep231013,2023-10-13T10:40:05, 97.666,  0.400,1,0,247, 25.000, 14.525,  0.000,-23.077, 13.525, 13.800,  0.000, 14.825, 13.527,  1.298,  0.800,  0.807,  0.800,0.00000,  0.000,
mon_rep231013,2023-10-13T10:40:06, 98.066,  0.400,1,0,247, 25.000, 14.525,  0.000,-23.077, 13.525, 13.800,  0.000, 14.825, 13.527,  1.298,  0.800,  0.807,  0.800,0.00000,  0.000,
mon_rep231013,2023-10-13T10:40:06, 98.466,  0.400,1,0,247, 25.000, 14.525,  0.000,-23.077, 13.525, 13.800,  0.000, 14.825, 13.527,  1.298,  0.800,  0.807,  0.800,0.00000,  0.000,
mon_rep231013,2023-10-13T10:40:06, 98.866,  0.400,1,0,247, 25.000, 14.525,  0.000,-23.077, 13.525, 13.800,  0.000, 14.825, 13.527,  1.298,  0.800,  0.807,  0.800,0.00000,  0.000,
mon_rep231013,2023-10-13T10:40:07, 99.266,  0.400,1,0,247, 25.000, 14.525,  0.000,-23.077, 13.525, 13.800,  0.000, 14.825, 13.527,  1.298,  0.800,  0.807,  0.800,0.00000,  0.000,
mon_rep231013,2023-10-13T10:40:07, 99.666,  0.400,1,0,247, 25.000, 14.525,  0.000,-23.077, 13.525, 13.800,  0.000, 14.825, 13.527,  1.298,  0.800,  0.807,  0.800,0.00000,  0.000,
mon_rep231013,2023-10-13T10:40:08,100.066,  0.400,1,0,247, 25.000, 14.525,  0.000,-23.077, 13.525, 13.800,  0.000, 14.825, 13.527,  1.298,  0.800,  0.807,  0.800,0.00000,  0.000,
mon_rep231013,2023-10-13T10:40:08,100.466,  0.400,1,0,247, 25.000, 14.525,  0.000,-23.077, 13.525, 13.800,  0.000, 14.825, 13.527,  1.298,  0.800,  0.807,  0.800,0.00000,  0.000,
mon_rep231013,2023-10-13T10:40:08,100.866,  0.400,1,0,247, 25.000, 14.525,  0.000,-23.077, 13.525, 13.800,  0.000, 14.825, 13.527,  1.298,  0.800,  0.807,  0.800,0.00000,  0.000,
mon_rep231013,2023-10-13T10:40:09,101.266,  0.400,1,0,247, 25.000, 14.525,  0.000,-23.077, 13.525, 13.800,  0.000, 14.825, 13.527,  1.298,  0.800,  0.807,  0.800,0.00000,  0.000,
mon_rep231013,2023-10-13T10:40:09,101.666,  0.400,1,0,247, 25.000, 14.525,  0.000,-23.077, 13.525, 13.800,  0.000, 14.825, 13.527,  1.298,  0.800,  0.807,  0.800,0.00000,  0.000,
mon_rep231013,2023-10-13T10:40:10,102.066,  0.400,1,0,247, 25.000, 14.525,  0.000,-23.077, 13.525, 13.800,  0.000, 14.825, 13.527,  1.298,  0.800,  0.807,  0.800,0.00000,  0.000,
mon_rep231013,2023-10-13T10:40:10,102.466,  0.400,1,0,247, 25.000, 14.525,  0.000,-23.077, 13.525, 13.800,  0.000, 14.825, 13.527,  1.298,  0.800,  0.807,  0.800,0.00000,  0.000,
mon_rep231013,2023-10-13T10:40:10,102.866,  0.400,1,0,247, 25.000, 14.525,  0.000,-23.077, 13.525, 13.800,  0.000, 14.825, 13.527,  1.298,  0.800,  0.807,  0.800,0.00000,  0.000,
mon_rep231013,2023-10-13T10:40:11,103.266,  0.400,1,0,247, 25.000, 14.525,  0.000,-23.077, 13.525, 13.800,  0.000, 14.825, 13.527,  1.298,  0.800,  0.807,  0.800,0.00000,  0.000,
mon_rep231013,2023-10-13T10:40:11,103.666,  0.400,1,0,247, 25.000, 14.525,  0.000,-23.077, 13.525, 13.800,  0.000, 14.825, 13.527,  1.298,  0.800,  0.807,  0.800,0.00000,  0.000,
mon_rep231013,2023-10-13T10:40:12,104.066,  0.400,1,0,247, 25.000, 14.525,  0.000,-23.077, 13.525, 13.800,  0.000, 14.825, 13.527,  1.298,  0.800,  0.807,  0.800,0.00000,  0.000,
mon_rep231013,2023-10-13T10:40:12,104.466,  0.400,1,0,247, 25.000, 14.525,  0.000,-23.077, 13.525, 13.800,  0.000, 14.825, 13.527,  1.298,  0.800,  0.807,  0.800,0.00000,  0.000,
mon_rep231013,2023-10-13T10:40:12,104.866,  0.400,1,0,247, 25.000, 14.525,  0.000,-23.077, 13.525, 13.800,  0.000, 14.825, 13.527,  1.298,  0.800,  0.807,  0.800,0.00000,  0.000,
mon_rep231013,2023-10-13T10:40:13,105.266,  0.400,1,0,247, 25.000, 14.525,  0.000,-23.077, 13.525, 13.800,  0.000, 14.825, 13.527,  1.298,  0.800,  0.808,  0.800,0.00000,  0.000,
mon_rep231013,2023-10-13T10:40:13,105.666,  0.400,1,0,247, 25.000, 14.525,  0.000,-23.077, 13.525, 13.800,  0.000, 14.825, 13.527,  1.298,  0.800,  0.808,  0.800,0.00000,  0.000,
mon_rep231013,2023-10-13T10:40:14,106.066,  0.400,1,0,247, 25.000, 14.525,  0.000,-23.077, 13.525, 13.800,  0.000, 14.825, 13.527,  1.298,  0.800,  0.808,  0.800,0.00000,  0.000,
mon_rep231013,2023-10-13T10:40:14,106.466,  0.400,1,0,247, 25.000, 14.525,  0.000,-23.077, 13.525, 13.800,  0.000, 14.825, 13.527,  1.298,  0.800,  0.808,  0.800,0.00000,  0.000,
mon_rep231013,2023-10-13T10:40:14,106.866,  0.400,1,0,247, 25.000, 14.525,  0.000,-23.077, 13.525, 13.800,  0.000, 14.825, 13.527,  1.298,  0.800,  0.808,  0.800,0.00000,  0.000,
mon_rep231013,2023-10-13T10:40:15,107.266,  0.400,1,0,247, 25.000, 14.525,  0.000,-23.077, 13.525, 13.800,  0.000, 14.825, 13.527,  1.298,  0.800,  0.808,  0.800,0.00000,  0.000,
mon_rep231013,2023-10-13T10:40:15,107.666,  0.400,1,0,247, 25.000, 14.525,  0.000,-23.077, 13.525, 13.800,  0.000, 14.825, 13.527,  1.298,  0.800,  0.808,  0.800,0.00000,  0.000,
mon_rep231013,2023-10-13T10:40:16,108.066,  0.400,1,0,247, 25.000, 14.525,  0.000,-23.077, 13.525, 13.800,  0.000, 14.825, 13.527,  1.298,  0.800,  0.808,  0.800,0.00000,  0.000,
mon_rep231013,2023-10-13T10:40:16,108.466,  0.400,1,0,247, 25.000, 14.525,  0.000,-23.077, 13.525, 13.800,  0.000, 14.825, 13.527,  1.298,  0.800,  0.808,  0.800,0.00000,  0.000,
mon_rep231013,2023-10-13T10:40:16,108.866,  0.400,1,0,247, 25.000, 14.525,  0.000,-23.077, 13.525, 13.800,  0.000, 14.825, 13.527,  1.298,  0.800,  0.808,  0.800,0.00000,  0.000,
mon_rep231013,2023-10-13T10:40:17,109.266,  0.400,1,0,247, 25.000, 14.525,  0.000,-23.077, 13.525, 13.800,  0.000, 14.825, 13.527,  1.298,  0.800,  0.808,  0.800,0.00000,  0.000,
mon_rep231013,2023-10-13T10:40:17,109.666,  0.400,1,0,247, 25.000, 14.525,  0.000,-23.077, 13.525, 13.800,  0.000, 14.825, 13.527,  1.298,  0.800,  0.808,  0.800,0.00000,  0.000,
mon_rep231013,2023-10-13T10:40:18,110.066,  0.400,1,0,247, 25.000, 14.525,  0.000,-23.077, 13.525, 13.800,  0.000, 14.825, 13.527,  1.298,  0.800,  0.808,  0.800,0.00000,  0.000,
mon_rep231013,2023-10-13T10:40:18,110.466,  0.400,1,0,247, 25.000, 14.525,  0.000,-23.077, 13.525, 13.800,  0.000, 14.825, 13.527,  1.298,  0.800,  0.808,  0.800,0.00000,  0.000,
mon_rep231013,2023-10-13T10:40:18,110.866,  0.400,1,0,247, 25.000, 14.525,  0.000,-23.077, 13.525, 13.800,  0.000, 14.825, 13.527,  1.298,  0.800,  0.808,  0.800,0.00000,  0.000,
mon_rep231013,2023-10-13T10:40:19,111.266,  0.400,1,0,247, 25.000, 14.525,  0.000,-23.077, 13.525, 13.800,  0.000, 14.825, 13.527,  1.298,  0.800,  0.808,  0.800,0.00000,  0.000,
mon_rep231013,2023-10-13T10:40:19,111.666,  0.400,1,0,247, 25.000, 14.525,  0.000,-23.077, 13.525, 13.800,  0.000, 14.825, 13.527,  1.298,  0.800,  0.808,  0.800,0.00000,  0.000,
mon_rep231013,2023-10-13T10:40:20,112.066,  0.400,1,0,247, 25.000, 14.525,  0.000,-23.077, 13.525, 13.800,  0.000, 14.825, 13.527,  1.298,  0.800,  0.808,  0.800,0.00000,  0.000,
mon_rep231013,2023-10-13T10:40:20,112.466,  0.400,1,0,247, 25.000, 14.525,  0.000,-23.077, 13.525, 13.800,  0.000, 14.825, 13.527,  1.298,  0.800,  0.808,  0.800,0.00000,  0.000,
mon_rep231013,2023-10-13T10:40:20,112.866,  0.400,1,0,247, 25.000, 14.525,  0.000,-23.077, 13.525, 13.800,  0.000, 14.825, 13.527,  1.298,  0.800,  0.808,  0.800,0.00000,  0.000,
mon_rep231013,2023-10-13T10:40:21,113.266,  0.400,1,0,247, 25.000, 14.525,  0.000,-23.077, 13.525, 13.800,  0.000, 14.825, 13.528,  1.297,  0.800,  0.809,  0.800,0.00000,  0.000,
mon_rep231013,2023-10-13T10:40:21,113.666,  0.400,1,0,247, 25.000, 14.525,  0.000,-23.077, 13.525, 13.800,  0.000, 14.825, 13.528,  1.297,  0.800,  0.809,  0.800,0.00000,  0.000,
mon_rep231013,2023-10-13T10:40:22,114.066,  0.400,1,0,247, 25.000, 14.525,  0.000,-23.077, 13.525, 13.800,  0.000, 14.825, 13.528,  1.297,  0.800,  0.809,  0.800,0.00000,  0.000,
mon_rep231013,2023-10-13T10:40:22,114.466,  0.400,1,0,247, 25.000, 14.525,  0.000,-23.077, 13.525, 13.800,  0.000, 14.825, 13.528,  1.297,  0.800,  0.809,  0.800,0.00000,  0.000,
mon_rep231013,2023-10-13T10:40:22,114.866,  0.400,1,0,247, 25.000, 14.525,  0.000,-23.077, 13.525, 13.800,  0.000, 14.825, 13.528,  1.297,  0.800,  0.809,  0.800,0.00000,  0.000,
mon_rep231013,2023-10-13T10:40:23,115.266,  0.400,1,0,247, 25.000, 14.525,  0.000,-23.077, 13.525, 13.800,  0.000, 14.825, 13.528,  1.297,  0.800,  0.809,  0.800,0.00000,  0.000,
mon_rep231013,2023-10-13T10:40:23,115.666,  0.400,1,0,247, 25.000, 14.525,  0.000,-23.077, 13.525, 13.800,  0.000, 14.825, 13.528,  1.297,  0.800,  0.809,  0.800,0.00000,  0.000,
mon_rep231013,2023-10-13T10:40:24,116.066,  0.400,1,0,247, 25.000, 14.525,  0.000,-23.077, 13.525, 13.800,  0.000, 14.825, 13.528,  1.297,  0.800,  0.809,  0.800,0.00000,  0.000,
mon_rep231013,2023-10-13T10:40:24,116.466,  0.400,1,0,247, 25.000, 14.525,  0.000,-23.077, 13.525, 13.800,  0.000, 14.825, 13.528,  1.297,  0.800,  0.809,  0.800,0.00000,  0.000,
mon_rep231013,2023-10-13T10:40:24,116.866,  0.400,1,0,247, 25.000, 14.525,  0.000,-23.077, 13.525, 13.800,  0.000, 14.825, 13.528,  1.297,  0.800,  0.809,  0.800,0.00000,  0.000,
mon_rep231013,2023-10-13T10:40:25,117.266,  0.400,1,0,247, 25.000, 14.525,  0.000,-23.077, 13.525, 13.800,  0.000, 14.825, 13.528,  1.297,  0.800,  0.809,  0.800,0.00000,  0.000,
mon_rep231013,2023-10-13T10:40:25,117.666,  0.400,1,0,247, 25.000, 14.525,  0.000,-23.077, 13.525, 13.800,  0.000, 14.825, 13.528,  1.297,  0.800,  0.809,  0.800,0.00000,  0.000,
mon_rep231013,2023-10-13T10:40:26,118.066,  0.400,1,0,247, 25.000, 14.525,  0.000,-23.077, 13.525, 13.800,  0.000, 14.825, 13.528,  1.297,  0.800,  0.809,  0.800,0.00000,  0.000,
mon_rep231013,2023-10-13T10:40:26,118.466,  0.400,1,0,247, 25.000, 14.525,  0.000,-23.077, 13.525, 13.800,  0.000, 14.825, 13.528,  1.297,  0.800,  0.809,  0.800,0.00000,  0.000,
mon_rep231013,2023-10-13T10:40:26,118.866,  0.400,1,0,247, 25.000, 14.525,  0.000,-23.077, 13.525, 13.800,  0.000, 14.825, 13.528,  1.297,  0.800,  0.809,  0.800,0.00000,  0.000,
mon_rep231013,2023-10-13T10:40:27,119.266,  0.400,1,0,247, 25.000, 14.525,  0.000,-23.077, 13.525, 13.800,  0.000, 14.825, 13.528,  1.297,  0.800,  0.809,  0.800,0.00000,  0.000,
mon_rep231013,2023-10-13T10:40:27,119.666,  0.400,1,0,247, 25.000, 14.525,  0.000,-23.077, 13.525, 13.800,  0.000, 14.825, 13.528,  1.297,  0.800,  0.809,  0.800,0.00000,  0.000,
mon_rep231013,2023-10-13T10:40:28,120.066,  0.400,1,0,247, 25.000, 14.525,  0.000,-23.077, 13.525, 13.800,  0.000, 14.825, 13.528,  1.297,  0.800,  0.809,  0.800,0.00000,  0.000,
mon_rep231013,2023-10-13T10:40:28,120.466,  0.400,1,0,247, 25.000, 14.525,  0.000,-23.077, 13.525, 13.800,  0.000, 14.825, 13.528,  1.297,  0.800,  0.809,  0.800,0.00000,  0.000,
mon_rep231013,2023-10-13T10:40:28,120.866,  0.400,1,0,247, 25.000, 14.525,  0.000,-23.077, 13.525, 13.800,  0.000, 14.825, 13.528,  1.297,  0.800,  0.809,  0.800,0.00000,  0.000,
mon_rep231013,2023-10-13T10:40:29,121.266,  0.400,1,0,247, 25.000, 14.525,  0.000,-23.077, 13.525, 13.800,  0.000, 14.825, 13.528,  1.297,  0.800,  0.810,  0.800,0.00000,  0.000,
mon_rep231013,2023-10-13T10:40:29,121.666,  0.400,1,0,247, 25.000, 14.525,  0.000,-23.077, 13.525, 13.800,  0.000, 14.825, 13.528,  1.297,  0.800,  0.810,  0.800,0.00000,  0.000,
mon_rep231013,2023-10-13T10:40:30,122.066,  0.400,1,0,247, 25.000, 14.525,  0.000,-23.077, 13.525, 13.800,  0.000, 14.825, 13.528,  1.297,  0.800,  0.810,  0.800,0.00000,  0.000,
mon_rep231013,2023-10-13T10:40:30,122.466,  0.400,1,0,247, 25.000, 14.525,  0.000,-23.077, 13.525, 13.800,  0.000, 14.825, 13.528,  1.297,  0.800,  0.810,  0.800,0.00000,  0.000,
mon_rep231013,2023-10-13T10:40:30,122.866,  0.400,1,0,247, 25.000, 14.525,  0.000,-23.077, 13.525, 13.800,  0.000, 14.825, 13.528,  1.297,  0.800,  0.810,  0.800,0.00000,  0.000,
mon_rep231013,2023-10-13T10:40:31,123.266,  0.400,1,0,247, 25.000, 14.525,  0.000,-23.077, 13.525, 13.800,  0.000, 14.825, 13.528,  1.297,  0.800,  0.810,  0.800,0.00000,  0.000,
mon_rep231013,2023-10-13T10:40:31,123.666,  0.400,1,0,247, 25.000, 14.525,  0.000,-23.077, 13.525, 13.800,  0.000, 14.825, 13.528,  1.297,  0.800,  0.810,  0.800,0.00000,  0.000,
mon_rep231013,2023-10-13T10:40:32,124.066,  0.400,1,0,247, 25.000, 14.525,  0.000,-23.077, 13.525, 13.800,  0.000, 14.825, 13.528,  1.297,  0.800,  0.810,  0.800,0.00000,  0.000,
mon_rep231013,2023-10-13T10:40:32,124.466,  0.400,1,0,247, 25.000, 14.525,  0.000,-23.077, 13.525, 13.800,  0.000, 14.825, 13.528,  1.297,  0.800,  0.810,  0.800,0.00000,  0.000,
mon_rep231013,2023-10-13T10:40:32,124.866,  0.400,1,0,247, 25.000, 14.525,  0.000,-23.077, 13.525, 13.800,  0.000, 14.825, 13.528,  1.297,  0.800,  0.810,  0.800,0.00000,  0.000,
mon_rep231013,2023-10-13T10:40:33,125.266,  0.400,1,0,247, 25.000, 14.525,  0.000,-23.077, 13.525, 13.800,  0.000, 14.825, 13.528,  1.297,  0.800,  0.810,  0.800,0.00000,  0.000,
mon_rep231013,2023-10-13T10:40:33,125.666,  0.400,1,0,247, 25.000, 14.525,  0.000,-23.077, 13.525, 13.800,  0.000, 14.825, 13.528,  1.297,  0.800,  0.810,  0.800,0.00000,  0.000,
mon_rep231013,2023-10-13T10:40:34,126.066,  0.400,1,0,247, 25.000, 14.525,  0.000,-23.077, 13.525, 13.800,  0.000, 14.825, 13.528,  1.297,  0.800,  0.810,  0.800,0.00000,  0.000,
mon_rep231013,2023-10-13T10:40:34,126.466,  0.400,1,0,247, 25.000, 14.525,  0.000,-23.077, 13.525, 13.800,  0.000, 14.825, 13.528,  1.297,  0.800,  0.810,  0.800,0.00000,  0.000,
mon_rep231013,2023-10-13T10:40:34,126.866,  0.400,1,0,247, 25.000, 14.525,  0.000,-23.077, 13.525, 13.800,  0.000, 14.825, 13.528,  1.297,  0.800,  0.810,  0.800,0.00000,  0.000,
mon_rep231013,2023-10-13T10:40:35,127.266,  0.400,1,0,247, 25.000, 14.525,  0.000,-23.077, 13.525, 13.800,  0.000, 14.825, 13.528,  1.297,  0.800,  0.810,  0.800,0.00000,  0.000,
mon_rep231013,2023-10-13T10:40:35,127.666,  0.400,1,0,247, 25.000, 14.525,  0.000,-23.077, 13.525, 13.800,  0.000, 14.825, 13.528,  1.297,  0.800,  0.810,  0.800,0.00000,  0.000,
mon_rep231013,2023-10-13T10:40:36,128.066,  0.400,1,0,247, 25.000, 14.525,  0.000,-23.077, 13.525, 13.800,  0.000, 14.825, 13.528,  1.297,  0.800,  0.810,  0.800,0.00000,  0.000,
mon_rep231013,2023-10-13T10:40:36,128.466,  0.400,1,0,247, 25.000, 14.525,  0.000,-23.077, 13.525, 13.800,  0.000, 14.825, 13.528,  1.297,  0.800,  0.810,  0.800,0.00000,  0.000,
mon_rep231013,2023-10-13T10:40:36,128.866,  0.400,1,0,247, 25.000, 14.525,  0.000,-23.077, 13.525, 13.800,  0.000, 14.825, 13.528,  1.297,  0.800,  0.810,  0.800,0.00000,  0.000,
mon_rep231013,2023-10-13T10:40:37,129.266,  0.400,1,0,247, 25.000, 14.525,  0.000,-23.077, 13.525, 13.800,  0.000, 14.825, 13.528,  1.297,  0.800,  0.810,  0.800,0.00000,  0.000,
mon_rep231013,2023-10-13T10:40:37,129.666,  0.400,1,0,247, 25.000, 14.525,  0.000,-23.077, 13.525, 13.800,  0.000, 14.825, 13.528,  1.297,  0.800,  0.810,  0.800,0.00000,  0.000,
mon_rep231013,2023-10-13T10:40:38,130.066,  0.400,1,0,247, 25.000, 14.525,  0.000,-23.077, 13.525, 13.800,  0.000, 14.825, 13.528,  1.297,  0.800,  0.810,  0.800,0.00000,  0.000,
mon_rep231013,2023-10-13T10:40:38,130.466,  0.400,1,0,247, 25.000, 14.525,  0.000,-23.077, 13.525, 13.800,  0.000, 14.825, 13.528,  1.297,  0.800,  0.810,  0.800,0.00000,  0.000,
mon_rep231013,2023-10-13T10:40:38,130.866,  0.400,1,0,247, 25.000, 14.525,  0.000,-23.077, 13.525, 13.800,  0.000, 14.825, 13.528,  1.297,  0.800,  0.810,  0.800,0.00000,  0.000,
mon_rep231013,2023-10-13T10:40:39,131.266,  0.400,1,0,247, 25.000, 14.525,  0.000,-23.077, 13.525, 13.800,  0.000, 14.825, 13.528,  1.297,  0.800,  0.811,  0.800,0.00000,  0.000,
mon_rep231013,2023-10-13T10:40:39,131.666,  0.400,1,0,247, 25.000, 14.525,  0.000,-23.077, 13.525, 13.800,  0.000, 14.825, 13.528,  1.297,  0.800,  0.811,  0.800,0.00000,  0.000,
mon_rep231013,2023-10-13T10:40:40,132.066,  0.400,1,0,247, 25.000, 14.525,  0.000,-23.077, 13.525, 13.800,  0.000, 14.825, 13.528,  1.297,  0.800,  0.811,  0.800,0.00000,  0.000,
mon_rep231013,2023-10-13T10:40:40,132.466,  0.400,1,0,247, 25.000, 14.525,  0.000,-23.077, 13.525, 13.800,  0.000, 14.825, 13.528,  1.297,  0.800,  0.811,  0.800,0.00000,  0.000,
mon_rep231013,2023-10-13T10:40:40,132.866,  0.400,1,0,247, 25.000, 14.525,  0.000,-23.077, 13.525, 13.800,  0.000, 14.825, 13.528,  1.297,  0.800,  0.811,  0.800,0.00000,  0.000,
mon_rep231013,2023-10-13T10:40:41,133.266,  0.400,1,0,247, 25.000, 14.525,  0.000,-23.077, 13.525, 13.800,  0.000, 14.825, 13.528,  1.297,  0.800,  0.811,  0.800,0.00000,  0.000,
mon_rep231013,2023-10-13T10:40:41,133.666,  0.400,1,0,247, 25.000, 14.525,  0.000,-23.077, 13.525, 13.800,  0.000, 14.825, 13.528,  1.297,  0.800,  0.811,  0.800,0.00000,  0.000,
mon_rep231013,2023-10-13T10:40:42,134.066,  0.400,1,0,247, 25.000, 14.525,  0.000,-23.077, 13.525, 13.800,  0.000, 14.825, 13.528,  1.297,  0.800,  0.811,  0.800,0.00000,  0.000,
mon_rep231013,2023-10-13T10:40:42,134.466,  0.400,1,0,247, 25.000, 14.525,  0.000,-23.077, 13.525, 13.800,  0.000, 14.825, 13.528,  1.297,  0.800,  0.811,  0.800,0.00000,  0.000,
mon_rep231013,2023-10-13T10:40:42,134.866,  0.400,1,0,247, 25.000, 14.525,  0.000,-23.077, 13.525, 13.800,  0.000, 14.825, 13.528,  1.297,  0.800,  0.811,  0.800,0.00000,  0.000,
mon_rep231013,2023-10-13T10:40:43,135.266,  0.400,1,0,247, 25.000, 14.525,  0.000,-23.077, 13.525, 13.800,  0.000, 14.825, 13.528,  1.297,  0.800,  0.811,  0.800,0.00000,  0.000,
mon_rep231013,2023-10-13T10:40:43,135.666,  0.400,1,0,247, 25.000, 14.525,  0.000,-23.077, 13.525, 13.800,  0.000, 14.825, 13.528,  1.297,  0.800,  0.811,  0.800,0.00000,  0.000,
mon_rep231013,2023-10-13T10:40:44,136.066,  0.400,1,0,247, 25.000, 14.525,  0.000,-23.077, 13.525, 13.800,  0.000, 14.825, 13.528,  1.297,  0.800,  0.811,  0.800,0.00000,  0.000,
mon_rep231013,2023-10-13T10:40:44,136.466,  0.400,1,0,247, 25.000, 14.525,  0.000,-23.077, 13.525, 13.800,  0.000, 14.825, 13.528,  1.297,  0.800,  0.811,  0.800,0.00000,  0.000,
mon_rep231013,2023-10-13T10:40:44,136.866,  0.400,1,0,247, 25.000, 14.525,  0.000,-23.077, 13.525, 13.800,  0.000, 14.825, 13.528,  1.297,  0.800,  0.811,  0.800,0.00000,  0.000,
mon_rep231013,2023-10-13T10:40:45,137.266,  0.400,1,0,247, 25.000, 14.525,  0.000,-23.077, 13.525, 13.800,  0.000, 14.825, 13.528,  1.297,  0.800,  0.811,  0.800,0.00000,  0.000,
mon_rep231013,2023-10-13T10:40:45,137.666,  0.400,1,0,247, 25.000, 14.525,  0.000,-23.077, 13.525, 13.800,  0.000, 14.825, 13.528,  1.297,  0.800,  0.811,  0.800,0.00000,  0.000,
mon_rep231013,2023-10-13T10:40:46,138.066,  0.400,1,0,247, 25.000, 14.525,  0.000,-23.077, 13.525, 13.800,  0.000, 14.825, 13.528,  1.297,  0.800,  0.811,  0.800,0.00000,  0.000,
mon_rep231013,2023-10-13T10:40:46,138.466,  0.400,1,0,247, 25.000, 14.525,  0.000,-23.077, 13.525, 13.800,  0.000, 14.825, 13.528,  1.297,  0.800,  0.811,  0.800,0.00000,  0.000,
mon_rep231013,2023-10-13T10:40:46,138.866,  0.400,1,0,247, 25.000, 14.525,  0.000,-23.077, 13.525, 13.800,  0.000, 14.825, 13.528,  1.297,  0.800,  0.811,  0.800,0.00000,  0.000,
mon_rep231013,2023-10-13T10:40:47,139.266,  0.400,1,0,247, 25.000, 14.525,  0.000,-23.077, 13.525, 13.800,  0.000, 14.825, 13.528,  1.297,  0.800,  0.812,  0.800,0.00000,  0.000,
mon_rep231013,2023-10-13T10:40:47,139.666,  0.400,1,0,247, 25.000, 14.525,  0.000,-23.077, 13.525, 13.800,  0.000, 14.825, 13.528,  1.297,  0.800,  0.812,  0.800,0.00000,  0.000,
mon_rep231013,2023-10-13T10:40:48,140.066,  0.400,1,0,247, 25.000, 14.525,  0.000,-23.077, 13.525, 13.800,  0.000, 14.825, 13.528,  1.297,  0.800,  0.812,  0.800,0.00000,  0.000,
mon_rep231013,2023-10-13T10:40:48,140.466,  0.400,1,0,247, 25.000, 14.525,  0.000,-23.077, 13.525, 13.800,  0.000, 14.825, 13.528,  1.297,  0.800,  0.812,  0.800,0.00000,  0.000,
mon_rep231013,2023-10-13T10:40:48,140.866,  0.400,1,0,247, 25.000, 14.525,  0.000,-23.077, 13.525, 13.800,  0.000, 14.825, 13.528,  1.297,  0.800,  0.812,  0.800,0.00000,  0.000,
mon_rep231013,2023-10-13T10:40:49,141.266,  0.400,1,0,247, 25.000, 14.525,  0.000,-23.077, 13.525, 13.800,  0.000, 14.825, 13.528,  1.297,  0.800,  0.812,  0.800,0.00000,  0.000,
mon_rep231013,2023-10-13T10:40:49,141.666,  0.400,1,0,247, 25.000, 14.525,  0.000,-23.077, 13.525, 13.800,  0.000, 14.825, 13.528,  1.297,  0.800,  0.812,  0.800,0.00000,  0.000,
mon_rep231013,2023-10-13T10:40:50,142.066,  0.400,1,0,247, 25.000, 14.525,  0.000,-23.077, 13.525, 13.800,  0.000, 14.825, 13.528,  1.297,  0.800,  0.812,  0.800,0.00000,  0.000,
mon_rep231013,2023-10-13T10:40:50,142.466,  0.400,1,0,247, 25.000, 14.525,  0.000,-23.077, 13.525, 13.800,  0.000, 14.825, 13.528,  1.297,  0.800,  0.812,  0.800,0.00000,  0.000,
mon_rep231013,2023-10-13T10:40:50,142.866,  0.400,1,0,247, 25.000, 14.525,  0.000,-23.077, 13.525, 13.800,  0.000, 14.825, 13.528,  1.297,  0.800,  0.812,  0.800,0.00000,  0.000,
mon_rep231013,2023-10-13T10:40:51,143.266,  0.400,1,0,247, 25.000, 14.525,  0.000,-23.077, 13.525, 13.800,  0.000, 14.825, 13.529,  1.296,  0.800,  0.812,  0.800,0.00000,  0.000,
mon_rep231013,2023-10-13T10:40:51,143.666,  0.400,1,0,247, 25.000, 14.525,  0.000,-23.077, 13.525, 13.800,  0.000, 14.825, 13.529,  1.296,  0.800,  0.812,  0.800,0.00000,  0.000,
mon_rep231013,2023-10-13T10:40:52,144.066,  0.400,1,0,247, 25.000, 14.525,  0.000,-23.077, 13.525, 13.800,  0.000, 14.825, 13.529,  1.296,  0.800,  0.812,  0.800,0.00000,  0.000,
mon_rep231013,2023-10-13T10:40:52,144.466,  0.400,1,0,247, 25.000, 14.525,  0.000,-23.077, 13.525, 13.800,  0.000, 14.825, 13.529,  1.296,  0.800,  0.812,  0.800,0.00000,  0.000,
mon_rep231013,2023-10-13T10:40:52,144.866,  0.400,1,0,247, 25.000, 14.525,  0.000,-23.077, 13.525, 13.800,  0.000, 14.825, 13.529,  1.296,  0.800,  0.812,  0.800,0.00000,  0.000,
mon_rep231013,2023-10-13T10:40:53,145.266,  0.400,1,0,247, 25.000, 14.525,  0.000,-23.077, 13.525, 13.800,  0.000, 14.825, 13.529,  1.296,  0.800,  0.812,  0.800,0.00000,  0.000,
mon_rep231013,2023-10-13T10:40:53,145.666,  0.400,1,0,247, 25.000, 14.525,  0.000,-23.077, 13.525, 13.800,  0.000, 14.825, 13.529,  1.296,  0.800,  0.812,  0.800,0.00000,  0.000,
mon_rep231013,2023-10-13T10:40:54,146.066,  0.400,1,0,247, 25.000, 14.525,  0.000,-23.077, 13.525, 13.800,  0.000, 14.825, 13.529,  1.296,  0.800,  0.812,  0.800,0.00000,  0.000,
mon_rep231013,2023-10-13T10:40:54,146.466,  0.400,1,0,247, 25.000, 14.525,  0.000,-23.077, 13.525, 13.800,  0.000, 14.825, 13.529,  1.296,  0.800,  0.812,  0.800,0.00000,  0.000,
mon_rep231013,2023-10-13T10:40:54,146.866,  0.400,1,0,247, 25.000, 14.525,  0.000,-23.077, 13.525, 13.800,  0.000, 14.825, 13.529,  1.296,  0.800,  0.812,  0.800,0.00000,  0.000,
mon_rep231013,2023-10-13T10:40:55,147.266,  0.400,1,0,247, 25.000, 14.525,  0.000,-23.077, 13.525, 13.800,  0.000, 14.825, 13.529,  1.296,  0.800,  0.813,  0.800,0.00000,  0.000,
mon_rep231013,2023-10-13T10:40:55,147.666,  0.400,1,0,247, 25.000, 14.525,  0.000,-23.077, 13.525, 13.800,  0.000, 14.825, 13.529,  1.296,  0.800,  0.813,  0.800,0.00000,  0.000,
mon_rep231013,2023-10-13T10:40:56,148.066,  0.400,1,0,247, 25.000, 14.525,  0.000,-23.077, 13.525, 13.800,  0.000, 14.825, 13.529,  1.296,  0.800,  0.813,  0.800,0.00000,  0.000,
mon_rep231013,2023-10-13T10:40:56,148.466,  0.400,1,0,247, 25.000, 14.525,  0.000,-23.077, 13.525, 13.800,  0.000, 14.825, 13.529,  1.296,  0.800,  0.813,  0.800,0.00000,  0.000,
mon_rep231013,2023-10-13T10:40:56,148.866,  0.400,1,0,247, 25.000, 14.525,  0.000,-23.077, 13.525, 13.800,  0.000, 14.825, 13.529,  1.296,  0.800,  0.813,  0.800,0.00000,  0.000,
mon_rep231013,2023-10-13T10:40:57,149.266,  0.400,1,0,247, 25.000, 14.525,  0.000,-23.077, 13.525, 13.800,  0.000, 14.825, 13.529,  1.296,  0.800,  0.813,  0.800,0.00000,  0.000,
mon_rep231013,2023-10-13T10:40:57,149.666,  0.400,1,0,247, 25.000, 14.525,  0.000,-23.077, 13.525, 13.800,  0.000, 14.825, 13.529,  1.296,  0.800,  0.813,  0.800,0.00000,  0.000,
mon_rep231013,2023-10-13T10:40:58,150.066,  0.400,1,0,247, 25.000, 14.525,  0.000,-23.077, 13.525, 13.800,  0.000, 14.825, 13.529,  1.296,  0.800,  0.813,  0.800,0.00000,  0.000,
mon_rep231013,2023-10-13T10:40:58,150.466,  0.400,1,0,247, 25.000, 14.525,  0.000,-23.077, 13.525, 13.800,  0.000, 14.825, 13.529,  1.296,  0.800,  0.813,  0.800,0.00000,  0.000,
mon_rep231013,2023-10-13T10:40:58,150.866,  0.400,1,0,247, 25.000, 14.525,  0.000,-23.077, 13.525, 13.800,  0.000, 14.825, 13.529,  1.296,  0.800,  0.813,  0.800,0.00000,  0.000,
mon_rep231013,2023-10-13T10:40:59,151.266,  0.400,1,0,247, 25.000, 14.525,  0.000,-23.077, 13.525, 13.800,  0.000, 14.825, 13.529,  1.296,  0.800,  0.813,  0.800,0.00000,  0.000,
mon_rep231013,2023-10-13T10:40:59,151.666,  0.400,1,0,247, 25.000, 14.525,  0.000,-23.077, 13.525, 13.800,  0.000, 14.825, 13.529,  1.296,  0.800,  0.813,  0.800,0.00000,  0.000,
mon_rep231013,2023-10-13T10:41:00,152.066,  0.400,1,0,247, 25.000, 14.525,  0.000,-23.077, 13.525, 13.800,  0.000, 14.825, 13.529,  1.296,  0.800,  0.813,  0.800,0.00000,  0.000,
mon_rep231013,2023-10-13T10:41:00,152.466,  0.400,1,0,247, 25.000, 14.525,  0.000,-23.077, 13.525, 13.800,  0.000, 14.825, 13.529,  1.296,  0.800,  0.813,  0.800,0.00000,  0.000,
mon_rep231013,2023-10-13T10:41:00,152.866,  0.400,1,0,247, 25.000, 14.525,  0.000,-23.077, 13.525, 13.800,  0.000, 14.825, 13.529,  1.296,  0.800,  0.813,  0.800,0.00000,  0.000,
mon_rep231013,2023-10-13T10:41:01,153.266,  0.400,1,0,247, 25.000, 14.525,  0.000,-23.077, 13.525, 13.800,  0.000, 14.825, 13.529,  1.296,  0.800,  0.813,  0.800,0.00000,  0.000,
mon_rep231013,2023-10-13T10:41:01,153.666,  0.400,1,0,247, 25.000, 14.525,  0.000,-23.077, 13.525, 13.800,  0.000, 14.825, 13.529,  1.296,  0.800,  0.813,  0.800,0.00000,  0.000,
mon_rep231013,2023-10-13T10:41:02,154.066,  0.400,1,0,247, 25.000, 14.525,  0.000,-23.077, 13.525, 13.800,  0.000, 14.825, 13.529,  1.296,  0.800,  0.813,  0.800,0.00000,  0.000,
mon_rep231013,2023-10-13T10:41:02,154.466,  0.400,1,0,247, 25.000, 14.525,  0.000,-23.077, 13.525, 13.800,  0.000, 14.825, 13.529,  1.296,  0.800,  0.813,  0.800,0.00000,  0.000,
mon_rep231013,2023-10-13T10:41:02,154.866,  0.400,1,0,247, 25.000, 14.525,  0.000,-23.077, 13.525, 13.800,  0.000, 14.825, 13.529,  1.296,  0.800,  0.813,  0.800,0.00000,  0.000,
mon_rep231013,2023-10-13T10:41:03,155.266,  0.400,1,0,247, 25.000, 14.525,  0.000,-23.077, 13.525, 13.800,  0.000, 14.825, 13.529,  1.296,  0.800,  0.814,  0.800,0.00000,  0.000,
mon_rep231013,2023-10-13T10:41:03,155.666,  0.400,1,0,247, 25.000, 14.525,  0.000,-23.077, 13.525, 13.800,  0.000, 14.825, 13.529,  1.296,  0.800,  0.814,  0.800,0.00000,  0.000,
mon_rep231013,2023-10-13T10:41:04,156.066,  0.400,1,0,247, 25.000, 14.525,  0.000,-23.077, 13.525, 13.800,  0.000, 14.825, 13.529,  1.296,  0.800,  0.814,  0.800,0.00000,  0.000,
mon_rep231013,2023-10-13T10:41:04,156.466,  0.400,1,0,247, 25.000, 14.525,  0.000,-23.077, 13.525, 13.800,  0.000, 14.825, 13.529,  1.296,  0.800,  0.814,  0.800,0.00000,  0.000,
mon_rep231013,2023-10-13T10:41:04,156.866,  0.400,1,0,247, 25.000, 14.525,  0.000,-23.077, 13.525, 13.800,  0.000, 14.825, 13.529,  1.296,  0.800,  0.814,  0.800,0.00000,  0.000,
mon_rep231013,2023-10-13T10:41:05,157.266,  0.400,1,0,247, 25.000, 14.525,  0.000,-23.077, 13.525, 13.800,  0.000, 14.825, 13.529,  1.296,  0.800,  0.814,  0.800,0.00000,  0.000,
mon_rep231013,2023-10-13T10:41:05,157.666,  0.400,1,0,247, 25.000, 14.525,  0.000,-23.077, 13.525, 13.800,  0.000, 14.825, 13.529,  1.296,  0.800,  0.814,  0.800,0.00000,  0.000,
mon_rep231013,2023-10-13T10:41:06,158.066,  0.400,1,0,247, 25.000, 14.525,  0.000,-23.077, 13.525, 13.800,  0.000, 14.825, 13.529,  1.296,  0.800,  0.814,  0.800,0.00000,  0.000,
mon_rep231013,2023-10-13T10:41:06,158.466,  0.400,1,0,247, 25.000, 14.525,  0.000,-23.077, 13.525, 13.800,  0.000, 14.825, 13.529,  1.296,  0.800,  0.814,  0.800,0.00000,  0.000,
mon_rep231013,2023-10-13T10:41:06,158.866,  0.400,1,0,247, 25.000, 14.525,  0.000,-23.077, 13.525, 13.800,  0.000, 14.825, 13.529,  1.296,  0.800,  0.814,  0.800,0.00000,  0.000,
mon_rep231013,2023-10-13T10:41:07,159.266,  0.400,1,0,247, 25.000, 14.525,  0.000,-23.077, 13.525, 13.800,  0.000, 14.825, 13.529,  1.296,  0.800,  0.814,  0.800,0.00000,  0.000,
mon_rep231013,2023-10-13T10:41:07,159.666,  0.400,1,0,247, 25.000, 14.525,  0.000,-23.077, 13.525, 13.800,  0.000, 14.825, 13.529,  1.296,  0.800,  0.814,  0.800,0.00000,  0.000,
mon_rep231013,2023-10-13T10:41:08,160.066,  0.400,1,0,247, 25.000, 14.525,  0.000,-23.077, 13.525, 13.800,  0.000, 14.825, 13.529,  1.296,  0.800,  0.814,  0.800,0.00000,  0.000,
mon_rep231013,2023-10-13T10:41:08,160.466,  0.400,1,0,247, 25.000, 14.525,  0.000,-23.077, 13.525, 13.800,  0.000, 14.825, 13.529,  1.296,  0.800,  0.814,  0.800,0.00000,  0.000,
mon_rep231013,2023-10-13T10:41:08,160.866,  0.400,1,0,247, 25.000, 14.525,  0.000,-23.077, 13.525, 13.800,  0.000, 14.825, 13.529,  1.296,  0.800,  0.814,  0.800,0.00000,  0.000,
mon_rep231013,2023-10-13T10:41:09,161.266,  0.400,1,0,247, 25.000, 14.525,  0.000,-23.077, 13.525, 13.800,  0.000, 14.825, 13.529,  1.296,  0.800,  0.815,  0.800,0.00000,  0.000,
mon_rep231013,2023-10-13T10:41:09,161.666,  0.400,1,0,247, 25.000, 14.525,  0.000,-23.077, 13.525, 13.800,  0.000, 14.825, 13.529,  1.296,  0.800,  0.815,  0.800,0.00000,  0.000,
mon_rep231013,2023-10-13T10:41:10,162.066,  0.400,1,0,247, 25.000, 14.525,  0.000,-23.077, 13.525, 13.800,  0.000, 14.825, 13.529,  1.296,  0.800,  0.815,  0.800,0.00000,  0.000,
mon_rep231013,2023-10-13T10:41:10,162.466,  0.400,1,0,247, 25.000, 14.525,  0.000,-23.077, 13.525, 13.800,  0.000, 14.825, 13.529,  1.296,  0.800,  0.815,  0.800,0.00000,  0.000,
mon_rep231013,2023-10-13T10:41:10,162.866,  0.400,1,0,247, 25.000, 14.525,  0.000,-23.077, 13.525, 13.800,  0.000, 14.825, 13.529,  1.296,  0.800,  0.815,  0.800,0.00000,  0.000,
mon_rep231013,2023-10-13T10:41:11,163.266,  0.400,1,0,247, 25.000, 14.525,  0.000,-23.077, 13.525, 13.800,  0.000, 14.825, 13.529,  1.296,  0.800,  0.815,  0.800,0.00000,  0.000,
mon_rep231013,2023-10-13T10:41:11,163.666,  0.400,1,0,247, 25.000, 14.525,  0.000,-23.077, 13.525, 13.800,  0.000, 14.825, 13.529,  1.296,  0.800,  0.815,  0.800,0.00000,  0.000,
mon_rep231013,2023-10-13T10:41:12,164.066,  0.400,1,0,247, 25.000, 14.525,  0.000,-23.077, 13.525, 13.800,  0.000, 14.825, 13.529,  1.296,  0.800,  0.815,  0.800,0.00000,  0.000,
mon_rep231013,2023-10-13T10:41:12,164.466,  0.400,1,0,247, 25.000, 14.525,  0.000,-23.077, 13.525, 13.800,  0.000, 14.825, 13.529,  1.296,  0.800,  0.815,  0.800,0.00000,  0.000,
mon_rep231013,2023-10-13T10:41:12,164.866,  0.400,1,0,247, 25.000, 14.525,  0.000,-23.077, 13.525, 13.800,  0.000, 14.825, 13.529,  1.296,  0.800,  0.815,  0.800,0.00000,  0.000,
mon_rep231013,2023-10-13T10:41:13,165.266,  0.400,1,0,247, 25.000, 14.525,  0.000,-23.077, 13.525, 13.800,  0.000, 14.825, 13.529,  1.296,  0.800,  0.815,  0.800,0.00000,  0.000,
mon_rep231013,2023-10-13T10:41:13,165.666,  0.400,1,0,247, 25.000, 14.525,  0.000,-23.077, 13.525, 13.800,  0.000, 14.825, 13.529,  1.296,  0.800,  0.815,  0.800,0.00000,  0.000,
mon_rep231013,2023-10-13T10:41:14,166.066,  0.400,1,0,247, 25.000, 14.525,  0.000,-23.077, 13.525, 13.800,  0.000, 14.825, 13.529,  1.296,  0.800,  0.815,  0.800,0.00000,  0.000,
mon_rep231013,2023-10-13T10:41:14,166.466,  0.400,1,0,247, 25.000, 14.525,  0.000,-23.077, 13.525, 13.800,  0.000, 14.825, 13.529,  1.296,  0.800,  0.815,  0.800,0.00000,  0.000,
mon_rep231013,2023-10-13T10:41:14,166.866,  0.400,1,0,247, 25.000, 14.525,  0.000,-23.077, 13.525, 13.800,  0.000, 14.825, 13.529,  1.296,  0.800,  0.815,  0.800,0.00000,  0.000,
mon_rep231013,2023-10-13T10:41:15,167.266,  0.400,1,0,247, 25.000, 14.525,  0.000,-23.077, 13.525, 13.800,  0.000, 14.825, 13.530,  1.295,  0.800,  0.815,  0.800,0.00000,  0.000,
mon_rep231013,2023-10-13T10:41:15,167.666,  0.400,1,0,247, 25.000, 14.525,  0.000,-23.077, 13.525, 13.800,  0.000, 14.825, 13.530,  1.295,  0.800,  0.815,  0.800,0.00000,  0.000,
mon_rep231013,2023-10-13T10:41:16,168.066,  0.400,1,0,247, 25.000, 14.525,  0.000,-23.077, 13.525, 13.800,  0.000, 14.825, 13.530,  1.295,  0.800,  0.815,  0.800,0.00000,  0.000,
mon_rep231013,2023-10-13T10:41:16,168.466,  0.400,1,0,247, 25.000, 14.525,  0.000,-23.077, 13.525, 13.800,  0.000, 14.825, 13.530,  1.295,  0.800,  0.815,  0.800,0.00000,  0.000,
mon_rep231013,2023-10-13T10:41:16,168.866,  0.400,1,0,247, 25.000, 14.525,  0.000,-23.077, 13.525, 13.800,  0.000, 14.825, 13.530,  1.295,  0.800,  0.815,  0.800,0.00000,  0.000,
mon_rep231013,2023-10-13T10:41:17,169.266,  0.400,1,0,247, 25.000, 14.525,  0.000,-23.077, 13.525, 13.800,  0.000, 14.825, 13.530,  1.295,  0.800,  0.816,  0.800,0.00000,  0.000,
mon_rep231013,2023-10-13T10:41:17,169.666,  0.400,1,0,247, 25.000, 14.525,  0.000,-23.077, 13.525, 13.800,  0.000, 14.825, 13.530,  1.295,  0.800,  0.816,  0.800,0.00000,  0.000,
mon_rep231013,2023-10-13T10:41:18,170.066,  0.400,1,0,247, 25.000, 14.525,  0.000,-23.077, 13.525, 13.800,  0.000, 14.825, 13.530,  1.295,  0.800,  0.816,  0.800,0.00000,  0.000,
mon_rep231013,2023-10-13T10:41:18,170.466,  0.400,1,0,247, 25.000, 14.525,  0.000,-23.077, 13.525, 13.800,  0.000, 14.825, 13.530,  1.295,  0.800,  0.816,  0.800,0.00000,  0.000,
mon_rep231013,2023-10-13T10:41:18,170.866,  0.400,1,0,247, 25.000, 14.525,  0.000,-23.077, 13.525, 13.800,  0.000, 14.825, 13.530,  1.295,  0.800,  0.816,  0.800,0.00000,  0.000,
mon_rep231013,2023-10-13T10:41:19,171.266,  0.400,1,0,247, 25.000, 14.525,  0.000,-23.077, 13.525, 13.800,  0.000, 14.825, 13.530,  1.295,  0.800,  0.816,  0.800,0.00000,  0.000,
mon_rep231013,2023-10-13T10:41:19,171.666,  0.400,1,0,247, 25.000, 14.525,  0.000,-23.077, 13.525, 13.800,  0.000, 14.825, 13.530,  1.295,  0.800,  0.816,  0.800,0.00000,  0.000,
mon_rep231013,2023-10-13T10:41:20,172.066,  0.400,1,0,247, 25.000, 14.525,  0.000,-23.077, 13.525, 13.800,  0.000, 14.825, 13.530,  1.295,  0.800,  0.816,  0.800,0.00000,  0.000,
mon_rep231013,2023-10-13T10:41:20,172.466,  0.400,1,0,247, 25.000, 14.525,  0.000,-23.077, 13.525, 13.800,  0.000, 14.825, 13.530,  1.295,  0.800,  0.816,  0.800,0.00000,  0.000,
mon_rep231013,2023-10-13T10:41:20,172.866,  0.400,1,0,247, 25.000, 14.525,  0.000,-23.077, 13.525, 13.800,  0.000, 14.825, 13.530,  1.295,  0.800,  0.816,  0.800,0.00000,  0.000,
mon_rep231013,2023-10-13T10:41:21,173.266,  0.400,1,0,247, 25.000, 14.525,  0.000,-23.077, 13.525, 13.800,  0.000, 14.825, 13.530,  1.295,  0.800,  0.816,  0.800,0.00000,  0.000,
mon_rep231013,2023-10-13T10:41:21,173.666,  0.400,1,0,247, 25.000, 14.525,  0.000,-23.077, 13.525, 13.800,  0.000, 14.825, 13.530,  1.295,  0.800,  0.816,  0.800,0.00000,  0.000,
mon_rep231013,2023-10-13T10:41:22,174.066,  0.400,1,0,247, 25.000, 14.525,  0.000,-23.077, 13.525, 13.800,  0.000, 14.825, 13.530,  1.295,  0.800,  0.816,  0.800,0.00000,  0.000,
mon_rep231013,2023-10-13T10:41:22,174.466,  0.400,1,0,247, 25.000, 14.525,  0.000,-23.077, 13.525, 13.800,  0.000, 14.825, 13.530,  1.295,  0.800,  0.816,  0.800,0.00000,  0.000,
mon_rep231013,2023-10-13T10:41:22,174.866,  0.400,1,0,247, 25.000, 14.525,  0.000,-23.077, 13.525, 13.800,  0.000, 14.825, 13.530,  1.295,  0.800,  0.816,  0.800,0.00000,  0.000,
mon_rep231013,2023-10-13T10:41:23,175.266,  0.400,1,0,247, 25.000, 14.525,  0.000,-23.077, 13.525, 13.800,  0.000, 14.825, 13.530,  1.295,  0.800,  0.817,  0.800,0.00000,  0.000,
mon_rep231013,2023-10-13T10:41:23,175.666,  0.400,1,0,247, 25.000, 14.525,  0.000,-23.077, 13.525, 13.800,  0.000, 14.825, 13.530,  1.295,  0.800,  0.817,  0.800,0.00000,  0.000,
mon_rep231013,2023-10-13T10:41:24,176.066,  0.400,1,0,247, 25.000, 14.525,  0.000,-23.077, 13.525, 13.800,  0.000, 14.825, 13.530,  1.295,  0.800,  0.817,  0.800,0.00000,  0.000,
mon_rep231013,2023-10-13T10:41:24,176.466,  0.400,1,0,247, 25.000, 14.525,  0.000,-23.077, 13.525, 13.800,  0.000, 14.825, 13.530,  1.295,  0.800,  0.817,  0.800,0.00000,  0.000,
mon_rep231013,2023-10-13T10:41:24,176.866,  0.400,1,0,247, 25.000, 14.525,  0.000,-23.077, 13.525, 13.800,  0.000, 14.825, 13.530,  1.295,  0.800,  0.817,  0.800,0.00000,  0.000,
mon_rep231013,2023-10-13T10:41:25,177.266,  0.400,1,0,247, 25.000, 14.525,  0.000,-23.077, 13.525, 13.800,  0.000, 14.825, 13.530,  1.295,  0.800,  0.817,  0.800,0.00000,  0.000,
mon_rep231013,2023-10-13T10:41:25,177.666,  0.400,1,0,247, 25.000, 14.525,  0.000,-23.077, 13.525, 13.800,  0.000, 14.825, 13.530,  1.295,  0.800,  0.817,  0.800,0.00000,  0.000,
mon_rep231013,2023-10-13T10:41:26,178.066,  0.400,1,0,247, 25.000, 14.525,  0.000,-23.077, 13.525, 13.800,  0.000, 14.825, 13.530,  1.295,  0.800,  0.817,  0.800,0.00000,  0.000,
mon_rep231013,2023-10-13T10:41:26,178.466,  0.400,1,0,247, 25.000, 14.525,  0.000,-23.077, 13.525, 13.800,  0.000, 14.825, 13.530,  1.295,  0.800,  0.817,  0.800,0.00000,  0.000,
mon_rep231013,2023-10-13T10:41:26,178.866,  0.400,1,0,247, 25.000, 14.525,  0.000,-23.077, 13.525, 13.800,  0.000, 14.825, 13.530,  1.295,  0.800,  0.817,  0.800,0.00000,  0.000,
mon_rep231013,2023-10-13T10:41:27,179.266,  0.400,1,0,247, 25.000, 14.525,  0.000,-23.077, 13.525, 13.800,  0.000, 14.825, 13.530,  1.295,  0.800,  0.817,  0.800,0.00000,  0.000,
mon_rep231013,2023-10-13T10:41:27,179.666,  0.400,1,0,247, 25.000, 14.525,  0.000,-23.077, 13.525, 13.800,  0.000, 14.825, 13.530,  1.295,  0.800,  0.817,  0.800,0.00000,  0.000,
mon_rep231013,2023-10-13T10:41:28,180.066,  0.400,1,0,247, 25.000, 14.525,  0.000,-23.077, 13.525, 13.800,  0.000, 14.825, 13.530,  1.295,  0.800,  0.817,  0.800,0.00000,  0.000,
mon_rep231013,2023-10-13T10:41:28,180.466,  0.400,1,0,247, 25.000, 14.525,  0.000,-23.077, 13.525, 13.800,  0.000, 14.825, 13.530,  1.295,  0.800,  0.817,  0.800,0.00000,  0.000,
mon_rep231013,2023-10-13T10:41:28,180.866,  0.400,1,0,247, 25.000, 14.525,  0.000,-23.077, 13.525, 13.800,  0.000, 14.825, 13.530,  1.295,  0.800,  0.817,  0.800,0.00000,  0.000,
mon_rep231013,2023-10-13T10:41:29,181.266,  0.400,1,0,247, 25.000, 14.525,  0.000,-23.077, 13.525, 13.800,  0.000, 14.825, 13.530,  1.295,  0.800,  0.818,  0.800,0.00000,  0.000,
mon_rep231013,2023-10-13T10:41:29,181.666,  0.400,1,0,247, 25.000, 14.525,  0.000,-23.077, 13.525, 13.800,  0.000, 14.825, 13.530,  1.295,  0.800,  0.818,  0.800,0.00000,  0.000,
mon_rep231013,2023-10-13T10:41:30,182.066,  0.400,1,0,247, 25.000, 14.525,  0.000,-23.077, 13.525, 13.800,  0.000, 14.825, 13.530,  1.295,  0.800,  0.818,  0.800,0.00000,  0.000,
mon_rep231013,2023-10-13T10:41:30,182.466,  0.400,1,0,247, 25.000, 14.525,  0.000,-23.077, 13.525, 13.800,  0.000, 14.825, 13.530,  1.295,  0.800,  0.818,  0.800,0.00000,  0.000,
mon_rep231013,2023-10-13T10:41:30,182.866,  0.400,1,0,247, 25.000, 14.525,  0.000,-23.077, 13.525, 13.800,  0.000, 14.825, 13.530,  1.295,  0.800,  0.818,  0.800,0.00000,  0.000,
mon_rep231013,2023-10-13T10:41:31,183.266,  0.400,1,0,247, 25.000, 14.525,  0.000,-23.077, 13.525, 13.800,  0.000, 14.825, 13.530,  1.295,  0.800,  0.818,  0.800,0.00000,  0.000,
mon_rep231013,2023-10-13T10:41:31,183.666,  0.400,1,0,247, 25.000, 14.525,  0.000,-23.077, 13.525, 13.800,  0.000, 14.825, 13.530,  1.295,  0.800,  0.818,  0.800,0.00000,  0.000,
mon_rep231013,2023-10-13T10:41:32,184.066,  0.400,1,0,247, 25.000, 14.525,  0.000,-23.077, 13.525, 13.800,  0.000, 14.825, 13.530,  1.295,  0.800,  0.818,  0.800,0.00000,  0.000,
mon_rep231013,2023-10-13T10:41:32,184.466,  0.400,1,0,247, 25.000, 14.525,  0.000,-23.077, 13.525, 13.800,  0.000, 14.825, 13.530,  1.295,  0.800,  0.818,  0.800,0.00000,  0.000,
mon_rep231013,2023-10-13T10:41:32,184.866,  0.400,1,0,247, 25.000, 14.525,  0.000,-23.077, 13.525, 13.800,  0.000, 14.825, 13.530,  1.295,  0.800,  0.818,  0.800,0.00000,  0.000,
mon_rep231013,2023-10-13T10:41:33,185.266,  0.400,1,0,247, 25.000, 14.525,  0.000,-23.077, 13.525, 13.800,  0.000, 14.825, 13.530,  1.295,  0.800,  0.818,  0.800,0.00000,  0.000,
mon_rep231013,2023-10-13T10:41:33,185.666,  0.400,1,0,247, 25.000, 14.525,  0.000,-23.077, 13.525, 13.800,  0.000, 14.825, 13.530,  1.295,  0.800,  0.818,  0.800,0.00000,  0.000,
mon_rep231013,2023-10-13T10:41:34,186.066,  0.400,1,0,247, 25.000, 14.525,  0.000,-23.077, 13.525, 13.800,  0.000, 14.825, 13.530,  1.295,  0.800,  0.818,  0.800,0.00000,  0.000,
mon_rep231013,2023-10-13T10:41:34,186.466,  0.400,1,0,247, 25.000, 14.525,  0.000,-23.077, 13.525, 13.800,  0.000, 14.825, 13.530,  1.295,  0.800,  0.818,  0.800,0.00000,  0.000,
mon_rep231013,2023-10-13T10:41:34,186.866,  0.400,1,0,247, 25.000, 14.525,  0.000,-23.077, 13.525, 13.800,  0.000, 14.825, 13.530,  1.295,  0.800,  0.818,  0.800,0.00000,  0.000,
mon_rep231013,2023-10-13T10:41:35,187.266,  0.400,1,0,247, 25.000, 14.525,  0.000,-23.077, 13.525, 13.800,  0.000, 14.825, 13.530,  1.295,  0.800,  0.819,  0.800,0.00000,  0.000,
mon_rep231013,2023-10-13T10:41:35,187.666,  0.400,1,0,247, 25.000, 14.525,  0.000,-23.077, 13.525, 13.800,  0.000, 14.825, 13.530,  1.295,  0.800,  0.819,  0.800,0.00000,  0.000,
mon_rep231013,2023-10-13T10:41:36,188.066,  0.400,1,0,247, 25.000, 14.525,  0.000,-23.077, 13.525, 13.800,  0.000, 14.825, 13.530,  1.295,  0.800,  0.819,  0.800,0.00000,  0.000,
mon_rep231013,2023-10-13T10:41:36,188.466,  0.400,1,0,247, 25.000, 14.525,  0.000,-23.077, 13.525, 13.800,  0.000, 14.825, 13.530,  1.295,  0.800,  0.819,  0.800,0.00000,  0.000,
mon_rep231013,2023-10-13T10:41:36,188.866,  0.400,1,0,247, 25.000, 14.525,  0.000,-23.077, 13.525, 13.800,  0.000, 14.825, 13.530,  1.295,  0.800,  0.819,  0.800,0.00000,  0.000,
mon_rep231013,2023-10-13T10:41:37,189.266,  0.400,1,0,247, 25.000, 14.525,  0.000,-23.077, 13.525, 13.800,  0.000, 14.825, 13.531,  1.294,  0.800,  0.819,  0.800,0.00000,  0.000,
mon_rep231013,2023-10-13T10:41:37,189.666,  0.400,1,0,247, 25.000, 14.525,  0.000,-23.077, 13.525, 13.800,  0.000, 14.825, 13.531,  1.294,  0.800,  0.819,  0.800,0.00000,  0.000,
mon_rep231013,2023-10-13T10:41:38,190.066,  0.400,1,0,247, 25.000, 14.525,  0.000,-23.077, 13.525, 13.800,  0.000, 14.825, 13.531,  1.294,  0.800,  0.819,  0.800,0.00000,  0.000,
mon_rep231013,2023-10-13T10:41:38,190.466,  0.400,1,0,247, 25.000, 14.525,  0.000,-23.077, 13.525, 13.800,  0.000, 14.825, 13.531,  1.294,  0.800,  0.819,  0.800,0.00000,  0.000,
mon_rep231013,2023-10-13T10:41:38,190.866,  0.400,1,0,247, 25.000, 14.525,  0.000,-23.077, 13.525, 13.800,  0.000, 14.825, 13.531,  1.294,  0.800,  0.819,  0.800,0.00000,  0.000,
mon_rep231013,2023-10-13T10:41:39,191.266,  0.400,1,0,247, 25.000, 14.525,  0.000,-23.077, 13.525, 13.800,  0.000, 14.825, 13.531,  1.294,  0.800,  0.819,  0.800,0.00000,  0.000,
mon_rep231013,2023-10-13T10:41:39,191.666,  0.400,1,0,247, 25.000, 14.525,  0.000,-23.077, 13.525, 13.800,  0.000, 14.825, 13.531,  1.294,  0.800,  0.819,  0.800,0.00000,  0.000,
mon_rep231013,2023-10-13T10:41:40,192.066,  0.400,1,0,247, 25.000, 14.525,  0.000,-23.077, 13.525, 13.800,  0.000, 14.825, 13.531,  1.294,  0.800,  0.819,  0.800,0.00000,  0.000,
mon_rep231013,2023-10-13T10:41:40,192.466,  0.400,1,0,247, 25.000, 14.525,  0.000,-23.077, 13.525, 13.800,  0.000, 14.825, 13.531,  1.294,  0.800,  0.819,  0.800,0.00000,  0.000,
mon_rep231013,2023-10-13T10:41:40,192.866,  0.400,1,0,247, 25.000, 14.525,  0.000,-23.077, 13.525, 13.800,  0.000, 14.825, 13.531,  1.294,  0.800,  0.819,  0.800,0.00000,  0.000,
mon_rep231013,2023-10-13T10:41:41,193.266,  0.400,1,0,247, 25.000, 14.525,  0.000,-23.077, 13.525, 13.800,  0.000, 14.825, 13.531,  1.294,  0.800,  0.820,  0.800,0.00000,  0.000,
mon_rep231013,2023-10-13T10:41:41,193.666,  0.400,1,0,247, 25.000, 14.525,  0.000,-23.077, 13.525, 13.800,  0.000, 14.825, 13.531,  1.294,  0.800,  0.820,  0.800,0.00000,  0.000,
mon_rep231013,2023-10-13T10:41:42,194.066,  0.400,1,0,247, 25.000, 14.525,  0.000,-23.077, 13.525, 13.800,  0.000, 14.825, 13.531,  1.294,  0.800,  0.820,  0.800,0.00000,  0.000,
mon_rep231013,2023-10-13T10:41:42,194.466,  0.400,1,0,247, 25.000, 14.525,  0.000,-23.077, 13.525, 13.800,  0.000, 14.825, 13.531,  1.294,  0.800,  0.820,  0.800,0.00000,  0.000,
mon_rep231013,2023-10-13T10:41:42,194.866,  0.400,1,0,247, 25.000, 14.525,  0.000,-23.077, 13.525, 13.800,  0.000, 14.825, 13.531,  1.294,  0.800,  0.820,  0.800,0.00000,  0.000,
mon_rep231013,2023-10-13T10:41:43,195.266,  0.400,1,0,247, 25.000, 14.525,  0.000,-23.077, 13.525, 13.800,  0.000, 14.825, 13.531,  1.294,  0.800,  0.820,  0.800,0.00000,  0.000,
mon_rep231013,2023-10-13T10:41:43,195.666,  0.400,1,0,247, 25.000, 14.525,  0.000,-23.077, 13.525, 13.800,  0.000, 14.825, 13.531,  1.294,  0.800,  0.820,  0.800,0.00000,  0.000,
mon_rep231013,2023-10-13T10:41:44,196.066,  0.400,1,0,247, 25.000, 14.525,  0.000,-23.077, 13.525, 13.800,  0.000, 14.825, 13.531,  1.294,  0.800,  0.820,  0.800,0.00000,  0.000,
mon_rep231013,2023-10-13T10:41:44,196.466,  0.400,1,0,247, 25.000, 14.525,  0.000,-23.077, 13.525, 13.800,  0.000, 14.825, 13.531,  1.294,  0.800,  0.820,  0.800,0.00000,  0.000,
mon_rep231013,2023-10-13T10:41:44,196.866,  0.400,1,0,247, 25.000, 14.525,  0.000,-23.077, 13.525, 13.800,  0.000, 14.825, 13.531,  1.294,  0.800,  0.820,  0.800,0.00000,  0.000,
mon_rep231013,2023-10-13T10:41:45,197.266,  0.400,1,0,247, 25.000, 14.525,  0.000,-23.077, 13.525, 13.800,  0.000, 14.825, 13.531,  1.294,  0.800,  0.820,  0.800,0.00000,  0.000,
mon_rep231013,2023-10-13T10:41:45,197.666,  0.400,1,0,247, 25.000, 14.525,  0.000,-23.077, 13.525, 13.800,  0.000, 14.825, 13.531,  1.294,  0.800,  0.820,  0.800,0.00000,  0.000,
mon_rep231013,2023-10-13T10:41:46,198.066,  0.400,1,0,247, 25.000, 14.525,  0.000,-23.077, 13.525, 13.800,  0.000, 14.825, 13.531,  1.294,  0.800,  0.820,  0.800,0.00000,  0.000,
mon_rep231013,2023-10-13T10:41:46,198.466,  0.400,1,0,247, 25.000, 14.525,  0.000,-23.077, 13.525, 13.800,  0.000, 14.825, 13.531,  1.294,  0.800,  0.820,  0.800,0.00000,  0.000,
mon_rep231013,2023-10-13T10:41:46,198.866,  0.400,1,0,247, 25.000, 14.525,  0.000,-23.077, 13.525, 13.800,  0.000, 14.825, 13.531,  1.294,  0.800,  0.820,  0.800,0.00000,  0.000,
mon_rep231013,2023-10-13T10:41:47,199.266,  0.400,1,0,247, 25.000, 14.525,  0.000,-23.077, 13.525, 13.800,  0.000, 14.825, 13.531,  1.294,  0.800,  0.821,  0.800,0.00000,  0.000,
mon_rep231013,2023-10-13T10:41:47,199.666,  0.400,1,0,247, 25.000, 14.525,  0.000,-23.077, 13.525, 13.800,  0.000, 14.825, 13.531,  1.294,  0.800,  0.821,  0.800,0.00000,  0.000,
mon_rep231013,2023-10-13T10:41:48,200.066,  0.400,1,0,247, 25.000, 14.525,  0.000,-23.077, 13.525, 13.800,  0.000, 14.825, 13.531,  1.294,  0.800,  0.821,  0.800,0.00000,  0.000,
mon_rep231013,2023-10-13T10:41:48,200.466,  0.400,1,0,247, 25.000, 14.525,  0.000,-23.077, 13.525, 13.800,  0.000, 14.825, 13.531,  1.294,  0.800,  0.821,  0.800,0.00000,  0.000,
mon_rep231013,2023-10-13T10:41:48,200.866,  0.400,1,0,247, 25.000, 14.525,  0.000,-23.077, 13.525, 13.800,  0.000, 14.825, 13.531,  1.294,  0.800,  0.821,  0.800,0.00000,  0.000,
mon_rep231013,2023-10-13T10:41:49,201.266,  0.400,1,0,247, 25.000, 14.525,  0.000,-23.077, 13.525, 13.800,  0.000, 14.825, 13.531,  1.294,  0.800,  0.821,  0.800,0.00000,  0.000,
mon_rep231013,2023-10-13T10:41:49,201.666,  0.400,1,0,247, 25.000, 14.525,  0.000,-23.077, 13.525, 13.800,  0.000, 14.825, 13.531,  1.294,  0.800,  0.821,  0.800,0.00000,  0.000,
mon_rep231013,2023-10-13T10:41:50,202.066,  0.400,1,0,247, 25.000, 14.525,  0.000,-23.077, 13.525, 13.800,  0.000, 14.825, 13.531,  1.294,  0.800,  0.821,  0.800,0.00000,  0.000,
mon_rep231013,2023-10-13T10:41:50,202.466,  0.400,1,0,247, 25.000, 14.525,  0.000,-23.077, 13.525, 13.800,  0.000, 14.825, 13.531,  1.294,  0.800,  0.821,  0.800,0.00000,  0.000,
mon_rep231013,2023-10-13T10:41:50,202.866,  0.400,1,0,247, 25.000, 14.525,  0.000,-23.077, 13.525, 13.800,  0.000, 14.825, 13.531,  1.294,  0.800,  0.821,  0.800,0.00000,  0.000,
mon_rep231013,2023-10-13T10:41:51,203.266,  0.400,1,0,247, 25.000, 14.525,  0.000,-23.077, 13.525, 13.800,  0.000, 14.825, 13.531,  1.294,  0.800,  0.821,  0.800,0.00000,  0.000,
mon_rep231013,2023-10-13T10:41:51,203.666,  0.400,1,0,247, 25.000, 14.525,  0.000,-23.077, 13.525, 13.800,  0.000, 14.825, 13.531,  1.294,  0.800,  0.821,  0.800,0.00000,  0.000,
mon_rep231013,2023-10-13T10:41:52,204.066,  0.400,1,0,247, 25.000, 14.525,  0.000,-23.077, 13.525, 13.800,  0.000, 14.825, 13.531,  1.294,  0.800,  0.821,  0.800,0.00000,  0.000,
mon_rep231013,2023-10-13T10:41:52,204.466,  0.400,1,0,247, 25.000, 14.525,  0.000,-23.077, 13.525, 13.800,  0.000, 14.825, 13.531,  1.294,  0.800,  0.821,  0.800,0.00000,  0.000,
mon_rep231013,2023-10-13T10:41:52,204.866,  0.400,1,0,247, 25.000, 14.525,  0.000,-23.077, 13.525, 13.800,  0.000, 14.825, 13.531,  1.294,  0.800,  0.821,  0.800,0.00000,  0.000,
mon_rep231013,2023-10-13T10:41:53,205.266,  0.400,1,0,247, 25.000, 14.525,  0.000,-23.077, 13.525, 13.800,  0.000, 14.825, 13.531,  1.294,  0.800,  0.822,  0.800,0.00000,  0.000,
mon_rep231013,2023-10-13T10:41:53,205.666,  0.400,1,0,247, 25.000, 14.525,  0.000,-23.077, 13.525, 13.800,  0.000, 14.825, 13.531,  1.294,  0.800,  0.822,  0.800,0.00000,  0.000,
mon_rep231013,2023-10-13T10:41:54,206.066,  0.400,1,0,247, 25.000, 14.525,  0.000,-23.077, 13.525, 13.800,  0.000, 14.825, 13.531,  1.294,  0.800,  0.822,  0.800,0.00000,  0.000,
mon_rep231013,2023-10-13T10:41:54,206.466,  0.400,1,0,247, 25.000, 14.525,  0.000,-23.077, 13.525, 13.800,  0.000, 14.825, 13.531,  1.294,  0.800,  0.822,  0.800,0.00000,  0.000,
mon_rep231013,2023-10-13T10:41:54,206.866,  0.400,1,0,247, 25.000, 14.525,  0.000,-23.077, 13.525, 13.800,  0.000, 14.825, 13.531,  1.294,  0.800,  0.822,  0.800,0.00000,  0.000,
mon_rep231013,2023-10-13T10:41:55,207.266,  0.400,1,0,247, 25.000, 14.525,  0.000,-23.077, 13.525, 13.800,  0.000, 14.825, 13.532,  1.293,  0.800,  0.822,  0.800,0.00000,  0.000,
mon_rep231013,2023-10-13T10:41:55,207.666,  0.400,1,0,247, 25.000, 14.525,  0.000,-23.077, 13.525, 13.800,  0.000, 14.825, 13.532,  1.293,  0.800,  0.822,  0.800,0.00000,  0.000,
mon_rep231013,2023-10-13T10:41:56,208.066,  0.400,1,0,247, 25.000, 14.525,  0.000,-23.077, 13.525, 13.800,  0.000, 14.825, 13.532,  1.293,  0.800,  0.822,  0.800,0.00000,  0.000,
mon_rep231013,2023-10-13T10:41:56,208.466,  0.400,1,0,247, 25.000, 14.525,  0.000,-23.077, 13.525, 13.800,  0.000, 14.825, 13.532,  1.293,  0.800,  0.822,  0.800,0.00000,  0.000,
mon_rep231013,2023-10-13T10:41:56,208.866,  0.400,1,0,247, 25.000, 14.525,  0.000,-23.077, 13.525, 13.800,  0.000, 14.825, 13.532,  1.293,  0.800,  0.822,  0.800,0.00000,  0.000,
mon_rep231013,2023-10-13T10:41:57,209.266,  0.400,1,0,247, 25.000, 14.525,  0.000,-23.077, 13.525, 13.800,  0.000, 14.825, 13.532,  1.293,  0.800,  0.822,  0.800,0.00000,  0.000,
mon_rep231013,2023-10-13T10:41:57,209.666,  0.400,1,0,247, 25.000, 14.525,  0.000,-23.077, 13.525, 13.800,  0.000, 14.825, 13.532,  1.293,  0.800,  0.822,  0.800,0.00000,  0.000,
mon_rep231013,2023-10-13T10:41:58,210.066,  0.400,1,0,247, 25.000, 14.525,  0.000,-23.077, 13.525, 13.800,  0.000, 14.825, 13.532,  1.293,  0.800,  0.822,  0.800,0.00000,  0.000,
mon_rep231013,2023-10-13T10:41:58,210.466,  0.400,1,0,247, 25.000, 14.525,  0.000,-23.077, 13.525, 13.800,  0.000, 14.825, 13.532,  1.293,  0.800,  0.822,  0.800,0.00000,  0.000,
mon_rep231013,2023-10-13T10:41:58,210.866,  0.400,1,0,247, 25.000, 14.525,  0.000,-23.077, 13.525, 13.800,  0.000, 14.825, 13.532,  1.293,  0.800,  0.822,  0.800,0.00000,  0.000,
mon_rep231013,2023-10-13T10:41:59,211.266,  0.400,1,0,247, 25.000, 14.525,  0.000,-23.077, 13.525, 13.800,  0.000, 14.825, 13.532,  1.293,  0.800,  0.823,  0.800,0.00000,  0.000,
mon_rep231013,2023-10-13T10:41:59,211.666,  0.400,1,0,247, 25.000, 14.525,  0.000,-23.077, 13.525, 13.800,  0.000, 14.825, 13.532,  1.293,  0.800,  0.823,  0.800,0.00000,  0.000,
mon_rep231013,2023-10-13T10:42:00,212.066,  0.400,1,0,247, 25.000, 14.525,  0.000,-23.077, 13.525, 13.800,  0.000, 14.825, 13.532,  1.293,  0.800,  0.823,  0.800,0.00000,  0.000,
mon_rep231013,2023-10-13T10:42:00,212.466,  0.400,1,0,247, 25.000, 14.525,  0.000,-23.077, 13.525, 13.800,  0.000, 14.825, 13.532,  1.293,  0.800,  0.823,  0.800,0.00000,  0.000,
mon_rep231013,2023-10-13T10:42:00,212.866,  0.400,1,0,247, 25.000, 14.525,  0.000,-23.077, 13.525, 13.800,  0.000, 14.825, 13.532,  1.293,  0.800,  0.823,  0.800,0.00000,  0.000,
mon_rep231013,2023-10-13T10:42:01,213.266,  0.400,1,0,247, 25.000, 14.525,  0.000,-23.077, 13.525, 13.800,  0.000, 14.825, 13.532,  1.293,  0.800,  0.823,  0.800,0.00000,  0.000,
mon_rep231013,2023-10-13T10:42:01,213.666,  0.400,1,0,247, 25.000, 14.525,  0.000,-23.077, 13.525, 13.800,  0.000, 14.825, 13.532,  1.293,  0.800,  0.823,  0.800,0.00000,  0.000,
mon_rep231013,2023-10-13T10:42:02,214.066,  0.400,1,0,247, 25.000, 14.525,  0.000,-23.077, 13.525, 13.800,  0.000, 14.825, 13.532,  1.293,  0.800,  0.823,  0.800,0.00000,  0.000,
mon_rep231013,2023-10-13T10:42:02,214.466,  0.400,1,0,247, 25.000, 14.525,  0.000,-23.077, 13.525, 13.800,  0.000, 14.825, 13.532,  1.293,  0.800,  0.823,  0.800,0.00000,  0.000,
mon_rep231013,2023-10-13T10:42:02,214.866,  0.400,1,0,247, 25.000, 14.525,  0.000,-23.077, 13.525, 13.800,  0.000, 14.825, 13.532,  1.293,  0.800,  0.823,  0.800,0.00000,  0.000,
mon_rep231013,2023-10-13T10:42:03,215.266,  0.400,1,0,247, 25.000, 14.525,  0.000,-23.077, 13.525, 13.800,  0.000, 14.825, 13.532,  1.293,  0.800,  0.824,  0.800,0.00000,  0.000,
mon_rep231013,2023-10-13T10:42:03,215.666,  0.400,1,0,247, 25.000, 14.525,  0.000,-23.077, 13.525, 13.800,  0.000, 14.825, 13.532,  1.293,  0.800,  0.824,  0.800,0.00000,  0.000,
mon_rep231013,2023-10-13T10:42:04,216.066,  0.400,1,0,247, 25.000, 14.525,  0.000,-23.077, 13.525, 13.800,  0.000, 14.825, 13.532,  1.293,  0.800,  0.824,  0.800,0.00000,  0.000,
mon_rep231013,2023-10-13T10:42:04,216.466,  0.400,1,0,247, 25.000, 14.525,  0.000,-23.077, 13.525, 13.800,  0.000, 14.825, 13.532,  1.293,  0.800,  0.824,  0.800,0.00000,  0.000,
mon_rep231013,2023-10-13T10:42:04,216.866,  0.400,1,0,247, 25.000, 14.525,  0.000,-23.077, 13.525, 13.800,  0.000, 14.825, 13.532,  1.293,  0.800,  0.824,  0.800,0.00000,  0.000,
mon_rep231013,2023-10-13T10:42:05,217.266,  0.400,1,0,247, 25.000, 14.525,  0.000,-23.077, 13.525, 13.800,  0.000, 14.825, 13.532,  1.293,  0.800,  0.824,  0.800,0.00000,  0.000,
mon_rep231013,2023-10-13T10:42:05,217.666,  0.400,1,0,247, 25.000, 14.525,  0.000,-23.077, 13.525, 13.800,  0.000, 14.825, 13.532,  1.293,  0.800,  0.824,  0.800,0.00000,  0.000,
mon_rep231013,2023-10-13T10:42:06,218.066,  0.400,1,0,247, 25.000, 14.525,  0.000,-23.077, 13.525, 13.800,  0.000, 14.825, 13.532,  1.293,  0.800,  0.824,  0.800,0.00000,  0.000,
mon_rep231013,2023-10-13T10:42:06,218.466,  0.400,1,0,247, 25.000, 14.525,  0.000,-23.077, 13.525, 13.800,  0.000, 14.825, 13.532,  1.293,  0.800,  0.824,  0.800,0.00000,  0.000,
mon_rep231013,2023-10-13T10:42:06,218.866,  0.400,1,0,247, 25.000, 14.525,  0.000,-23.077, 13.525, 13.800,  0.000, 14.825, 13.532,  1.293,  0.800,  0.824,  0.800,0.00000,  0.000,
mon_rep231013,2023-10-13T10:42:07,219.266,  0.400,1,0,247, 25.000, 14.525,  0.000,-23.077, 13.525, 13.800,  0.000, 14.825, 13.532,  1.293,  0.800,  0.824,  0.800,0.00000,  0.000,
mon_rep231013,2023-10-13T10:42:07,219.666,  0.400,1,0,247, 25.000, 14.525,  0.000,-23.077, 13.525, 13.800,  0.000, 14.825, 13.532,  1.293,  0.800,  0.824,  0.800,0.00000,  0.000,
mon_rep231013,2023-10-13T10:42:08,220.066,  0.400,1,0,247, 25.000, 14.525,  0.000,-23.077, 13.525, 13.800,  0.000, 14.825, 13.532,  1.293,  0.800,  0.824,  0.800,0.00000,  0.000,
mon_rep231013,2023-10-13T10:42:08,220.466,  0.400,1,0,247, 25.000, 14.525,  0.000,-23.077, 13.525, 13.800,  0.000, 14.825, 13.532,  1.293,  0.800,  0.824,  0.800,0.00000,  0.000,
mon_rep231013,2023-10-13T10:42:08,220.866,  0.400,1,0,247, 25.000, 14.525,  0.000,-23.077, 13.525, 13.800,  0.000, 14.825, 13.532,  1.293,  0.800,  0.824,  0.800,0.00000,  0.000,
mon_rep231013,2023-10-13T10:42:09,221.266,  0.400,1,0,247, 25.000, 14.525,  0.000,-23.077, 13.525, 13.800,  0.000, 14.825, 13.532,  1.293,  0.800,  0.825,  0.800,0.00000,  0.000,
mon_rep231013,2023-10-13T10:42:09,221.666,  0.400,1,0,247, 25.000, 14.525,  0.000,-23.077, 13.525, 13.800,  0.000, 14.825, 13.532,  1.293,  0.800,  0.825,  0.800,0.00000,  0.000,
mon_rep231013,2023-10-13T10:42:10,222.066,  0.400,1,0,247, 25.000, 14.525,  0.000,-23.077, 13.525, 13.800,  0.000, 14.825, 13.532,  1.293,  0.800,  0.825,  0.800,0.00000,  0.000,
mon_rep231013,2023-10-13T10:42:10,222.466,  0.400,1,0,247, 25.000, 14.525,  0.000,-23.077, 13.525, 13.800,  0.000, 14.825, 13.532,  1.293,  0.800,  0.825,  0.800,0.00000,  0.000,
mon_rep231013,2023-10-13T10:42:10,222.866,  0.400,1,0,247, 25.000, 14.525,  0.000,-23.077, 13.525, 13.800,  0.000, 14.825, 13.532,  1.293,  0.800,  0.825,  0.800,0.00000,  0.000,
mon_rep231013,2023-10-13T10:42:11,223.266,  0.400,1,0,247, 25.000, 14.525,  0.000,-23.077, 13.525, 13.800,  0.000, 14.825, 13.532,  1.293,  0.800,  0.825,  0.800,0.00000,  0.000,
mon_rep231013,2023-10-13T10:42:11,223.666,  0.400,1,0,247, 25.000, 14.525,  0.000,-23.077, 13.525, 13.800,  0.000, 14.825, 13.532,  1.293,  0.800,  0.825,  0.800,0.00000,  0.000,
mon_rep231013,2023-10-13T10:42:12,224.066,  0.400,1,0,247, 25.000, 14.525,  0.000,-23.077, 13.525, 13.800,  0.000, 14.825, 13.532,  1.293,  0.800,  0.825,  0.800,0.00000,  0.000,
mon_rep231013,2023-10-13T10:42:12,224.466,  0.400,1,0,247, 25.000, 14.525,  0.000,-23.077, 13.525, 13.800,  0.000, 14.825, 13.532,  1.293,  0.800,  0.825,  0.800,0.00000,  0.000,
mon_rep231013,2023-10-13T10:42:12,224.866,  0.400,1,0,247, 25.000, 14.525,  0.000,-23.077, 13.525, 13.800,  0.000, 14.825, 13.532,  1.293,  0.800,  0.825,  0.800,0.00000,  0.000,
mon_rep231013,2023-10-13T10:42:13,225.266,  0.400,1,0,247, 25.000, 14.525,  0.000,-23.077, 13.525, 13.800,  0.000, 14.825, 13.533,  1.292,  0.800,  0.826,  0.800,0.00000,  0.000,
mon_rep231013,2023-10-13T10:42:13,225.666,  0.400,1,0,247, 25.000, 14.525,  0.000,-23.077, 13.525, 13.800,  0.000, 14.825, 13.533,  1.292,  0.800,  0.826,  0.800,0.00000,  0.000,
mon_rep231013,2023-10-13T10:42:14,226.066,  0.400,1,0,247, 25.000, 14.525,  0.000,-23.077, 13.525, 13.800,  0.000, 14.825, 13.533,  1.292,  0.800,  0.826,  0.800,0.00000,  0.000,
mon_rep231013,2023-10-13T10:42:14,226.466,  0.400,1,0,247, 25.000, 14.525,  0.000,-23.077, 13.525, 13.800,  0.000, 14.825, 13.533,  1.292,  0.800,  0.826,  0.800,0.00000,  0.000,
mon_rep231013,2023-10-13T10:42:14,226.866,  0.400,1,0,247, 25.000, 14.525,  0.000,-23.077, 13.525, 13.800,  0.000, 14.825, 13.533,  1.292,  0.800,  0.826,  0.800,0.00000,  0.000,
mon_rep231013,2023-10-13T10:42:15,227.266,  0.400,1,0,247, 25.000, 14.525,  0.000,-23.077, 13.525, 13.800,  0.000, 14.825, 13.533,  1.292,  0.800,  0.826,  0.800,0.00000,  0.000,
mon_rep231013,2023-10-13T10:42:15,227.666,  0.400,1,0,247, 25.000, 14.525,  0.000,-23.077, 13.525, 13.800,  0.000, 14.825, 13.533,  1.292,  0.800,  0.826,  0.800,0.00000,  0.000,
mon_rep231013,2023-10-13T10:42:16,228.066,  0.400,1,0,247, 25.000, 14.525,  0.000,-23.077, 13.525, 13.800,  0.000, 14.825, 13.533,  1.292,  0.800,  0.826,  0.800,0.00000,  0.000,
mon_rep231013,2023-10-13T10:42:16,228.466,  0.400,1,0,247, 25.000, 14.525,  0.000,-23.077, 13.525, 13.800,  0.000, 14.825, 13.533,  1.292,  0.800,  0.826,  0.800,0.00000,  0.000,
mon_rep231013,2023-10-13T10:42:16,228.866,  0.400,1,0,247, 25.000, 14.525,  0.000,-23.077, 13.525, 13.800,  0.000, 14.825, 13.533,  1.292,  0.800,  0.826,  0.800,0.00000,  0.000,
mon_rep231013,2023-10-13T10:42:17,229.266,  0.400,1,0,247, 25.000, 14.525,  0.000,-23.077, 13.525, 13.800,  0.000, 14.825, 13.533,  1.292,  0.800,  0.826,  0.800,0.00000,  0.000,
mon_rep231013,2023-10-13T10:42:17,229.666,  0.400,1,0,247, 25.000, 14.525,  0.000,-23.077, 13.525, 13.800,  0.000, 14.825, 13.533,  1.292,  0.800,  0.826,  0.800,0.00000,  0.000,
mon_rep231013,2023-10-13T10:42:18,230.066,  0.400,1,0,247, 25.000, 14.525,  0.000,-23.077, 13.525, 13.800,  0.000, 14.825, 13.533,  1.292,  0.800,  0.826,  0.800,0.00000,  0.000,
mon_rep231013,2023-10-13T10:42:18,230.466,  0.400,1,0,247, 25.000, 14.525,  0.000,-23.077, 13.525, 13.800,  0.000, 14.825, 13.533,  1.292,  0.800,  0.826,  0.800,0.00000,  0.000,
mon_rep231013,2023-10-13T10:42:18,230.866,  0.400,1,0,247, 25.000, 14.525,  0.000,-23.077, 13.525, 13.800,  0.000, 14.825, 13.533,  1.292,  0.800,  0.826,  0.800,0.00000,  0.000,
mon_rep231013,2023-10-13T10:42:19,231.266,  0.400,1,0,247, 25.000, 14.525,  0.000,-23.077, 13.525, 13.800,  0.000, 14.825, 13.533,  1.292,  0.800,  0.827,  0.800,0.00000,  0.000,
mon_rep231013,2023-10-13T10:42:19,231.666,  0.400,1,0,247, 25.000, 14.525,  0.000,-23.077, 13.525, 13.800,  0.000, 14.825, 13.533,  1.292,  0.800,  0.827,  0.800,0.00000,  0.000,
mon_rep231013,2023-10-13T10:42:20,232.066,  0.400,1,0,247, 25.000, 14.525,  0.000,-23.077, 13.525, 13.800,  0.000, 14.825, 13.533,  1.292,  0.800,  0.827,  0.800,0.00000,  0.000,
mon_rep231013,2023-10-13T10:42:20,232.466,  0.400,1,0,247, 25.000, 14.525,  0.000,-23.077, 13.525, 13.800,  0.000, 14.825, 13.533,  1.292,  0.800,  0.827,  0.800,0.00000,  0.000,
mon_rep231013,2023-10-13T10:42:20,232.866,  0.400,1,0,247, 25.000, 14.525,  0.000,-23.077, 13.525, 13.800,  0.000, 14.825, 13.533,  1.292,  0.800,  0.827,  0.800,0.00000,  0.000,
mon_rep231013,2023-10-13T10:42:21,233.266,  0.400,1,0,247, 25.000, 14.525,  0.000,-23.077, 13.525, 13.800,  0.000, 14.825, 13.533,  1.292,  0.800,  0.827,  0.800,0.00000,  0.000,
mon_rep231013,2023-10-13T10:42:21,233.666,  0.400,1,0,247, 25.000, 14.525,  0.000,-23.077, 13.525, 13.800,  0.000, 14.825, 13.533,  1.292,  0.800,  0.827,  0.800,0.00000,  0.000,
mon_rep231013,2023-10-13T10:42:22,234.066,  0.400,1,0,247, 25.000, 14.525,  0.000,-23.077, 13.525, 13.800,  0.000, 14.825, 13.533,  1.292,  0.800,  0.827,  0.800,0.00000,  0.000,
mon_rep231013,2023-10-13T10:42:22,234.466,  0.400,1,0,247, 25.000, 14.525,  0.000,-23.077, 13.525, 13.800,  0.000, 14.825, 13.533,  1.292,  0.800,  0.827,  0.800,0.00000,  0.000,
mon_rep231013,2023-10-13T10:42:22,234.866,  0.400,1,0,247, 25.000, 14.525,  0.000,-23.077, 13.525, 13.800,  0.000, 14.825, 13.533,  1.292,  0.800,  0.827,  0.800,0.00000,  0.000,
mon_rep231013,2023-10-13T10:42:23,235.266,  0.400,1,0,247, 25.000, 14.525,  0.000,-23.077, 13.525, 13.800,  0.000, 14.825, 13.533,  1.292,  0.800,  0.828,  0.800,0.00000,  0.000,
mon_rep231013,2023-10-13T10:42:23,235.666,  0.400,1,0,247, 25.000, 14.525,  0.000,-23.077, 13.525, 13.800,  0.000, 14.825, 13.533,  1.292,  0.800,  0.828,  0.800,0.00000,  0.000,
mon_rep231013,2023-10-13T10:42:24,236.066,  0.400,1,0,247, 25.000, 14.525,  0.000,-23.077, 13.525, 13.800,  0.000, 14.825, 13.533,  1.292,  0.800,  0.828,  0.800,0.00000,  0.000,
mon_rep231013,2023-10-13T10:42:24,236.466,  0.400,1,0,247, 25.000, 14.525,  0.000,-23.077, 13.525, 13.800,  0.000, 14.825, 13.533,  1.292,  0.800,  0.828,  0.800,0.00000,  0.000,
mon_rep231013,2023-10-13T10:42:24,236.866,  0.400,1,0,247, 25.000, 14.525,  0.000,-23.077, 13.525, 13.800,  0.000, 14.825, 13.533,  1.292,  0.800,  0.828,  0.800,0.00000,  0.000,
mon_rep231013,2023-10-13T10:42:25,237.266,  0.400,1,0,247, 25.000, 14.525,  0.000,-23.077, 13.525, 13.800,  0.000, 14.825, 13.533,  1.292,  0.800,  0.828,  0.800,0.00000,  0.000,
mon_rep231013,2023-10-13T10:42:25,237.666,  0.400,1,0,247, 25.000, 14.525,  0.000,-23.077, 13.525, 13.800,  0.000, 14.825, 13.533,  1.292,  0.800,  0.828,  0.800,0.00000,  0.000,
mon_rep231013,2023-10-13T10:42:26,238.066,  0.400,1,0,247, 25.000, 14.525,  0.000,-23.077, 13.525, 13.800,  0.000, 14.825, 13.533,  1.292,  0.800,  0.828,  0.800,0.00000,  0.000,
mon_rep231013,2023-10-13T10:42:26,238.466,  0.400,1,0,247, 25.000, 14.525,  0.000,-23.077, 13.525, 13.800,  0.000, 14.825, 13.533,  1.292,  0.800,  0.828,  0.800,0.00000,  0.000,
mon_rep231013,2023-10-13T10:42:26,238.866,  0.400,1,0,247, 25.000, 14.525,  0.000,-23.077, 13.525, 13.800,  0.000, 14.825, 13.533,  1.292,  0.800,  0.828,  0.800,0.00000,  0.000,
mon_rep231013,2023-10-13T10:42:27,239.266,  0.400,1,0,247, 25.000, 14.525,  0.000,-23.077, 13.525, 13.800,  0.000, 14.825, 13.533,  1.292,  0.800,  0.828,  0.800,0.00000,  0.000,
mon_rep231013,2023-10-13T10:42:27,239.666,  0.400,1,0,247, 25.000, 14.525,  0.000,-23.077, 13.525, 13.800,  0.000, 14.825, 13.533,  1.292,  0.800,  0.828,  0.800,0.00000,  0.000,
mon_rep231013,2023-10-13T10:42:28,240.066,  0.400,1,0,247, 25.000, 14.525,  0.000,-23.077, 13.525, 13.800,  0.000, 14.825, 13.533,  1.292,  0.800,  0.828,  0.800,0.00000,  0.000,
mon_rep231013,2023-10-13T10:42:28,240.466,  0.400,1,0,247, 25.000, 14.525,  0.000,-23.077, 13.525, 13.800,  0.000, 14.825, 13.533,  1.292,  0.800,  0.828,  0.800,0.00000,  0.000,
mon_rep231013,2023-10-13T10:42:28,240.866,  0.400,1,0,247, 25.000, 14.525,  0.000,-23.077, 13.525, 13.800,  0.000, 14.825, 13.533,  1.292,  0.800,  0.828,  0.800,0.00000,  0.000,
mon_rep231013,2023-10-13T10:42:29,241.266,  0.400,1,0,247, 25.000, 14.525,  0.000,-23.077, 13.525, 13.800,  0.000, 14.825, 13.534,  1.291,  0.800,  0.829,  0.800,0.00000,  0.000,
mon_rep231013,2023-10-13T10:42:29,241.666,  0.400,1,0,247, 25.000, 14.525,  0.000,-23.077, 13.525, 13.800,  0.000, 14.825, 13.534,  1.291,  0.800,  0.829,  0.800,0.00000,  0.000,
mon_rep231013,2023-10-13T10:42:30,242.066,  0.400,1,0,247, 25.000, 14.525,  0.000,-23.077, 13.525, 13.800,  0.000, 14.825, 13.534,  1.291,  0.800,  0.829,  0.800,0.00000,  0.000,
mon_rep231013,2023-10-13T10:42:30,242.466,  0.400,1,0,247, 25.000, 14.525,  0.000,-23.077, 13.525, 13.800,  0.000, 14.825, 13.534,  1.291,  0.800,  0.829,  0.800,0.00000,  0.000,
mon_rep231013,2023-10-13T10:42:30,242.866,  0.400,1,0,247, 25.000, 14.525,  0.000,-23.077, 13.525, 13.800,  0.000, 14.825, 13.534,  1.291,  0.800,  0.829,  0.800,0.00000,  0.000,
mon_rep231013,2023-10-13T10:42:31,243.266,  0.400,1,0,247, 25.000, 14.525,  0.000,-23.077, 13.525, 13.800,  0.000, 14.825, 13.534,  1.291,  0.800,  0.829,  0.800,0.00000,  0.000,
mon_rep231013,2023-10-13T10:42:31,243.666,  0.400,1,0,247, 25.000, 14.525,  0.000,-23.077, 13.525, 13.800,  0.000, 14.825, 13.534,  1.291,  0.800,  0.829,  0.800,0.00000,  0.000,
mon_rep231013,2023-10-13T10:42:32,244.066,  0.400,1,0,247, 25.000, 14.525,  0.000,-23.077, 13.525, 13.800,  0.000, 14.825, 13.534,  1.291,  0.800,  0.829,  0.800,0.00000,  0.000,
mon_rep231013,2023-10-13T10:42:32,244.466,  0.400,1,0,247, 25.000, 14.525,  0.000,-23.077, 13.525, 13.800,  0.000, 14.825, 13.534,  1.291,  0.800,  0.829,  0.800,0.00000,  0.000,
mon_rep231013,2023-10-13T10:42:32,244.866,  0.400,1,0,247, 25.000, 14.525,  0.000,-23.077, 13.525, 13.800,  0.000, 14.825, 13.534,  1.291,  0.800,  0.829,  0.800,0.00000,  0.000,
mon_rep231013,2023-10-13T10:42:33,245.266,  0.400,1,0,247, 25.000, 14.525,  0.000,-23.077, 13.525, 13.800,  0.000, 14.825, 13.534,  1.291,  0.800,  0.830,  0.800,0.00000,  0.000,
mon_rep231013,2023-10-13T10:42:33,245.666,  0.400,1,0,247, 25.000, 14.525,  0.000,-23.077, 13.525, 13.800,  0.000, 14.825, 13.534,  1.291,  0.800,  0.830,  0.800,0.00000,  0.000,
mon_rep231013,2023-10-13T10:42:34,246.066,  0.400,1,0,247, 25.000, 14.525,  0.000,-23.077, 13.525, 13.800,  0.000, 14.825, 13.534,  1.291,  0.800,  0.830,  0.800,0.00000,  0.000,
mon_rep231013,2023-10-13T10:42:34,246.466,  0.400,1,0,247, 25.000, 14.525,  0.000,-23.077, 13.525, 13.800,  0.000, 14.825, 13.534,  1.291,  0.800,  0.830,  0.800,0.00000,  0.000,
mon_rep231013,2023-10-13T10:42:34,246.866,  0.400,1,0,247, 25.000, 14.525,  0.000,-23.077, 13.525, 13.800,  0.000, 14.825, 13.534,  1.291,  0.800,  0.830,  0.800,0.00000,  0.000,
mon_rep231013,2023-10-13T10:42:35,247.266,  0.400,1,0,247, 25.000, 14.525,  0.000,-23.077, 13.525, 13.800,  0.000, 14.825, 13.534,  1.291,  0.800,  0.830,  0.800,0.00000,  0.000,
mon_rep231013,2023-10-13T10:42:35,247.666,  0.400,1,0,247, 25.000, 14.525,  0.000,-23.077, 13.525, 13.800,  0.000, 14.825, 13.534,  1.291,  0.800,  0.830,  0.800,0.00000,  0.000,
mon_rep231013,2023-10-13T10:42:36,248.066,  0.400,1,0,247, 25.000, 14.525,  0.000,-23.077, 13.525, 13.800,  0.000, 14.825, 13.534,  1.291,  0.800,  0.830,  0.800,0.00000,  0.000,
mon_rep231013,2023-10-13T10:42:36,248.466,  0.400,1,0,247, 25.000, 14.525,  0.000,-23.077, 13.525, 13.800,  0.000, 14.825, 13.534,  1.291,  0.800,  0.830,  0.800,0.00000,  0.000,
mon_rep231013,2023-10-13T10:42:36,248.866,  0.400,1,0,247, 25.000, 14.525,  0.000,-23.077, 13.525, 13.800,  0.000, 14.825, 13.534,  1.291,  0.800,  0.830,  0.800,0.00000,  0.000,
mon_rep231013,2023-10-13T10:42:37,249.266,  0.400,1,0,247, 25.000, 14.525,  0.000,-23.077, 13.525, 13.800,  0.000, 14.825, 13.534,  1.291,  0.800,  0.831,  0.800,0.00000,  0.000,
mon_rep231013,2023-10-13T10:42:37,249.666,  0.400,1,0,247, 25.000, 14.525,  0.000,-23.077, 13.525, 13.800,  0.000, 14.825, 13.534,  1.291,  0.800,  0.831,  0.800,0.00000,  0.000,
mon_rep231013,2023-10-13T10:42:38,250.066,  0.400,1,0,247, 25.000, 14.525,  0.000,-23.077, 13.525, 13.800,  0.000, 14.825, 13.534,  1.291,  0.800,  0.831,  0.800,0.00000,  0.000,
mon_rep231013,2023-10-13T10:42:38,250.466,  0.400,1,0,247, 25.000, 14.525,  0.000,-23.077, 13.525, 13.800,  0.000, 14.825, 13.534,  1.291,  0.800,  0.831,  0.800,0.00000,  0.000,
mon_rep231013,2023-10-13T10:42:38,250.866,  0.400,1,0,247, 25.000, 14.525,  0.000,-23.077, 13.525, 13.800,  0.000, 14.825, 13.534,  1.291,  0.800,  0.831,  0.800,0.00000,  0.000,
mon_rep231013,2023-10-13T10:42:39,251.266,  0.400,1,0,247, 25.000, 14.525,  0.000,-23.077, 13.525, 13.800,  0.000, 14.825, 13.534,  1.291,  0.800,  0.831,  0.800,0.00000,  0.000,
mon_rep231013,2023-10-13T10:42:39,251.666,  0.400,1,0,247, 25.000, 14.525,  0.000,-23.077, 13.525, 13.800,  0.000, 14.825, 13.534,  1.291,  0.800,  0.831,  0.800,0.00000,  0.000,
mon_rep231013,2023-10-13T10:42:40,252.066,  0.400,1,0,247, 25.000, 14.525,  0.000,-23.077, 13.525, 13.800,  0.000, 14.825, 13.534,  1.291,  0.800,  0.831,  0.800,0.00000,  0.000,
mon_rep231013,2023-10-13T10:42:40,252.466,  0.400,1,0,247, 25.000, 14.525,  0.000,-23.077, 13.525, 13.800,  0.000, 14.825, 13.534,  1.291,  0.800,  0.831,  0.800,0.00000,  0.000,
mon_rep231013,2023-10-13T10:42:40,252.866,  0.400,1,0,247, 25.000, 14.525,  0.000,-23.077, 13.525, 13.800,  0.000, 14.825, 13.534,  1.291,  0.800,  0.831,  0.800,0.00000,  0.000,
mon_rep231013,2023-10-13T10:42:41,253.266,  0.400,1,0,247, 25.000, 14.525,  0.000,-23.077, 13.525, 13.800,  0.000, 14.825, 13.534,  1.291,  0.800,  0.831,  0.800,0.00000,  0.000,
mon_rep231013,2023-10-13T10:42:41,253.666,  0.400,1,0,247, 25.000, 14.525,  0.000,-23.077, 13.525, 13.800,  0.000, 14.825, 13.534,  1.291,  0.800,  0.831,  0.800,0.00000,  0.000,
mon_rep231013,2023-10-13T10:42:42,254.066,  0.400,1,0,247, 25.000, 14.525,  0.000,-23.077, 13.525, 13.800,  0.000, 14.825, 13.534,  1.291,  0.800,  0.831,  0.800,0.00000,  0.000,
mon_rep231013,2023-10-13T10:42:42,254.466,  0.400,1,0,247, 25.000, 14.525,  0.000,-23.077, 13.525, 13.800,  0.000, 14.825, 13.534,  1.291,  0.800,  0.831,  0.800,0.00000,  0.000,
mon_rep231013,2023-10-13T10:42:42,254.866,  0.400,1,0,247, 25.000, 14.525,  0.000,-23.077, 13.525, 13.800,  0.000, 14.825, 13.534,  1.291,  0.800,  0.831,  0.800,0.00000,  0.000,
mon_rep231013,2023-10-13T10:42:43,255.266,  0.400,1,0,247, 25.000, 14.525,  0.000,-23.077, 13.525, 13.800,  0.000, 14.825, 13.534,  1.291,  0.800,  0.832,  0.800,0.00000,  0.000,
mon_rep231013,2023-10-13T10:42:43,255.666,  0.400,1,0,247, 25.000, 14.525,  0.000,-23.077, 13.525, 13.800,  0.000, 14.825, 13.534,  1.291,  0.800,  0.832,  0.800,0.00000,  0.000,
mon_rep231013,2023-10-13T10:42:44,256.066,  0.400,1,0,247, 25.000, 14.525,  0.000,-23.077, 13.525, 13.800,  0.000, 14.825, 13.534,  1.291,  0.800,  0.832,  0.800,0.00000,  0.000,
mon_rep231013,2023-10-13T10:42:44,256.466,  0.400,1,0,247, 25.000, 14.525,  0.000,-23.077, 13.525, 13.800,  0.000, 14.825, 13.534,  1.291,  0.800,  0.832,  0.800,0.00000,  0.000,
mon_rep231013,2023-10-13T10:42:44,256.866,  0.400,1,0,247, 25.000, 14.525,  0.000,-23.077, 13.525, 13.800,  0.000, 14.825, 13.534,  1.291,  0.800,  0.832,  0.800,0.00000,  0.000,
mon_rep231013,2023-10-13T10:42:45,257.266,  0.400,1,0,247, 25.000, 14.525,  0.000,-23.077, 13.525, 13.800,  0.000, 14.825, 13.535,  1.290,  0.800,  0.832,  0.800,0.00000,  0.000,
mon_rep231013,2023-10-13T10:42:45,257.666,  0.400,1,0,247, 25.000, 14.525,  0.000,-23.077, 13.525, 13.800,  0.000, 14.825, 13.535,  1.290,  0.800,  0.832,  0.800,0.00000,  0.000,
mon_rep231013,2023-10-13T10:42:46,258.066,  0.400,1,0,247, 25.000, 14.525,  0.000,-23.077, 13.525, 13.800,  0.000, 14.825, 13.535,  1.290,  0.800,  0.832,  0.800,0.00000,  0.000,
mon_rep231013,2023-10-13T10:42:46,258.466,  0.400,1,0,247, 25.000, 14.525,  0.000,-23.077, 13.525, 13.800,  0.000, 14.825, 13.535,  1.290,  0.800,  0.832,  0.800,0.00000,  0.000,
mon_rep231013,2023-10-13T10:42:46,258.866,  0.400,1,0,247, 25.000, 14.525,  0.000,-23.077, 13.525, 13.800,  0.000, 14.825, 13.535,  1.290,  0.800,  0.832,  0.800,0.00000,  0.000,
mon_rep231013,2023-10-13T10:42:47,259.266,  0.400,1,0,247, 25.000, 14.525,  0.000,-23.077, 13.525, 13.800,  0.000, 14.825, 13.535,  1.290,  0.800,  0.833,  0.800,0.00000,  0.000,
mon_rep231013,2023-10-13T10:42:47,259.666,  0.400,1,0,247, 25.000, 14.525,  0.000,-23.077, 13.525, 13.800,  0.000, 14.825, 13.535,  1.290,  0.800,  0.833,  0.800,0.00000,  0.000,
mon_rep231013,2023-10-13T10:42:48,260.066,  0.400,1,0,247, 25.000, 14.525,  0.000,-23.077, 13.525, 13.800,  0.000, 14.825, 13.535,  1.290,  0.800,  0.833,  0.800,0.00000,  0.000,
mon_rep231013,2023-10-13T10:42:48,260.466,  0.400,1,0,247, 25.000, 14.525,  0.000,-23.077, 13.525, 13.800,  0.000, 14.825, 13.535,  1.290,  0.800,  0.833,  0.800,0.00000,  0.000,
mon_rep231013,2023-10-13T10:42:48,260.866,  0.400,1,0,247, 25.000, 14.525,  0.000,-23.077, 13.525, 13.800,  0.000, 14.825, 13.535,  1.290,  0.800,  0.833,  0.800,0.00000,  0.000,
mon_rep231013,2023-10-13T10:42:49,261.266,  0.400,1,0,247, 25.000, 14.525,  0.000,-23.077, 13.525, 13.800,  0.000, 14.825, 13.535,  1.290,  0.800,  0.833,  0.800,0.00000,  0.000,
mon_rep231013,2023-10-13T10:42:49,261.666,  0.400,1,0,247, 25.000, 14.525,  0.000,-23.077, 13.525, 13.800,  0.000, 14.825, 13.535,  1.290,  0.800,  0.833,  0.800,0.00000,  0.000,
mon_rep231013,2023-10-13T10:42:50,262.066,  0.400,1,0,247, 25.000, 14.525,  0.000,-23.077, 13.525, 13.800,  0.000, 14.825, 13.535,  1.290,  0.800,  0.833,  0.800,0.00000,  0.000,
mon_rep231013,2023-10-13T10:42:50,262.466,  0.400,1,0,247, 25.000, 14.525,  0.000,-23.077, 13.525, 13.800,  0.000, 14.825, 13.535,  1.290,  0.800,  0.833,  0.800,0.00000,  0.000,
mon_rep231013,2023-10-13T10:42:50,262.866,  0.400,1,0,247, 25.000, 14.525,  0.000,-23.077, 13.525, 13.800,  0.000, 14.825, 13.535,  1.290,  0.800,  0.833,  0.800,0.00000,  0.000,
mon_rep231013,2023-10-13T10:42:51,263.266,  0.400,1,0,247, 25.000, 14.525,  0.000,-23.077, 13.525, 13.800,  0.000, 14.825, 13.535,  1.290,  0.800,  0.834,  0.800,0.00000,  0.000,
mon_rep231013,2023-10-13T10:42:51,263.666,  0.400,1,0,247, 25.000, 14.525,  0.000,-23.077, 13.525, 13.800,  0.000, 14.825, 13.535,  1.290,  0.800,  0.834,  0.800,0.00000,  0.000,
mon_rep231013,2023-10-13T10:42:52,264.066,  0.400,1,0,247, 25.000, 14.525,  0.000,-23.077, 13.525, 13.800,  0.000, 14.825, 13.535,  1.290,  0.800,  0.834,  0.800,0.00000,  0.000,
mon_rep231013,2023-10-13T10:42:52,264.466,  0.400,1,0,247, 25.000, 14.525,  0.000,-23.077, 13.525, 13.800,  0.000, 14.825, 13.535,  1.290,  0.800,  0.834,  0.800,0.00000,  0.000,
mon_rep231013,2023-10-13T10:42:52,264.866,  0.400,1,0,247, 25.000, 14.525,  0.000,-23.077, 13.525, 13.800,  0.000, 14.825, 13.535,  1.290,  0.800,  0.834,  0.800,0.00000,  0.000,
mon_rep231013,2023-10-13T10:42:53,265.266,  0.400,1,0,247, 25.000, 14.525,  0.000,-23.077, 13.525, 13.800,  0.000, 14.825, 13.535,  1.290,  0.800,  0.834,  0.800,0.00000,  0.000,
mon_rep231013,2023-10-13T10:42:53,265.666,  0.400,1,0,247, 25.000, 14.525,  0.000,-23.077, 13.525, 13.800,  0.000, 14.825, 13.535,  1.290,  0.800,  0.834,  0.800,0.00000,  0.000,
mon_rep231013,2023-10-13T10:42:54,266.066,  0.400,1,0,247, 25.000, 14.525,  0.000,-23.077, 13.525, 13.800,  0.000, 14.825, 13.535,  1.290,  0.800,  0.834,  0.800,0.00000,  0.000,
mon_rep231013,2023-10-13T10:42:54,266.466,  0.400,1,0,247, 25.000, 14.525,  0.000,-23.077, 13.525, 13.800,  0.000, 14.825, 13.535,  1.290,  0.800,  0.834,  0.800,0.00000,  0.000,
mon_rep231013,2023-10-13T10:42:54,266.866,  0.400,1,0,247, 25.000, 14.525,  0.000,-23.077, 13.525, 13.800,  0.000, 14.825, 13.535,  1.290,  0.800,  0.834,  0.800,0.00000,  0.000,
mon_rep231013,2023-10-13T10:42:55,267.266,  0.400,1,0,247, 25.000, 14.525,  0.000,-23.077, 13.525, 13.800,  0.000, 14.825, 13.535,  1.290,  0.800,  0.835,  0.800,0.00000,  0.000,
mon_rep231013,2023-10-13T10:42:55,267.666,  0.400,1,0,247, 25.000, 14.525,  0.000,-23.077, 13.525, 13.800,  0.000, 14.825, 13.535,  1.290,  0.800,  0.835,  0.800,0.00000,  0.000,
mon_rep231013,2023-10-13T10:42:56,268.066,  0.400,1,0,247, 25.000, 14.525,  0.000,-23.077, 13.525, 13.800,  0.000, 14.825, 13.535,  1.290,  0.800,  0.835,  0.800,0.00000,  0.000,
mon_rep231013,2023-10-13T10:42:56,268.466,  0.400,1,0,247, 25.000, 14.525,  0.000,-23.077, 13.525, 13.800,  0.000, 14.825, 13.535,  1.290,  0.800,  0.835,  0.800,0.00000,  0.000,
mon_rep231013,2023-10-13T10:42:56,268.866,  0.400,1,0,247, 25.000, 14.525,  0.000,-23.077, 13.525, 13.800,  0.000, 14.825, 13.535,  1.290,  0.800,  0.835,  0.800,0.00000,  0.000,
mon_rep231013,2023-10-13T10:42:57,269.266,  0.400,1,0,247, 25.000, 14.525,  0.000,-23.077, 13.525, 13.800,  0.000, 14.825, 13.535,  1.290,  0.800,  0.835,  0.800,0.00000,  0.000,
mon_rep231013,2023-10-13T10:42:57,269.666,  0.400,1,0,247, 25.000, 14.525,  0.000,-23.077, 13.525, 13.800,  0.000, 14.825, 13.535,  1.290,  0.800,  0.835,  0.800,0.00000,  0.000,
mon_rep231013,2023-10-13T10:42:58,270.066,  0.400,1,0,247, 25.000, 14.525,  0.000,-23.077, 13.525, 13.800,  0.000, 14.825, 13.535,  1.290,  0.800,  0.835,  0.800,0.00000,  0.000,
mon_rep231013,2023-10-13T10:42:58,270.466,  0.400,1,0,247, 25.000, 14.525,  0.000,-23.077, 13.525, 13.800,  0.000, 14.825, 13.535,  1.290,  0.800,  0.835,  0.800,0.00000,  0.000,
mon_rep231013,2023-10-13T10:42:58,270.866,  0.400,1,0,247, 25.000, 14.525,  0.000,-23.077, 13.525, 13.800,  0.000, 14.825, 13.535,  1.290,  0.800,  0.835,  0.800,0.00000,  0.000,
mon_rep231013,2023-10-13T10:42:59,271.266,  0.400,1,0,247, 25.000, 14.525,  0.000,-23.077, 13.525, 13.800,  0.000, 14.825, 13.536,  1.289,  0.800,  0.836,  0.800,0.00000,  0.000,
mon_rep231013,2023-10-13T10:42:59,271.666,  0.400,1,0,247, 25.000, 14.525,  0.000,-23.077, 13.525, 13.800,  0.000, 14.825, 13.536,  1.289,  0.800,  0.836,  0.800,0.00000,  0.000,
mon_rep231013,2023-10-13T10:43:00,272.066,  0.400,1,0,247, 25.000, 14.525,  0.000,-23.077, 13.525, 13.800,  0.000, 14.825, 13.536,  1.289,  0.800,  0.836,  0.800,0.00000,  0.000,
mon_rep231013,2023-10-13T10:43:00,272.466,  0.400,1,0,247, 25.000, 14.525,  0.000,-23.077, 13.525, 13.800,  0.000, 14.825, 13.536,  1.289,  0.800,  0.836,  0.800,0.00000,  0.000,
mon_rep231013,2023-10-13T10:43:00,272.866,  0.400,1,0,247, 25.000, 14.525,  0.000,-23.077, 13.525, 13.800,  0.000, 14.825, 13.536,  1.289,  0.800,  0.836,  0.800,0.00000,  0.000,
mon_rep231013,2023-10-13T10:43:01,273.266,  0.400,1,0,247, 25.000, 14.525,  0.000,-23.077, 13.525, 13.800,  0.000, 14.825, 13.536,  1.289,  0.800,  0.836,  0.800,0.00000,  0.000,
mon_rep231013,2023-10-13T10:43:01,273.666,  0.400,1,0,247, 25.000, 14.525,  0.000,-23.077, 13.525, 13.800,  0.000, 14.825, 13.536,  1.289,  0.800,  0.836,  0.800,0.00000,  0.000,
mon_rep231013,2023-10-13T10:43:02,274.066,  0.400,1,0,247, 25.000, 14.525,  0.000,-23.077, 13.525, 13.800,  0.000, 14.825, 13.536,  1.289,  0.800,  0.836,  0.800,0.00000,  0.000,
mon_rep231013,2023-10-13T10:43:02,274.466,  0.400,1,0,247, 25.000, 14.525,  0.000,-23.077, 13.525, 13.800,  0.000, 14.825, 13.536,  1.289,  0.800,  0.836,  0.800,0.00000,  0.000,
mon_rep231013,2023-10-13T10:43:02,274.866,  0.400,1,0,247, 25.000, 14.525,  0.000,-23.077, 13.525, 13.800,  0.000, 14.825, 13.536,  1.289,  0.800,  0.836,  0.800,0.00000,  0.000,
mon_rep231013,2023-10-13T10:43:03,275.266,  0.400,1,0,247, 25.000, 14.525,  0.000,-23.077, 13.525, 13.800,  0.000, 14.825, 13.536,  1.289,  0.800,  0.837,  0.800,0.00000,  0.000,
mon_rep231013,2023-10-13T10:43:03,275.666,  0.400,1,0,247, 25.000, 14.525,  0.000,-23.077, 13.525, 13.800,  0.000, 14.825, 13.536,  1.289,  0.800,  0.837,  0.800,0.00000,  0.000,
mon_rep231013,2023-10-13T10:43:04,276.066,  0.400,1,0,247, 25.000, 14.525,  0.000,-23.077, 13.525, 13.800,  0.000, 14.825, 13.536,  1.289,  0.800,  0.837,  0.800,0.00000,  0.000,
mon_rep231013,2023-10-13T10:43:04,276.466,  0.400,1,0,247, 25.000, 14.525,  0.000,-23.077, 13.525, 13.800,  0.000, 14.825, 13.536,  1.289,  0.800,  0.837,  0.800,0.00000,  0.000,
mon_rep231013,2023-10-13T10:43:04,276.866,  0.400,1,0,247, 25.000, 14.525,  0.000,-23.077, 13.525, 13.800,  0.000, 14.825, 13.536,  1.289,  0.800,  0.837,  0.800,0.00000,  0.000,
mon_rep231013,2023-10-13T10:43:05,277.266,  0.400,1,0,247, 25.000, 14.525,  0.000,-23.077, 13.525, 13.800,  0.000, 14.825, 13.536,  1.289,  0.800,  0.837,  0.800,0.00000,  0.000,
mon_rep231013,2023-10-13T10:43:05,277.666,  0.400,1,0,247, 25.000, 14.525,  0.000,-23.077, 13.525, 13.800,  0.000, 14.825, 13.536,  1.289,  0.800,  0.837,  0.800,0.00000,  0.000,
mon_rep231013,2023-10-13T10:43:06,278.066,  0.400,1,0,247, 25.000, 14.525,  0.000,-23.077, 13.525, 13.800,  0.000, 14.825, 13.536,  1.289,  0.800,  0.837,  0.800,0.00000,  0.000,
mon_rep231013,2023-10-13T10:43:06,278.466,  0.400,1,0,247, 25.000, 14.525,  0.000,-23.077, 13.525, 13.800,  0.000, 14.825, 13.536,  1.289,  0.800,  0.837,  0.800,0.00000,  0.000,
mon_rep231013,2023-10-13T10:43:06,278.866,  0.400,1,0,247, 25.000, 14.525,  0.000,-23.077, 13.525, 13.800,  0.000, 14.825, 13.536,  1.289,  0.800,  0.837,  0.800,0.00000,  0.000,
mon_rep231013,2023-10-13T10:43:07,279.266,  0.400,1,0,247, 25.000, 14.525,  0.000,-23.077, 13.525, 13.800,  0.000, 14.825, 13.536,  1.289,  0.800,  0.838,  0.800,0.00000,  0.000,
mon_rep231013,2023-10-13T10:43:07,279.666,  0.400,1,0,247, 25.000, 14.525,  0.000,-23.077, 13.525, 13.800,  0.000, 14.825, 13.536,  1.289,  0.800,  0.838,  0.800,0.00000,  0.000,
mon_rep231013,2023-10-13T10:43:08,280.066,  0.400,1,0,247, 25.000, 14.525,  0.000,-23.077, 13.525, 13.800,  0.000, 14.825, 13.536,  1.289,  0.800,  0.838,  0.800,0.00000,  0.000,
mon_rep231013,2023-10-13T10:43:08,280.466,  0.400,1,0,247, 25.000, 14.525,  0.000,-23.077, 13.525, 13.800,  0.000, 14.825, 13.536,  1.289,  0.800,  0.838,  0.800,0.00000,  0.000,
mon_rep231013,2023-10-13T10:43:08,280.866,  0.400,1,0,247, 25.000, 14.525,  0.000,-23.077, 13.525, 13.800,  0.000, 14.825, 13.536,  1.289,  0.800,  0.838,  0.800,0.00000,  0.000,
mon_rep231013,2023-10-13T10:43:09,281.266,  0.400,1,0,247, 25.000, 14.525,  0.000,-23.077, 13.525, 13.800,  0.000, 14.825, 13.536,  1.289,  0.800,  0.838,  0.800,0.00000,  0.000,
mon_rep231013,2023-10-13T10:43:09,281.666,  0.400,1,0,247, 25.000, 14.525,  0.000,-23.077, 13.525, 13.800,  0.000, 14.825, 13.536,  1.289,  0.800,  0.838,  0.800,0.00000,  0.000,
mon_rep231013,2023-10-13T10:43:10,282.066,  0.400,1,0,247, 25.000, 14.525,  0.000,-23.077, 13.525, 13.800,  0.000, 14.825, 13.536,  1.289,  0.800,  0.838,  0.800,0.00000,  0.000,
mon_rep231013,2023-10-13T10:43:10,282.466,  0.400,1,0,247, 25.000, 14.525,  0.000,-23.077, 13.525, 13.800,  0.000, 14.825, 13.536,  1.289,  0.800,  0.838,  0.800,0.00000,  0.000,
mon_rep231013,2023-10-13T10:43:10,282.866,  0.400,1,0,247, 25.000, 14.525,  0.000,-23.077, 13.525, 13.800,  0.000, 14.825, 13.536,  1.289,  0.800,  0.838,  0.800,0.00000,  0.000,
mon_rep231013,2023-10-13T10:43:11,283.266,  0.400,1,0,247, 25.000, 14.525,  0.000,-23.077, 13.525, 13.800,  0.000, 14.825, 13.536,  1.289,  0.800,  0.839,  0.800,0.00000,  0.000,
mon_rep231013,2023-10-13T10:43:11,283.666,  0.400,1,0,247, 25.000, 14.525,  0.000,-23.077, 13.525, 13.800,  0.000, 14.825, 13.536,  1.289,  0.800,  0.839,  0.800,0.00000,  0.000,
mon_rep231013,2023-10-13T10:43:12,284.066,  0.400,1,0,247, 25.000, 14.525,  0.000,-23.077, 13.525, 13.800,  0.000, 14.825, 13.536,  1.289,  0.800,  0.839,  0.800,0.00000,  0.000,
mon_rep231013,2023-10-13T10:43:12,284.466,  0.400,1,0,247, 25.000, 14.525,  0.000,-23.077, 13.525, 13.800,  0.000, 14.825, 13.536,  1.289,  0.800,  0.839,  0.800,0.00000,  0.000,
mon_rep231013,2023-10-13T10:43:12,284.866,  0.400,1,0,247, 25.000, 14.525,  0.000,-23.077, 13.525, 13.800,  0.000, 14.825, 13.536,  1.289,  0.800,  0.839,  0.800,0.00000,  0.000,
mon_rep231013,2023-10-13T10:43:13,285.266,  0.400,1,0,247, 25.000, 14.525,  0.000,-23.077, 13.525, 13.800,  0.000, 14.825, 13.537,  1.288,  0.800,  0.839,  0.800,0.00000,  0.000,
mon_rep231013,2023-10-13T10:43:13,285.666,  0.400,1,0,247, 25.000, 14.525,  0.000,-23.077, 13.525, 13.800,  0.000, 14.825, 13.537,  1.288,  0.800,  0.839,  0.800,0.00000,  0.000,
mon_rep231013,2023-10-13T10:43:14,286.066,  0.400,1,0,247, 25.000, 14.525,  0.000,-23.077, 13.525, 13.800,  0.000, 14.825, 13.537,  1.288,  0.800,  0.839,  0.800,0.00000,  0.000,
mon_rep231013,2023-10-13T10:43:14,286.466,  0.400,1,0,247, 25.000, 14.525,  0.000,-23.077, 13.525, 13.800,  0.000, 14.825, 13.537,  1.288,  0.800,  0.839,  0.800,0.00000,  0.000,
mon_rep231013,2023-10-13T10:43:14,286.866,  0.400,1,0,247, 25.000, 14.525,  0.000,-23.077, 13.525, 13.800,  0.000, 14.825, 13.537,  1.288,  0.800,  0.839,  0.800,0.00000,  0.000,
mon_rep231013,2023-10-13T10:43:15,287.266,  0.400,1,0,247, 25.000, 14.525,  0.000,-23.077, 13.525, 13.800,  0.000, 14.825, 13.537,  1.288,  0.800,  0.840,  0.800,0.00000,  0.000,
mon_rep231013,2023-10-13T10:43:15,287.666,  0.400,1,0,247, 25.000, 14.525,  0.000,-23.077, 13.525, 13.800,  0.000, 14.825, 13.537,  1.288,  0.800,  0.840,  0.800,0.00000,  0.000,
mon_rep231013,2023-10-13T10:43:16,288.066,  0.400,1,0,247, 25.000, 14.525,  0.000,-23.077, 13.525, 13.800,  0.000, 14.825, 13.537,  1.288,  0.800,  0.840,  0.800,0.00000,  0.000,
mon_rep231013,2023-10-13T10:43:16,288.466,  0.400,1,0,247, 25.000, 14.525,  0.000,-23.077, 13.525, 13.800,  0.000, 14.825, 13.537,  1.288,  0.800,  0.840,  0.800,0.00000,  0.000,
mon_rep231013,2023-10-13T10:43:16,288.866,  0.400,1,0,247, 25.000, 14.525,  0.000,-23.077, 13.525, 13.800,  0.000, 14.825, 13.537,  1.288,  0.800,  0.840,  0.800,0.00000,  0.000,
mon_rep231013,2023-10-13T10:43:17,289.266,  0.400,1,0,247, 25.000, 14.525,  0.000,-23.077, 13.525, 13.800,  0.000, 14.825, 13.537,  1.288,  0.800,  0.840,  0.800,0.00000,  0.000,
mon_rep231013,2023-10-13T10:43:17,289.666,  0.400,1,0,247, 25.000, 14.525,  0.000,-23.077, 13.525, 13.800,  0.000, 14.825, 13.537,  1.288,  0.800,  0.840,  0.800,0.00000,  0.000,
mon_rep231013,2023-10-13T10:43:18,290.066,  0.400,1,0,247, 25.000, 14.525,  0.000,-23.077, 13.525, 13.800,  0.000, 14.825, 13.537,  1.288,  0.800,  0.840,  0.800,0.00000,  0.000,
mon_rep231013,2023-10-13T10:43:18,290.466,  0.400,1,0,247, 25.000, 14.525,  0.000,-23.077, 13.525, 13.800,  0.000, 14.825, 13.537,  1.288,  0.800,  0.840,  0.800,0.00000,  0.000,
mon_rep231013,2023-10-13T10:43:18,290.866,  0.400,1,0,247, 25.000, 14.525,  0.000,-23.077, 13.525, 13.800,  0.000, 14.825, 13.537,  1.288,  0.800,  0.840,  0.800,0.00000,  0.000,
mon_rep231013,2023-10-13T10:43:19,291.266,  0.400,1,0,247, 25.000, 14.525,  0.000,-23.077, 13.525, 13.800,  0.000, 14.825, 13.537,  1.288,  0.800,  0.841,  0.800,0.00000,  0.000,
mon_rep231013,2023-10-13T10:43:19,291.666,  0.400,1,0,247, 25.000, 14.525,  0.000,-23.077, 13.525, 13.800,  0.000, 14.825, 13.537,  1.288,  0.800,  0.841,  0.800,0.00000,  0.000,
mon_rep231013,2023-10-13T10:43:20,292.066,  0.400,1,0,247, 25.000, 14.525,  0.000,-23.077, 13.525, 13.800,  0.000, 14.825, 13.537,  1.288,  0.800,  0.841,  0.800,0.00000,  0.000,
mon_rep231013,2023-10-13T10:43:20,292.466,  0.400,1,0,247, 25.000, 14.525,  0.000,-23.077, 13.525, 13.800,  0.000, 14.825, 13.537,  1.288,  0.800,  0.841,  0.800,0.00000,  0.000,
mon_rep231013,2023-10-13T10:43:20,292.866,  0.400,1,0,247, 25.000, 14.525,  0.000,-23.077, 13.525, 13.800,  0.000, 14.825, 13.537,  1.288,  0.800,  0.841,  0.800,0.00000,  0.000,
mon_rep231013,2023-10-13T10:43:21,293.266,  0.400,1,0,247, 25.000, 14.525,  0.000,-23.077, 13.525, 13.800,  0.000, 14.825, 13.537,  1.288,  0.800,  0.841,  0.800,0.00000,  0.000,
mon_rep231013,2023-10-13T10:43:21,293.666,  0.400,1,0,247, 25.000, 14.525,  0.000,-23.077, 13.525, 13.800,  0.000, 14.825, 13.537,  1.288,  0.800,  0.841,  0.800,0.00000,  0.000,
mon_rep231013,2023-10-13T10:43:22,294.066,  0.400,1,0,247, 25.000, 14.525,  0.000,-23.077, 13.525, 13.800,  0.000, 14.825, 13.537,  1.288,  0.800,  0.841,  0.800,0.00000,  0.000,
mon_rep231013,2023-10-13T10:43:22,294.466,  0.400,1,0,247, 25.000, 14.525,  0.000,-23.077, 13.525, 13.800,  0.000, 14.825, 13.537,  1.288,  0.800,  0.841,  0.800,0.00000,  0.000,
mon_rep231013,2023-10-13T10:43:22,294.866,  0.400,1,0,247, 25.000, 14.525,  0.000,-23.077, 13.525, 13.800,  0.000, 14.825, 13.537,  1.288,  0.800,  0.841,  0.800,0.00000,  0.000,
mon_rep231013,2023-10-13T10:43:23,295.266,  0.400,1,0,247, 25.000, 14.525,  0.000,-23.077, 13.525, 13.800,  0.000, 14.825, 13.537,  1.288,  0.800,  0.842,  0.800,0.00000,  0.000,
mon_rep231013,2023-10-13T10:43:23,295.666,  0.400,1,0,247, 25.000, 14.525,  0.000,-23.077, 13.525, 13.800,  0.000, 14.825, 13.537,  1.288,  0.800,  0.842,  0.800,0.00000,  0.000,
mon_rep231013,2023-10-13T10:43:24,296.066,  0.400,1,0,247, 25.000, 14.525,  0.000,-23.077, 13.525, 13.800,  0.000, 14.825, 13.537,  1.288,  0.800,  0.842,  0.800,0.00000,  0.000,
mon_rep231013,2023-10-13T10:43:24,296.466,  0.400,1,0,247, 25.000, 14.525,  0.000,-23.077, 13.525, 13.800,  0.000, 14.825, 13.537,  1.288,  0.800,  0.842,  0.800,0.00000,  0.000,
mon_rep231013,2023-10-13T10:43:24,296.866,  0.400,1,0,247, 25.000, 14.525,  0.000,-23.077, 13.525, 13.800,  0.000, 14.825, 13.537,  1.288,  0.800,  0.842,  0.800,0.00000,  0.000,
mon_rep231013,2023-10-13T10:43:25,297.266,  0.400,1,0,247, 25.000, 14.525,  0.000,-23.077, 13.525, 13.800,  0.000, 14.825, 13.537,  1.288,  0.800,  0.842,  0.800,0.00000,  0.000,
mon_rep231013,2023-10-13T10:43:25,297.666,  0.400,1,0,247, 25.000, 14.525,  0.000,-23.077, 13.525, 13.800,  0.000, 14.825, 13.537,  1.288,  0.800,  0.842,  0.800,0.00000,  0.000,
mon_rep231013,2023-10-13T10:43:26,298.066,  0.400,1,0,247, 25.000, 14.525,  0.000,-23.077, 13.525, 13.800,  0.000, 14.825, 13.537,  1.288,  0.800,  0.842,  0.800,0.00000,  0.000,
mon_rep231013,2023-10-13T10:43:26,298.466,  0.400,1,0,247, 25.000, 14.525,  0.000,-23.077, 13.525, 13.800,  0.000, 14.825, 13.537,  1.288,  0.800,  0.842,  0.800,0.00000,  0.000,
mon_rep231013,2023-10-13T10:43:26,298.866,  0.400,1,0,247, 25.000, 14.525,  0.000,-23.077, 13.525, 13.800,  0.000, 14.825, 13.537,  1.288,  0.800,  0.842,  0.800,0.00000,  0.000,
mon_rep231013,2023-10-13T10:43:27,299.266,  0.400,1,0,247, 25.000, 14.525,  0.000,-23.077, 13.525, 13.800,  0.000, 14.825, 13.538,  1.287,  0.800,  0.843,  0.800,0.00000,  0.000,
mon_rep231013,2023-10-13T10:43:27,299.666,  0.400,1,0,247, 25.000, 14.525,  0.000,-23.077, 13.525, 13.800,  0.000, 14.825, 13.538,  1.287,  0.800,  0.843,  0.800,0.00000,  0.000,
mon_rep231013,2023-10-13T10:43:28,300.066,  0.400,1,0,247, 25.000, 14.525,  0.000,-23.077, 13.525, 13.800,  0.000, 14.825, 13.538,  1.287,  0.800,  0.843,  0.800,0.00000,  0.000,
mon_rep231013,2023-10-13T10:43:28,300.466,  0.400,1,0,247, 25.000, 14.525,  0.000,-23.077, 13.525, 13.800,  0.000, 14.825, 13.538,  1.287,  0.800,  0.843,  0.800,0.00000,  0.000,
mon_rep231013,2023-10-13T10:43:28,300.866,  0.400,1,0,247, 25.000, 14.525,  0.000,-23.077, 13.525, 13.800,  0.000, 14.825, 13.538,  1.287,  0.800,  0.843,  0.800,0.00000,  0.000,
mon_rep231013,2023-10-13T10:43:29,301.266,  0.400,1,0,247, 25.000, 14.525,  0.000,-23.077, 13.525, 13.800,  0.000, 14.825, 13.538,  1.287,  0.800,  0.843,  0.800,0.00000,  0.000,
mon_rep231013,2023-10-13T10:43:29,301.666,  0.400,1,0,247, 25.000, 14.525,  0.000,-23.077, 13.525, 13.800,  0.000, 14.825, 13.538,  1.287,  0.800,  0.843,  0.800,0.00000,  0.000,
mon_rep231013,2023-10-13T10:43:30,302.066,  0.400,1,0,247, 25.000, 14.525,  0.000,-23.077, 13.525, 13.800,  0.000, 14.825, 13.538,  1.287,  0.800,  0.843,  0.800,0.00000,  0.000,
mon_rep231013,2023-10-13T10:43:30,302.466,  0.400,1,0,247, 25.000, 14.525,  0.000,-23.077, 13.525, 13.800,  0.000, 14.825, 13.538,  1.287,  0.800,  0.843,  0.800,0.00000,  0.000,
mon_rep231013,2023-10-13T10:43:30,302.866,  0.400,1,0,247, 25.000, 14.525,  0.000,-23.077, 13.525, 13.800,  0.000, 14.825, 13.538,  1.287,  0.800,  0.843,  0.800,0.00000,  0.000,
mon_rep231013,2023-10-13T10:43:31,303.266,  0.400,1,0,247, 25.000, 14.525,  0.000,-23.077, 13.525, 13.800,  0.000, 14.825, 13.538,  1.287,  0.800,  0.844,  0.800,0.00000,  0.000,
mon_rep231013,2023-10-13T10:43:31,303.666,  0.400,1,0,247, 25.000, 14.525,  0.000,-23.077, 13.525, 13.800,  0.000, 14.825, 13.538,  1.287,  0.800,  0.844,  0.800,0.00000,  0.000,
mon_rep231013,2023-10-13T10:43:32,304.066,  0.400,1,0,247, 25.000, 14.525,  0.000,-23.077, 13.525, 13.800,  0.000, 14.825, 13.538,  1.287,  0.800,  0.844,  0.800,0.00000,  0.000,
mon_rep231013,2023-10-13T10:43:32,304.466,  0.400,1,0,247, 25.000, 14.525,  0.000,-23.077, 13.525, 13.800,  0.000, 14.825, 13.538,  1.287,  0.800,  0.844,  0.800,0.00000,  0.000,
mon_rep231013,2023-10-13T10:43:32,304.866,  0.400,1,0,247, 25.000, 14.525,  0.000,-23.077, 13.525, 13.800,  0.000, 14.825, 13.538,  1.287,  0.800,  0.844,  0.800,0.00000,  0.000,
mon_rep231013,2023-10-13T10:43:33,305.266,  0.400,1,0,247, 25.000, 14.525,  0.000,-23.077, 13.525, 13.800,  0.000, 14.825, 13.538,  1.287,  0.800,  0.844,  0.800,0.00000,  0.000,
mon_rep231013,2023-10-13T10:43:33,305.666,  0.400,1,0,247, 25.000, 14.525,  0.000,-23.077, 13.525, 13.800,  0.000, 14.825, 13.538,  1.287,  0.800,  0.844,  0.800,0.00000,  0.000,
mon_rep231013,2023-10-13T10:43:34,306.066,  0.400,1,0,247, 25.000, 14.525,  0.000,-23.077, 13.525, 13.800,  0.000, 14.825, 13.538,  1.287,  0.800,  0.844,  0.800,0.00000,  0.000,
mon_rep231013,2023-10-13T10:43:34,306.466,  0.400,1,0,247, 25.000, 14.525,  0.000,-23.077, 13.525, 13.800,  0.000, 14.825, 13.538,  1.287,  0.800,  0.844,  0.800,0.00000,  0.000,
mon_rep231013,2023-10-13T10:43:34,306.866,  0.400,1,0,247, 25.000, 14.525,  0.000,-23.077, 13.525, 13.800,  0.000, 14.825, 13.538,  1.287,  0.800,  0.844,  0.800,0.00000,  0.000,
mon_rep231013,2023-10-13T10:43:35,307.266,  0.400,1,0,247, 25.000, 14.525,  0.000,-23.077, 13.525, 13.800,  0.000, 14.825, 13.538,  1.287,  0.800,  0.845,  0.800,0.00000,  0.000,
mon_rep231013,2023-10-13T10:43:35,307.666,  0.400,1,0,247, 25.000, 14.525,  0.000,-23.077, 13.525, 13.800,  0.000, 14.825, 13.538,  1.287,  0.800,  0.845,  0.800,0.00000,  0.000,
mon_rep231013,2023-10-13T10:43:36,308.066,  0.400,1,0,247, 25.000, 14.525,  0.000,-23.077, 13.525, 13.800,  0.000, 14.825, 13.538,  1.287,  0.800,  0.845,  0.800,0.00000,  0.000,
mon_rep231013,2023-10-13T10:43:36,308.466,  0.400,1,0,247, 25.000, 14.525,  0.000,-23.077, 13.525, 13.800,  0.000, 14.825, 13.538,  1.287,  0.800,  0.845,  0.800,0.00000,  0.000,
mon_rep231013,2023-10-13T10:43:36,308.866,  0.400,1,0,247, 25.000, 14.525,  0.000,-23.077, 13.525, 13.800,  0.000, 14.825, 13.538,  1.287,  0.800,  0.845,  0.800,0.00000,  0.000,
mon_rep231013,2023-10-13T10:43:37,309.266,  0.400,1,0,247, 25.000, 14.525,  0.000,-23.077, 13.525, 13.800,  0.000, 14.825, 13.538,  1.287,  0.800,  0.845,  0.800,0.00000,  0.000,
mon_rep231013,2023-10-13T10:43:37,309.666,  0.400,1,0,247, 25.000, 14.525,  0.000,-23.077, 13.525, 13.800,  0.000, 14.825, 13.538,  1.287,  0.800,  0.845,  0.800,0.00000,  0.000,
mon_rep231013,2023-10-13T10:43:38,310.066,  0.400,1,0,247, 25.000, 14.525,  0.000,-23.077, 13.525, 13.800,  0.000, 14.825, 13.538,  1.287,  0.800,  0.845,  0.800,0.00000,  0.000,
mon_rep231013,2023-10-13T10:43:38,310.466,  0.400,1,0,247, 25.000, 14.525,  0.000,-23.077, 13.525, 13.800,  0.000, 14.825, 13.538,  1.287,  0.800,  0.845,  0.800,0.00000,  0.000,
mon_rep231013,2023-10-13T10:43:38,310.866,  0.400,1,0,247, 25.000, 14.525,  0.000,-23.077, 13.525, 13.800,  0.000, 14.825, 13.538,  1.287,  0.800,  0.845,  0.800,0.00000,  0.000,
mon_rep231013,2023-10-13T10:43:39,311.266,  0.400,1,0,247, 25.000, 14.525,  0.000,-23.077, 13.525, 13.800,  0.000, 14.825, 13.539,  1.286,  0.800,  0.846,  0.800,0.00000,  0.000,
mon_rep231013,2023-10-13T10:43:39,311.666,  0.400,1,0,247, 25.000, 14.525,  0.000,-23.077, 13.525, 13.800,  0.000, 14.825, 13.539,  1.286,  0.800,  0.846,  0.800,0.00000,  0.000,
mon_rep231013,2023-10-13T10:43:40,312.066,  0.400,1,0,247, 25.000, 14.525,  0.000,-23.077, 13.525, 13.800,  0.000, 14.825, 13.539,  1.286,  0.800,  0.846,  0.800,0.00000,  0.000,
mon_rep231013,2023-10-13T10:43:40,312.466,  0.400,1,0,247, 25.000, 14.525,  0.000,-23.077, 13.525, 13.800,  0.000, 14.825, 13.539,  1.286,  0.800,  0.846,  0.800,0.00000,  0.000,
mon_rep231013,2023-10-13T10:43:40,312.866,  0.400,1,0,247, 25.000, 14.525,  0.000,-23.077, 13.525, 13.800,  0.000, 14.825, 13.539,  1.286,  0.800,  0.846,  0.800,0.00000,  0.000,
mon_rep231013,2023-10-13T10:43:41,313.266,  0.400,1,0,247, 25.000, 14.525,  0.000,-23.077, 13.525, 13.800,  0.000, 14.825, 13.539,  1.286,  0.800,  0.846,  0.800,0.00000,  0.000,
mon_rep231013,2023-10-13T10:43:41,313.666,  0.400,1,0,247, 25.000, 14.525,  0.000,-23.077, 13.525, 13.800,  0.000, 14.825, 13.539,  1.286,  0.800,  0.846,  0.800,0.00000,  0.000,
mon_rep231013,2023-10-13T10:43:42,314.066,  0.400,1,0,247, 25.000, 14.525,  0.000,-23.077, 13.525, 13.800,  0.000, 14.825, 13.539,  1.286,  0.800,  0.846,  0.800,0.00000,  0.000,
mon_rep231013,2023-10-13T10:43:42,314.466,  0.400,1,0,247, 25.000, 14.525,  0.000,-23.077, 13.525, 13.800,  0.000, 14.825, 13.539,  1.286,  0.800,  0.846,  0.800,0.00000,  0.000,
mon_rep231013,2023-10-13T10:43:42,314.866,  0.400,1,0,247, 25.000, 14.525,  0.000,-23.077, 13.525, 13.800,  0.000, 14.825, 13.539,  1.286,  0.800,  0.846,  0.800,0.00000,  0.000,
mon_rep231013,2023-10-13T10:43:43,315.266,  0.400,1,0,247, 25.000, 14.525,  0.000,-23.077, 13.525, 13.800,  0.000, 14.825, 13.539,  1.286,  0.800,  0.847,  0.800,0.00000,  0.000,
mon_rep231013,2023-10-13T10:43:43,315.666,  0.400,1,0,247, 25.000, 14.525,  0.000,-23.077, 13.525, 13.800,  0.000, 14.825, 13.539,  1.286,  0.800,  0.847,  0.800,0.00000,  0.000,
mon_rep231013,2023-10-13T10:43:44,316.066,  0.400,1,0,247, 25.000, 14.525,  0.000,-23.077, 13.525, 13.800,  0.000, 14.825, 13.539,  1.286,  0.800,  0.847,  0.800,0.00000,  0.000,
mon_rep231013,2023-10-13T10:43:44,316.466,  0.400,1,0,247, 25.000, 14.525,  0.000,-23.077, 13.525, 13.800,  0.000, 14.825, 13.539,  1.286,  0.800,  0.847,  0.800,0.00000,  0.000,
mon_rep231013,2023-10-13T10:43:44,316.866,  0.400,1,0,247, 25.000, 14.525,  0.000,-23.077, 13.525, 13.800,  0.000, 14.825, 13.539,  1.286,  0.800,  0.847,  0.800,0.00000,  0.000,
mon_rep231013,2023-10-13T10:43:45,317.266,  0.400,1,0,247, 25.000, 14.525,  0.000,-23.077, 13.525, 13.800,  0.000, 14.825, 13.539,  1.286,  0.800,  0.847,  0.800,0.00000,  0.000,
mon_rep231013,2023-10-13T10:43:45,317.666,  0.400,1,0,247, 25.000, 14.525,  0.000,-23.077, 13.525, 13.800,  0.000, 14.825, 13.539,  1.286,  0.800,  0.847,  0.800,0.00000,  0.000,
mon_rep231013,2023-10-13T10:43:46,318.066,  0.400,1,0,247, 25.000, 14.525,  0.000,-23.077, 13.525, 13.800,  0.000, 14.825, 13.539,  1.286,  0.800,  0.847,  0.800,0.00000,  0.000,
mon_rep231013,2023-10-13T10:43:46,318.466,  0.400,1,0,247, 25.000, 14.525,  0.000,-23.077, 13.525, 13.800,  0.000, 14.825, 13.539,  1.286,  0.800,  0.847,  0.800,0.00000,  0.000,
mon_rep231013,2023-10-13T10:43:46,318.866,  0.400,1,0,247, 25.000, 14.525,  0.000,-23.077, 13.525, 13.800,  0.000, 14.825, 13.539,  1.286,  0.800,  0.847,  0.800,0.00000,  0.000,
mon_rep231013,2023-10-13T10:43:47,319.266,  0.400,1,0,247, 25.000, 14.525,  0.000,-23.077, 13.525, 13.800,  0.000, 14.825, 13.539,  1.286,  0.800,  0.848,  0.800,0.00000,  0.000,
mon_rep231013,2023-10-13T10:43:47,319.666,  0.400,1,0,247, 25.000, 14.525,  0.000,-23.077, 13.525, 13.800,  0.000, 14.825, 13.539,  1.286,  0.800,  0.848,  0.800,0.00000,  0.000,
mon_rep231013,2023-10-13T10:43:48,320.066,  0.400,1,0,247, 25.000, 14.525,  0.000,-23.077, 13.525, 13.800,  0.000, 14.825, 13.539,  1.286,  0.800,  0.848,  0.800,0.00000,  0.000,
mon_rep231013,2023-10-13T10:43:48,320.466,  0.400,1,0,247, 25.000, 14.525,  0.000,-23.077, 13.525, 13.800,  0.000, 14.825, 13.539,  1.286,  0.800,  0.848,  0.800,0.00000,  0.000,
mon_rep231013,2023-10-13T10:43:48,320.866,  0.400,1,0,247, 25.000, 14.525,  0.000,-23.077, 13.525, 13.800,  0.000, 14.825, 13.539,  1.286,  0.800,  0.848,  0.800,0.00000,  0.000,
mon_rep231013,2023-10-13T10:43:49,321.266,  0.400,1,0,247, 25.000, 14.525,  0.000,-23.077, 13.525, 13.800,  0.000, 14.825, 13.539,  1.286,  0.800,  0.849,  0.800,0.00000,  0.000,
mon_rep231013,2023-10-13T10:43:49,321.666,  0.400,1,0,247, 25.000, 14.525,  0.000,-23.077, 13.525, 13.800,  0.000, 14.825, 13.539,  1.286,  0.800,  0.849,  0.800,0.00000,  0.000,
mon_rep231013,2023-10-13T10:43:50,322.066,  0.400,1,0,247, 25.000, 14.525,  0.000,-23.077, 13.525, 13.800,  0.000, 14.825, 13.539,  1.286,  0.800,  0.849,  0.800,0.00000,  0.000,
mon_rep231013,2023-10-13T10:43:50,322.466,  0.400,1,0,247, 25.000, 14.525,  0.000,-23.077, 13.525, 13.800,  0.000, 14.825, 13.539,  1.286,  0.800,  0.849,  0.800,0.00000,  0.000,
mon_rep231013,2023-10-13T10:43:50,322.866,  0.400,1,0,247, 25.000, 14.525,  0.000,-23.077, 13.525, 13.800,  0.000, 14.825, 13.539,  1.286,  0.800,  0.849,  0.800,0.00000,  0.000,
mon_rep231013,2023-10-13T10:43:51,323.266,  0.400,1,0,247, 25.000, 14.525,  0.000,-23.077, 13.525, 13.800,  0.000, 14.825, 13.540,  1.285,  0.800,  0.849,  0.800,0.00000,  0.000,
mon_rep231013,2023-10-13T10:43:51,323.666,  0.400,1,0,247, 25.000, 14.525,  0.000,-23.077, 13.525, 13.800,  0.000, 14.825, 13.540,  1.285,  0.800,  0.849,  0.800,0.00000,  0.000,
mon_rep231013,2023-10-13T10:43:52,324.066,  0.400,1,0,247, 25.000, 14.525,  0.000,-23.077, 13.525, 13.800,  0.000, 14.825, 13.540,  1.285,  0.800,  0.849,  0.800,0.00000,  0.000,
mon_rep231013,2023-10-13T10:43:52,324.466,  0.400,1,0,247, 25.000, 14.525,  0.000,-23.077, 13.525, 13.800,  0.000, 14.825, 13.540,  1.285,  0.800,  0.849,  0.800,0.00000,  0.000,
mon_rep231013,2023-10-13T10:43:52,324.866,  0.400,1,0,247, 25.000, 14.525,  0.000,-23.077, 13.525, 13.800,  0.000, 14.825, 13.540,  1.285,  0.800,  0.849,  0.800,0.00000,  0.000,
mon_rep231013,2023-10-13T10:43:53,325.266,  0.400,1,0,247, 25.000, 14.525,  0.000,-23.077, 13.525, 13.800,  0.000, 14.825, 13.540,  1.285,  0.800,  0.850,  0.800,0.00000,  0.000,
mon_rep231013,2023-10-13T10:43:53,325.666,  0.400,1,0,247, 25.000, 14.525,  0.000,-23.077, 13.525, 13.800,  0.000, 14.825, 13.540,  1.285,  0.800,  0.850,  0.800,0.00000,  0.000,
mon_rep231013,2023-10-13T10:43:54,326.066,  0.400,1,0,247, 25.000, 14.525,  0.000,-23.077, 13.525, 13.800,  0.000, 14.825, 13.540,  1.285,  0.800,  0.850,  0.800,0.00000,  0.000,
mon_rep231013,2023-10-13T10:43:54,326.466,  0.400,1,0,247, 25.000, 14.525,  0.000,-23.077, 13.525, 13.800,  0.000, 14.825, 13.540,  1.285,  0.800,  0.850,  0.800,0.00000,  0.000,
mon_rep231013,2023-10-13T10:43:54,326.866,  0.400,1,0,247, 25.000, 14.525,  0.000,-23.077, 13.525, 13.800,  0.000, 14.825, 13.540,  1.285,  0.800,  0.850,  0.800,0.00000,  0.000,
mon_rep231013,2023-10-13T10:43:55,327.266,  0.400,1,0,247, 25.000, 14.525,  0.000,-23.077, 13.525, 13.800,  0.000, 14.825, 13.540,  1.285,  0.800,  0.850,  0.800,0.00000,  0.000,
mon_rep231013,2023-10-13T10:43:55,327.666,  0.400,1,0,247, 25.000, 14.525,  0.000,-23.077, 13.525, 13.800,  0.000, 14.825, 13.540,  1.285,  0.800,  0.850,  0.800,0.00000,  0.000,
mon_rep231013,2023-10-13T10:43:56,328.066,  0.400,1,0,247, 25.000, 14.525,  0.000,-23.077, 13.525, 13.800,  0.000, 14.825, 13.540,  1.285,  0.800,  0.850,  0.800,0.00000,  0.000,
mon_rep231013,2023-10-13T10:43:56,328.466,  0.400,1,0,247, 25.000, 14.525,  0.000,-23.077, 13.525, 13.800,  0.000, 14.825, 13.540,  1.285,  0.800,  0.850,  0.800,0.00000,  0.000,
mon_rep231013,2023-10-13T10:43:56,328.866,  0.400,1,0,247, 25.000, 14.525,  0.000,-23.077, 13.525, 13.800,  0.000, 14.825, 13.540,  1.285,  0.800,  0.850,  0.800,0.00000,  0.000,
mon_rep231013,2023-10-13T10:43:57,329.266,  0.400,1,0,247, 25.000, 14.525,  0.000,-23.077, 13.525, 13.800,  0.000, 14.825, 13.540,  1.285,  0.800,  0.851,  0.800,0.00000,  0.000,
mon_rep231013,2023-10-13T10:43:57,329.666,  0.400,1,0,247, 25.000, 14.525,  0.000,-23.077, 13.525, 13.800,  0.000, 14.825, 13.540,  1.285,  0.800,  0.851,  0.800,0.00000,  0.000,
mon_rep231013,2023-10-13T10:43:58,330.066,  0.400,1,0,247, 25.000, 14.525,  0.000,-23.077, 13.525, 13.800,  0.000, 14.825, 13.540,  1.285,  0.800,  0.851,  0.800,0.00000,  0.000,
mon_rep231013,2023-10-13T10:43:58,330.466,  0.400,1,0,247, 25.000, 14.525,  0.000,-23.077, 13.525, 13.800,  0.000, 14.825, 13.540,  1.285,  0.800,  0.851,  0.800,0.00000,  0.000,
mon_rep231013,2023-10-13T10:43:58,330.866,  0.400,1,0,247, 25.000, 14.525,  0.000,-23.077, 13.525, 13.800,  0.000, 14.825, 13.540,  1.285,  0.800,  0.851,  0.800,0.00000,  0.000,
mon_rep231013,2023-10-13T10:43:59,331.266,  0.400,1,0,247, 25.000, 14.525,  0.000,-23.077, 13.525, 13.800,  0.000, 14.825, 13.540,  1.285,  0.800,  0.851,  0.800,0.00000,  0.000,
mon_rep231013,2023-10-13T10:43:59,331.666,  0.400,1,0,247, 25.000, 14.525,  0.000,-23.077, 13.525, 13.800,  0.000, 14.825, 13.540,  1.285,  0.800,  0.851,  0.800,0.00000,  0.000,
mon_rep231013,2023-10-13T10:44:00,332.066,  0.400,1,0,247, 25.000, 14.525,  0.000,-23.077, 13.525, 13.800,  0.000, 14.825, 13.540,  1.285,  0.800,  0.851,  0.800,0.00000,  0.000,
mon_rep231013,2023-10-13T10:44:00,332.466,  0.400,1,0,247, 25.000, 14.525,  0.000,-23.077, 13.525, 13.800,  0.000, 14.825, 13.540,  1.285,  0.800,  0.851,  0.800,0.00000,  0.000,
mon_rep231013,2023-10-13T10:44:00,332.866,  0.400,1,0,247, 25.000, 14.525,  0.000,-23.077, 13.525, 13.800,  0.000, 14.825, 13.540,  1.285,  0.800,  0.851,  0.800,0.00000,  0.000,
mon_rep231013,2023-10-13T10:44:01,333.266,  0.400,1,0,247, 25.000, 14.525,  0.000,-23.077, 13.525, 13.800,  0.000, 14.825, 13.540,  1.285,  0.800,  0.852,  0.800,0.00000,  0.000,
mon_rep231013,2023-10-13T10:44:01,333.666,  0.400,1,0,247, 25.000, 14.525,  0.000,-23.077, 13.525, 13.800,  0.000, 14.825, 13.540,  1.285,  0.800,  0.852,  0.800,0.00000,  0.000,
mon_rep231013,2023-10-13T10:44:02,334.066,  0.400,1,0,247, 25.000, 14.525,  0.000,-23.077, 13.525, 13.800,  0.000, 14.825, 13.540,  1.285,  0.800,  0.852,  0.800,0.00000,  0.000,
mon_rep231013,2023-10-13T10:44:02,334.466,  0.400,1,0,247, 25.000, 14.525,  0.000,-23.077, 13.525, 13.800,  0.000, 14.825, 13.540,  1.285,  0.800,  0.852,  0.800,0.00000,  0.000,
mon_rep231013,2023-10-13T10:44:02,334.866,  0.400,1,0,247, 25.000, 14.525,  0.000,-23.077, 13.525, 13.800,  0.000, 14.825, 13.540,  1.285,  0.800,  0.852,  0.800,0.00000,  0.000,
mon_rep231013,2023-10-13T10:44:03,335.266,  0.400,1,0,247, 25.000, 14.525,  0.000,-23.077, 13.525, 13.800,  0.000, 14.825, 13.541,  1.284,  0.800,  0.853,  0.800,0.00000,  0.000,
mon_rep231013,2023-10-13T10:44:03,335.666,  0.400,1,0,247, 25.000, 14.525,  0.000,-23.077, 13.525, 13.800,  0.000, 14.825, 13.541,  1.284,  0.800,  0.853,  0.800,0.00000,  0.000,
mon_rep231013,2023-10-13T10:44:04,336.066,  0.400,1,0,247, 25.000, 14.525,  0.000,-23.077, 13.525, 13.800,  0.000, 14.825, 13.541,  1.284,  0.800,  0.853,  0.800,0.00000,  0.000,
mon_rep231013,2023-10-13T10:44:04,336.466,  0.400,1,0,247, 25.000, 14.525,  0.000,-23.077, 13.525, 13.800,  0.000, 14.825, 13.541,  1.284,  0.800,  0.853,  0.800,0.00000,  0.000,
mon_rep231013,2023-10-13T10:44:04,336.866,  0.400,1,0,247, 25.000, 14.525,  0.000,-23.077, 13.525, 13.800,  0.000, 14.825, 13.541,  1.284,  0.800,  0.853,  0.800,0.00000,  0.000,
mon_rep231013,2023-10-13T10:44:05,337.266,  0.400,1,0,247, 25.000, 14.525,  0.000,-23.077, 13.525, 13.800,  0.000, 14.825, 13.541,  1.284,  0.800,  0.853,  0.800,0.00000,  0.000,
mon_rep231013,2023-10-13T10:44:05,337.666,  0.400,1,0,247, 25.000, 14.525,  0.000,-23.077, 13.525, 13.800,  0.000, 14.825, 13.541,  1.284,  0.800,  0.853,  0.800,0.00000,  0.000,
mon_rep231013,2023-10-13T10:44:06,338.066,  0.400,1,0,247, 25.000, 14.525,  0.000,-23.077, 13.525, 13.800,  0.000, 14.825, 13.541,  1.284,  0.800,  0.853,  0.800,0.00000,  0.000,
mon_rep231013,2023-10-13T10:44:06,338.466,  0.400,1,0,247, 25.000, 14.525,  0.000,-23.077, 13.525, 13.800,  0.000, 14.825, 13.541,  1.284,  0.800,  0.853,  0.800,0.00000,  0.000,
mon_rep231013,2023-10-13T10:44:06,338.866,  0.400,1,0,247, 25.000, 14.525,  0.000,-23.077, 13.525, 13.800,  0.000, 14.825, 13.541,  1.284,  0.800,  0.853,  0.800,0.00000,  0.000,
mon_rep231013,2023-10-13T10:44:07,339.266,  0.400,1,0,247, 25.000, 14.525,  0.000,-23.077, 13.525, 13.800,  0.000, 14.825, 13.541,  1.284,  0.800,  0.854,  0.800,0.00000,  0.000,
mon_rep231013,2023-10-13T10:44:07,339.666,  0.400,1,0,247, 25.000, 14.525,  0.000,-23.077, 13.525, 13.800,  0.000, 14.825, 13.541,  1.284,  0.800,  0.854,  0.800,0.00000,  0.000,
mon_rep231013,2023-10-13T10:44:08,340.066,  0.400,1,0,247, 25.000, 14.525,  0.000,-23.077, 13.525, 13.800,  0.000, 14.825, 13.541,  1.284,  0.800,  0.854,  0.800,0.00000,  0.000,
mon_rep231013,2023-10-13T10:44:08,340.466,  0.400,1,0,247, 25.000, 14.525,  0.000,-23.077, 13.525, 13.800,  0.000, 14.825, 13.541,  1.284,  0.800,  0.854,  0.800,0.00000,  0.000,
mon_rep231013,2023-10-13T10:44:08,340.866,  0.400,1,0,247, 25.000, 14.525,  0.000,-23.077, 13.525, 13.800,  0.000, 14.825, 13.541,  1.284,  0.800,  0.854,  0.800,0.00000,  0.000,
mon_rep231013,2023-10-13T10:44:09,341.266,  0.400,1,0,247, 25.000, 14.525,  0.000,-23.077, 13.525, 13.800,  0.000, 14.825, 13.541,  1.284,  0.800,  0.854,  0.800,0.00000,  0.000,
mon_rep231013,2023-10-13T10:44:09,341.666,  0.400,1,0,247, 25.000, 14.525,  0.000,-23.077, 13.525, 13.800,  0.000, 14.825, 13.541,  1.284,  0.800,  0.854,  0.800,0.00000,  0.000,
mon_rep231013,2023-10-13T10:44:10,342.066,  0.400,1,0,247, 25.000, 14.525,  0.000,-23.077, 13.525, 13.800,  0.000, 14.825, 13.541,  1.284,  0.800,  0.854,  0.800,0.00000,  0.000,
mon_rep231013,2023-10-13T10:44:10,342.466,  0.400,1,0,247, 25.000, 14.525,  0.000,-23.077, 13.525, 13.800,  0.000, 14.825, 13.541,  1.284,  0.800,  0.854,  0.800,0.00000,  0.000,
mon_rep231013,2023-10-13T10:44:10,342.866,  0.400,1,0,247, 25.000, 14.525,  0.000,-23.077, 13.525, 13.800,  0.000, 14.825, 13.541,  1.284,  0.800,  0.854,  0.800,0.00000,  0.000,
mon_rep231013,2023-10-13T10:44:11,343.266,  0.400,1,0,247, 25.000, 14.525,  0.000,-23.077, 13.525, 13.800,  0.000, 14.825, 13.541,  1.284,  0.800,  0.855,  0.800,0.00000,  0.000,
mon_rep231013,2023-10-13T10:44:11,343.666,  0.400,1,0,247, 25.000, 14.525,  0.000,-23.077, 13.525, 13.800,  0.000, 14.825, 13.541,  1.284,  0.800,  0.855,  0.800,0.00000,  0.000,
mon_rep231013,2023-10-13T10:44:12,344.066,  0.400,1,0,247, 25.000, 14.525,  0.000,-23.077, 13.525, 13.800,  0.000, 14.825, 13.541,  1.284,  0.800,  0.855,  0.800,0.00000,  0.000,
mon_rep231013,2023-10-13T10:44:12,344.466,  0.400,1,0,247, 25.000, 14.525,  0.000,-23.077, 13.525, 13.800,  0.000, 14.825, 13.541,  1.284,  0.800,  0.855,  0.800,0.00000,  0.000,
mon_rep231013,2023-10-13T10:44:12,344.866,  0.400,1,0,247, 25.000, 14.525,  0.000,-23.077, 13.525, 13.800,  0.000, 14.825, 13.541,  1.284,  0.800,  0.855,  0.800,0.00000,  0.000,
mon_rep231013,2023-10-13T10:44:13,345.266,  0.400,1,0,247, 25.000, 14.525,  0.000,-23.077, 13.525, 13.800,  0.000, 14.825, 13.541,  1.284,  0.800,  0.856,  0.800,0.00000,  0.000,
mon_rep231013,2023-10-13T10:44:13,345.666,  0.400,1,0,247, 25.000, 14.525,  0.000,-23.077, 13.525, 13.800,  0.000, 14.825, 13.541,  1.284,  0.800,  0.856,  0.800,0.00000,  0.000,
mon_rep231013,2023-10-13T10:44:14,346.066,  0.400,1,0,247, 25.000, 14.525,  0.000,-23.077, 13.525, 13.800,  0.000, 14.825, 13.541,  1.284,  0.800,  0.856,  0.800,0.00000,  0.000,
mon_rep231013,2023-10-13T10:44:14,346.466,  0.400,1,0,247, 25.000, 14.525,  0.000,-23.077, 13.525, 13.800,  0.000, 14.825, 13.541,  1.284,  0.800,  0.856,  0.800,0.00000,  0.000,
mon_rep231013,2023-10-13T10:44:14,346.866,  0.400,1,0,247, 25.000, 14.525,  0.000,-23.077, 13.525, 13.800,  0.000, 14.825, 13.541,  1.284,  0.800,  0.856,  0.800,0.00000,  0.000,
mon_rep231013,2023-10-13T10:44:15,347.266,  0.400,1,0,247, 25.000, 14.525,  0.000,-23.077, 13.525, 13.800,  0.000, 14.825, 13.542,  1.283,  0.800,  0.856,  0.800,0.00000,  0.000,
mon_rep231013,2023-10-13T10:44:15,347.666,  0.400,1,0,247, 25.000, 14.525,  0.000,-23.077, 13.525, 13.800,  0.000, 14.825, 13.542,  1.283,  0.800,  0.856,  0.800,0.00000,  0.000,
mon_rep231013,2023-10-13T10:44:16,348.066,  0.400,1,0,247, 25.000, 14.525,  0.000,-23.077, 13.525, 13.800,  0.000, 14.825, 13.542,  1.283,  0.800,  0.856,  0.800,0.00000,  0.000,
mon_rep231013,2023-10-13T10:44:16,348.466,  0.400,1,0,247, 25.000, 14.525,  0.000,-23.077, 13.525, 13.800,  0.000, 14.825, 13.542,  1.283,  0.800,  0.856,  0.800,0.00000,  0.000,
mon_rep231013,2023-10-13T10:44:16,348.866,  0.400,1,0,247, 25.000, 14.525,  0.000,-23.077, 13.525, 13.800,  0.000, 14.825, 13.542,  1.283,  0.800,  0.856,  0.800,0.00000,  0.000,
mon_rep231013,2023-10-13T10:44:17,349.266,  0.400,1,0,247, 25.000, 14.525,  0.000,-23.077, 13.525, 13.800,  0.000, 14.825, 13.542,  1.283,  0.800,  0.857,  0.800,0.00000,  0.000,
mon_rep231013,2023-10-13T10:44:17,349.666,  0.400,1,0,247, 25.000, 14.525,  0.000,-23.077, 13.525, 13.800,  0.000, 14.825, 13.542,  1.283,  0.800,  0.857,  0.800,0.00000,  0.000,
mon_rep231013,2023-10-13T10:44:18,350.066,  0.400,1,0,247, 25.000, 14.525,  0.000,-23.077, 13.525, 13.800,  0.000, 14.825, 13.542,  1.283,  0.800,  0.857,  0.800,0.00000,  0.000,
mon_rep231013,2023-10-13T10:44:18,350.466,  0.400,1,0,247, 25.000, 14.525,  0.000,-23.077, 13.525, 13.800,  0.000, 14.825, 13.542,  1.283,  0.800,  0.857,  0.800,0.00000,  0.000,
mon_rep231013,2023-10-13T10:44:18,350.866,  0.400,1,0,247, 25.000, 14.525,  0.000,-23.077, 13.525, 13.800,  0.000, 14.825, 13.542,  1.283,  0.800,  0.857,  0.800,0.00000,  0.000,
mon_rep231013,2023-10-13T10:44:19,351.266,  0.400,1,0,247, 25.000, 14.525,  0.000,-23.077, 13.525, 13.800,  0.000, 14.825, 13.542,  1.283,  0.800,  0.857,  0.800,0.00000,  0.000,
mon_rep231013,2023-10-13T10:44:19,351.666,  0.400,1,0,247, 25.000, 14.525,  0.000,-23.077, 13.525, 13.800,  0.000, 14.825, 13.542,  1.283,  0.800,  0.857,  0.800,0.00000,  0.000,
mon_rep231013,2023-10-13T10:44:20,352.066,  0.400,1,0,247, 25.000, 14.525,  0.000,-23.077, 13.525, 13.800,  0.000, 14.825, 13.542,  1.283,  0.800,  0.857,  0.800,0.00000,  0.000,
mon_rep231013,2023-10-13T10:44:20,352.466,  0.400,1,0,247, 25.000, 14.525,  0.000,-23.077, 13.525, 13.800,  0.000, 14.825, 13.542,  1.283,  0.800,  0.857,  0.800,0.00000,  0.000,
mon_rep231013,2023-10-13T10:44:20,352.866,  0.400,1,0,247, 25.000, 14.525,  0.000,-23.077, 13.525, 13.800,  0.000, 14.825, 13.542,  1.283,  0.800,  0.857,  0.800,0.00000,  0.000,
mon_rep231013,2023-10-13T10:44:21,353.266,  0.400,1,0,247, 25.000, 14.525,  0.000,-23.077, 13.525, 13.800,  0.000, 14.825, 13.542,  1.283,  0.800,  0.858,  0.800,0.00000,  0.000,
mon_rep231013,2023-10-13T10:44:21,353.666,  0.400,1,0,247, 25.000, 14.525,  0.000,-23.077, 13.525, 13.800,  0.000, 14.825, 13.542,  1.283,  0.800,  0.858,  0.800,0.00000,  0.000,
mon_rep231013,2023-10-13T10:44:22,354.066,  0.400,1,0,247, 25.000, 14.525,  0.000,-23.077, 13.525, 13.800,  0.000, 14.825, 13.542,  1.283,  0.800,  0.858,  0.800,0.00000,  0.000,
mon_rep231013,2023-10-13T10:44:22,354.466,  0.400,1,0,247, 25.000, 14.525,  0.000,-23.077, 13.525, 13.800,  0.000, 14.825, 13.542,  1.283,  0.800,  0.858,  0.800,0.00000,  0.000,
mon_rep231013,2023-10-13T10:44:22,354.866,  0.400,1,0,247, 25.000, 14.525,  0.000,-23.077, 13.525, 13.800,  0.000, 14.825, 13.542,  1.283,  0.800,  0.858,  0.800,0.00000,  0.000,
mon_rep231013,2023-10-13T10:44:23,355.266,  0.400,1,0,247, 25.000, 14.525,  0.000,-23.077, 13.525, 13.800,  0.000, 14.825, 13.542,  1.283,  0.800,  0.859,  0.800,0.00000,  0.000,
mon_rep231013,2023-10-13T10:44:23,355.666,  0.400,1,0,247, 25.000, 14.525,  0.000,-23.077, 13.525, 13.800,  0.000, 14.825, 13.542,  1.283,  0.800,  0.859,  0.800,0.00000,  0.000,
mon_rep231013,2023-10-13T10:44:24,356.066,  0.400,1,0,247, 25.000, 14.525,  0.000,-23.077, 13.525, 13.800,  0.000, 14.825, 13.542,  1.283,  0.800,  0.859,  0.800,0.00000,  0.000,
mon_rep231013,2023-10-13T10:44:24,356.466,  0.400,1,0,247, 25.000, 14.525,  0.000,-23.077, 13.525, 13.800,  0.000, 14.825, 13.542,  1.283,  0.800,  0.859,  0.800,0.00000,  0.000,
mon_rep231013,2023-10-13T10:44:24,356.866,  0.400,1,0,247, 25.000, 14.525,  0.000,-23.077, 13.525, 13.800,  0.000, 14.825, 13.542,  1.283,  0.800,  0.859,  0.800,0.00000,  0.000,
mon_rep231013,2023-10-13T10:44:25,357.266,  0.400,1,0,247, 25.000, 14.525,  0.000,-23.077, 13.525, 13.800,  0.000, 14.825, 13.543,  1.282,  0.800,  0.859,  0.800,0.00000,  0.000,
mon_rep231013,2023-10-13T10:44:25,357.666,  0.400,1,0,247, 25.000, 14.525,  0.000,-23.077, 13.525, 13.800,  0.000, 14.825, 13.543,  1.282,  0.800,  0.859,  0.800,0.00000,  0.000,
mon_rep231013,2023-10-13T10:44:26,358.066,  0.400,1,0,247, 25.000, 14.525,  0.000,-23.077, 13.525, 13.800,  0.000, 14.825, 13.543,  1.282,  0.800,  0.859,  0.800,0.00000,  0.000,
mon_rep231013,2023-10-13T10:44:26,358.466,  0.400,1,0,247, 25.000, 14.525,  0.000,-23.077, 13.525, 13.800,  0.000, 14.825, 13.543,  1.282,  0.800,  0.859,  0.800,0.00000,  0.000,
mon_rep231013,2023-10-13T10:44:26,358.866,  0.400,1,0,247, 25.000, 14.525,  0.000,-23.077, 13.525, 13.800,  0.000, 14.825, 13.543,  1.282,  0.800,  0.859,  0.800,0.00000,  0.000,
mon_rep231013,2023-10-13T10:44:27,359.266,  0.400,1,0,247, 25.000, 14.525,  0.000,-23.077, 13.525, 13.800,  0.000, 14.825, 13.543,  1.282,  0.800,  0.860,  0.800,0.00000,  0.000,
mon_rep231013,2023-10-13T10:44:27,359.666,  0.400,1,0,247, 25.000, 14.525,  0.000,-23.077, 13.525, 13.800,  0.000, 14.825, 13.543,  1.282,  0.800,  0.860,  0.800,0.00000,  0.000,
mon_rep231013,2023-10-13T10:44:28,360.066,  0.400,1,0,247, 25.000, 14.525,  0.000,-23.077, 13.525, 13.800,  0.000, 14.825, 13.543,  1.282,  0.800,  0.860,  0.800,0.00000,  0.000,
mon_rep231013,2023-10-13T10:44:28,360.466,  0.400,1,0,247, 25.000, 14.525,  0.000,-23.077, 13.525, 13.800,  0.000, 14.825, 13.543,  1.282,  0.800,  0.860,  0.800,0.00000,  0.000,
mon_rep231013,2023-10-13T10:44:28,360.866,  0.400,1,0,247, 25.000, 14.525,  0.000,-23.077, 13.525, 13.800,  0.000, 14.825, 13.543,  1.282,  0.800,  0.860,  0.800,0.00000,  0.000,
mon_rep231013,2023-10-13T10:44:29,361.266,  0.400,1,0,247, 25.000, 14.525,  0.000,-23.077, 13.525, 13.800,  0.000, 14.825, 13.543,  1.282,  0.800,  0.860,  0.800,0.00000,  0.000,
mon_rep231013,2023-10-13T10:44:29,361.666,  0.400,1,0,247, 25.000, 14.525,  0.000,-23.077, 13.525, 13.800,  0.000, 14.825, 13.543,  1.282,  0.800,  0.860,  0.800,0.00000,  0.000,
mon_rep231013,2023-10-13T10:44:30,362.066,  0.400,1,0,247, 25.000, 14.525,  0.000,-23.077, 13.525, 13.800,  0.000, 14.825, 13.543,  1.282,  0.800,  0.860,  0.800,0.00000,  0.000,
mon_rep231013,2023-10-13T10:44:30,362.466,  0.400,1,0,247, 25.000, 14.525,  0.000,-23.077, 13.525, 13.800,  0.000, 14.825, 13.543,  1.282,  0.800,  0.860,  0.800,0.00000,  0.000,
mon_rep231013,2023-10-13T10:44:30,362.866,  0.400,1,0,247, 25.000, 14.525,  0.000,-23.077, 13.525, 13.800,  0.000, 14.825, 13.543,  1.282,  0.800,  0.860,  0.800,0.00000,  0.000,
mon_rep231013,2023-10-13T10:44:31,363.266,  0.400,1,0,247, 25.000, 14.525,  0.000,-23.077, 13.525, 13.800,  0.000, 14.825, 13.543,  1.282,  0.800,  0.861,  0.800,0.00000,  0.000,
mon_rep231013,2023-10-13T10:44:31,363.666,  0.400,1,0,247, 25.000, 14.525,  0.000,-23.077, 13.525, 13.800,  0.000, 14.825, 13.543,  1.282,  0.800,  0.861,  0.800,0.00000,  0.000,
mon_rep231013,2023-10-13T10:44:32,364.066,  0.400,1,0,247, 25.000, 14.525,  0.000,-23.077, 13.525, 13.800,  0.000, 14.825, 13.543,  1.282,  0.800,  0.861,  0.800,0.00000,  0.000,
mon_rep231013,2023-10-13T10:44:32,364.466,  0.400,1,0,247, 25.000, 14.525,  0.000,-23.077, 13.525, 13.800,  0.000, 14.825, 13.543,  1.282,  0.800,  0.861,  0.800,0.00000,  0.000,
mon_rep231013,2023-10-13T10:44:32,364.866,  0.400,1,0,247, 25.000, 14.525,  0.000,-23.077, 13.525, 13.800,  0.000, 14.825, 13.543,  1.282,  0.800,  0.861,  0.800,0.00000,  0.000,
mon_rep231013,2023-10-13T10:44:33,365.266,  0.400,1,0,247, 25.000, 14.525,  0.000,-23.077, 13.525, 13.800,  0.000, 14.825, 13.543,  1.282,  0.800,  0.862,  0.800,0.00000,  0.000,
mon_rep231013,2023-10-13T10:44:33,365.666,  0.400,1,0,247, 25.000, 14.525,  0.000,-23.077, 13.525, 13.800,  0.000, 14.825, 13.543,  1.282,  0.800,  0.862,  0.800,0.00000,  0.000,
mon_rep231013,2023-10-13T10:44:34,366.066,  0.400,1,0,247, 25.000, 14.525,  0.000,-23.077, 13.525, 13.800,  0.000, 14.825, 13.543,  1.282,  0.800,  0.862,  0.800,0.00000,  0.000,
mon_rep231013,2023-10-13T10:44:34,366.466,  0.400,1,0,247, 25.000, 14.525,  0.000,-23.077, 13.525, 13.800,  0.000, 14.825, 13.543,  1.282,  0.800,  0.862,  0.800,0.00000,  0.000,
mon_rep231013,2023-10-13T10:44:34,366.866,  0.400,1,0,247, 25.000, 14.525,  0.000,-23.077, 13.525, 13.800,  0.000, 14.825, 13.543,  1.282,  0.800,  0.862,  0.800,0.00000,  0.000,
mon_rep231013,2023-10-13T10:44:35,367.266,  0.400,1,0,247, 25.000, 14.525,  0.000,-23.077, 13.525, 13.800,  0.000, 14.825, 13.544,  1.281,  0.800,  0.862,  0.800,0.00000,  0.000,
mon_rep231013,2023-10-13T10:44:35,367.666,  0.400,1,0,247, 25.000, 14.525,  0.000,-23.077, 13.525, 13.800,  0.000, 14.825, 13.544,  1.281,  0.800,  0.862,  0.800,0.00000,  0.000,
mon_rep231013,2023-10-13T10:44:36,368.066,  0.400,1,0,247, 25.000, 14.525,  0.000,-23.077, 13.525, 13.800,  0.000, 14.825, 13.544,  1.281,  0.800,  0.862,  0.800,0.00000,  0.000,
mon_rep231013,2023-10-13T10:44:36,368.466,  0.400,1,0,247, 25.000, 14.525,  0.000,-23.077, 13.525, 13.800,  0.000, 14.825, 13.544,  1.281,  0.800,  0.862,  0.800,0.00000,  0.000,
mon_rep231013,2023-10-13T10:44:36,368.866,  0.400,1,0,247, 25.000, 14.525,  0.000,-23.077, 13.525, 13.800,  0.000, 14.825, 13.544,  1.281,  0.800,  0.862,  0.800,0.00000,  0.000,
mon_rep231013,2023-10-13T10:44:37,369.266,  0.400,1,0,247, 25.000, 14.525,  0.000,-23.077, 13.525, 13.800,  0.000, 14.825, 13.544,  1.281,  0.800,  0.863,  0.800,0.00000,  0.000,
mon_rep231013,2023-10-13T10:44:37,369.666,  0.400,1,0,247, 25.000, 14.525,  0.000,-23.077, 13.525, 13.800,  0.000, 14.825, 13.544,  1.281,  0.800,  0.863,  0.800,0.00000,  0.000,
mon_rep231013,2023-10-13T10:44:38,370.066,  0.400,1,0,247, 25.000, 14.525,  0.000,-23.077, 13.525, 13.800,  0.000, 14.825, 13.544,  1.281,  0.800,  0.863,  0.800,0.00000,  0.000,
mon_rep231013,2023-10-13T10:44:38,370.466,  0.400,1,0,247, 25.000, 14.525,  0.000,-23.077, 13.525, 13.800,  0.000, 14.825, 13.544,  1.281,  0.800,  0.863,  0.800,0.00000,  0.000,
mon_rep231013,2023-10-13T10:44:38,370.866,  0.400,1,0,247, 25.000, 14.525,  0.000,-23.077, 13.525, 13.800,  0.000, 14.825, 13.544,  1.281,  0.800,  0.863,  0.800,0.00000,  0.000,
mon_rep231013,2023-10-13T10:44:39,371.266,  0.400,1,0,247, 25.000, 14.525,  0.000,-23.077, 13.525, 13.800,  0.000, 14.825, 13.544,  1.281,  0.800,  0.864,  0.800,0.00000,  0.000,
mon_rep231013,2023-10-13T10:44:39,371.666,  0.400,1,0,247, 25.000, 14.525,  0.000,-23.077, 13.525, 13.800,  0.000, 14.825, 13.544,  1.281,  0.800,  0.864,  0.800,0.00000,  0.000,
mon_rep231013,2023-10-13T10:44:40,372.066,  0.400,1,0,247, 25.000, 14.525,  0.000,-23.077, 13.525, 13.800,  0.000, 14.825, 13.544,  1.281,  0.800,  0.864,  0.800,0.00000,  0.000,
mon_rep231013,2023-10-13T10:44:40,372.466,  0.400,1,0,247, 25.000, 14.525,  0.000,-23.077, 13.525, 13.800,  0.000, 14.825, 13.544,  1.281,  0.800,  0.864,  0.800,0.00000,  0.000,
mon_rep231013,2023-10-13T10:44:40,372.866,  0.400,1,0,247, 25.000, 14.525,  0.000,-23.077, 13.525, 13.800,  0.000, 14.825, 13.544,  1.281,  0.800,  0.864,  0.800,0.00000,  0.000,
mon_rep231013,2023-10-13T10:44:41,373.266,  0.400,1,0,247, 25.000, 14.525,  0.000,-23.077, 13.525, 13.800,  0.000, 14.825, 13.544,  1.281,  0.800,  0.864,  0.800,0.00000,  0.000,
mon_rep231013,2023-10-13T10:44:41,373.666,  0.400,1,0,247, 25.000, 14.525,  0.000,-23.077, 13.525, 13.800,  0.000, 14.825, 13.544,  1.281,  0.800,  0.864,  0.800,0.00000,  0.000,
mon_rep231013,2023-10-13T10:44:42,374.066,  0.400,1,0,247, 25.000, 14.525,  0.000,-23.077, 13.525, 13.800,  0.000, 14.825, 13.544,  1.281,  0.800,  0.864,  0.800,0.00000,  0.000,
mon_rep231013,2023-10-13T10:44:42,374.466,  0.400,1,0,247, 25.000, 14.525,  0.000,-23.077, 13.525, 13.800,  0.000, 14.825, 13.544,  1.281,  0.800,  0.864,  0.800,0.00000,  0.000,
mon_rep231013,2023-10-13T10:44:42,374.866,  0.400,1,0,247, 25.000, 14.525,  0.000,-23.077, 13.525, 13.800,  0.000, 14.825, 13.544,  1.281,  0.800,  0.864,  0.800,0.00000,  0.000,
mon_rep231013,2023-10-13T10:44:43,375.266,  0.400,1,0,247, 25.000, 14.525,  0.000,-23.077, 13.525, 13.800,  0.000, 14.825, 13.544,  1.281,  0.800,  0.865,  0.800,0.00000,  0.000,
mon_rep231013,2023-10-13T10:44:43,375.666,  0.400,1,0,247, 25.000, 14.525,  0.000,-23.077, 13.525, 13.800,  0.000, 14.825, 13.544,  1.281,  0.800,  0.865,  0.800,0.00000,  0.000,
mon_rep231013,2023-10-13T10:44:44,376.066,  0.400,1,0,247, 25.000, 14.525,  0.000,-23.077, 13.525, 13.800,  0.000, 14.825, 13.544,  1.281,  0.800,  0.865,  0.800,0.00000,  0.000,
mon_rep231013,2023-10-13T10:44:44,376.466,  0.400,1,0,247, 25.000, 14.525,  0.000,-23.077, 13.525, 13.800,  0.000, 14.825, 13.544,  1.281,  0.800,  0.865,  0.800,0.00000,  0.000,
mon_rep231013,2023-10-13T10:44:44,376.866,  0.400,1,0,247, 25.000, 14.525,  0.000,-23.077, 13.525, 13.800,  0.000, 14.825, 13.544,  1.281,  0.800,  0.865,  0.800,0.00000,  0.000,
mon_rep231013,2023-10-13T10:44:45,377.266,  0.400,1,0,247, 25.000, 14.525,  0.000,-23.077, 13.525, 13.800,  0.000, 14.825, 13.544,  1.281,  0.800,  0.866,  0.800,0.00000,  0.000,
mon_rep231013,2023-10-13T10:44:45,377.666,  0.400,1,0,247, 25.000, 14.525,  0.000,-23.077, 13.525, 13.800,  0.000, 14.825, 13.544,  1.281,  0.800,  0.866,  0.800,0.00000,  0.000,
mon_rep231013,2023-10-13T10:44:46,378.066,  0.400,1,0,247, 25.000, 14.525,  0.000,-23.077, 13.525, 13.800,  0.000, 14.825, 13.544,  1.281,  0.800,  0.866,  0.800,0.00000,  0.000,
mon_rep231013,2023-10-13T10:44:46,378.466,  0.400,1,0,247, 25.000, 14.525,  0.000,-23.077, 13.525, 13.800,  0.000, 14.825, 13.544,  1.281,  0.800,  0.866,  0.800,0.00000,  0.000,
mon_rep231013,2023-10-13T10:44:46,378.866,  0.400,1,0,247, 25.000, 14.525,  0.000,-23.077, 13.525, 13.800,  0.000, 14.825, 13.544,  1.281,  0.800,  0.866,  0.800,0.00000,  0.000,
mon_rep231013,2023-10-13T10:44:47,379.266,  0.400,1,0,247, 25.000, 14.525,  0.000,-23.077, 13.525, 13.800,  0.000, 14.825, 13.545,  1.280,  0.800,  0.866,  0.800,0.00000,  0.000,
mon_rep231013,2023-10-13T10:44:47,379.666,  0.400,1,0,247, 25.000, 14.525,  0.000,-23.077, 13.525, 13.800,  0.000, 14.825, 13.545,  1.280,  0.800,  0.866,  0.800,0.00000,  0.000,
mon_rep231013,2023-10-13T10:44:48,380.066,  0.400,1,0,247, 25.000, 14.525,  0.000,-23.077, 13.525, 13.800,  0.000, 14.825, 13.545,  1.280,  0.800,  0.866,  0.800,0.00000,  0.000,
mon_rep231013,2023-10-13T10:44:48,380.466,  0.400,1,0,247, 25.000, 14.525,  0.000,-23.077, 13.525, 13.800,  0.000, 14.825, 13.545,  1.280,  0.800,  0.866,  0.800,0.00000,  0.000,
mon_rep231013,2023-10-13T10:44:48,380.866,  0.400,1,0,247, 25.000, 14.525,  0.000,-23.077, 13.525, 13.800,  0.000, 14.825, 13.545,  1.280,  0.800,  0.866,  0.800,0.00000,  0.000,
mon_rep231013,2023-10-13T10:44:49,381.266,  0.400,1,0,247, 25.000, 14.525,  0.000,-23.077, 13.525, 13.800,  0.000, 14.825, 13.545,  1.280,  0.800,  0.867,  0.800,0.00000,  0.000,
mon_rep231013,2023-10-13T10:44:49,381.666,  0.400,1,0,247, 25.000, 14.525,  0.000,-23.077, 13.525, 13.800,  0.000, 14.825, 13.545,  1.280,  0.800,  0.867,  0.800,0.00000,  0.000,
mon_rep231013,2023-10-13T10:44:50,382.066,  0.400,1,0,247, 25.000, 14.525,  0.000,-23.077, 13.525, 13.800,  0.000, 14.825, 13.545,  1.280,  0.800,  0.867,  0.800,0.00000,  0.000,
mon_rep231013,2023-10-13T10:44:50,382.466,  0.400,1,0,247, 25.000, 14.525,  0.000,-23.077, 13.525, 13.800,  0.000, 14.825, 13.545,  1.280,  0.800,  0.867,  0.800,0.00000,  0.000,
mon_rep231013,2023-10-13T10:44:50,382.866,  0.400,1,0,247, 25.000, 14.525,  0.000,-23.077, 13.525, 13.800,  0.000, 14.825, 13.545,  1.280,  0.800,  0.867,  0.800,0.00000,  0.000,
mon_rep231013,2023-10-13T10:44:51,383.266,  0.400,1,0,247, 25.000, 14.525,  0.000,-23.077, 13.525, 13.800,  0.000, 14.825, 13.545,  1.280,  0.800,  0.867,  0.800,0.00000,  0.000,
mon_rep231013,2023-10-13T10:44:51,383.666,  0.400,1,0,247, 25.000, 14.525,  0.000,-23.077, 13.525, 13.800,  0.000, 14.825, 13.545,  1.280,  0.800,  0.867,  0.800,0.00000,  0.000,
mon_rep231013,2023-10-13T10:44:52,384.066,  0.400,1,0,247, 25.000, 14.525,  0.000,-23.077, 13.525, 13.800,  0.000, 14.825, 13.545,  1.280,  0.800,  0.867,  0.800,0.00000,  0.000,
mon_rep231013,2023-10-13T10:44:52,384.466,  0.400,1,0,247, 25.000, 14.525,  0.000,-23.077, 13.525, 13.800,  0.000, 14.825, 13.545,  1.280,  0.800,  0.867,  0.800,0.00000,  0.000,
mon_rep231013,2023-10-13T10:44:52,384.866,  0.400,1,0,247, 25.000, 14.525,  0.000,-23.077, 13.525, 13.800,  0.000, 14.825, 13.545,  1.280,  0.800,  0.867,  0.800,0.00000,  0.000,
mon_rep231013,2023-10-13T10:44:53,385.266,  0.400,1,0,247, 25.000, 14.525,  0.000,-23.077, 13.525, 13.800,  0.000, 14.825, 13.545,  1.280,  0.800,  0.868,  0.800,0.00000,  0.000,
mon_rep231013,2023-10-13T10:44:53,385.666,  0.400,1,0,247, 25.000, 14.525,  0.000,-23.077, 13.525, 13.800,  0.000, 14.825, 13.545,  1.280,  0.800,  0.868,  0.800,0.00000,  0.000,
mon_rep231013,2023-10-13T10:44:54,386.066,  0.400,1,0,247, 25.000, 14.525,  0.000,-23.077, 13.525, 13.800,  0.000, 14.825, 13.545,  1.280,  0.800,  0.868,  0.800,0.00000,  0.000,
mon_rep231013,2023-10-13T10:44:54,386.466,  0.400,1,0,247, 25.000, 14.525,  0.000,-23.077, 13.525, 13.800,  0.000, 14.825, 13.545,  1.280,  0.800,  0.868,  0.800,0.00000,  0.000,
mon_rep231013,2023-10-13T10:44:54,386.866,  0.400,1,0,247, 25.000, 14.525,  0.000,-23.077, 13.525, 13.800,  0.000, 14.825, 13.545,  1.280,  0.800,  0.868,  0.800,0.00000,  0.000,
mon_rep231013,2023-10-13T10:44:55,387.266,  0.400,1,0,247, 25.000, 14.525,  0.000,-23.077, 13.525, 13.800,  0.000, 14.825, 13.545,  1.280,  0.800,  0.869,  0.800,0.00000,  0.000,
mon_rep231013,2023-10-13T10:44:55,387.666,  0.400,1,0,247, 25.000, 14.525,  0.000,-23.077, 13.525, 13.800,  0.000, 14.825, 13.545,  1.280,  0.800,  0.869,  0.800,0.00000,  0.000,
mon_rep231013,2023-10-13T10:44:56,388.066,  0.400,1,0,247, 25.000, 14.525,  0.000,-23.077, 13.525, 13.800,  0.000, 14.825, 13.545,  1.280,  0.800,  0.869,  0.800,0.00000,  0.000,
mon_rep231013,2023-10-13T10:44:56,388.466,  0.400,1,0,247, 25.000, 14.525,  0.000,-23.077, 13.525, 13.800,  0.000, 14.825, 13.545,  1.280,  0.800,  0.869,  0.800,0.00000,  0.000,
mon_rep231013,2023-10-13T10:44:56,388.866,  0.400,1,0,247, 25.000, 14.525,  0.000,-23.077, 13.525, 13.800,  0.000, 14.825, 13.545,  1.280,  0.800,  0.869,  0.800,0.00000,  0.000,
mon_rep231013,2023-10-13T10:44:57,389.266,  0.400,1,0,247, 25.000, 14.525,  0.000,-23.077, 13.525, 13.800,  0.000, 14.825, 13.546,  1.279,  0.800,  0.869,  0.800,0.00000,  0.000,
mon_rep231013,2023-10-13T10:44:57,389.666,  0.400,1,0,247, 25.000, 14.525,  0.000,-23.077, 13.525, 13.800,  0.000, 14.825, 13.546,  1.279,  0.800,  0.869,  0.800,0.00000,  0.000,
mon_rep231013,2023-10-13T10:44:58,390.066,  0.400,1,0,247, 25.000, 14.525,  0.000,-23.077, 13.525, 13.800,  0.000, 14.825, 13.546,  1.279,  0.800,  0.869,  0.800,0.00000,  0.000,
mon_rep231013,2023-10-13T10:44:58,390.466,  0.400,1,0,247, 25.000, 14.525,  0.000,-23.077, 13.525, 13.800,  0.000, 14.825, 13.546,  1.279,  0.800,  0.869,  0.800,0.00000,  0.000,
mon_rep231013,2023-10-13T10:44:58,390.866,  0.400,1,0,247, 25.000, 14.525,  0.000,-23.077, 13.525, 13.800,  0.000, 14.825, 13.546,  1.279,  0.800,  0.869,  0.800,0.00000,  0.000,
mon_rep231013,2023-10-13T10:44:59,391.266,  0.400,1,0,247, 25.000, 14.525,  0.000,-23.077, 13.525, 13.800,  0.000, 14.825, 13.546,  1.279,  0.800,  0.870,  0.800,0.00000,  0.000,
mon_rep231013,2023-10-13T10:44:59,391.666,  0.400,1,0,247, 25.000, 14.525,  0.000,-23.077, 13.525, 13.800,  0.000, 14.825, 13.546,  1.279,  0.800,  0.870,  0.800,0.00000,  0.000,
mon_rep231013,2023-10-13T10:45:00,392.066,  0.400,1,0,247, 25.000, 14.525,  0.000,-23.077, 13.525, 13.800,  0.000, 14.825, 13.546,  1.279,  0.800,  0.870,  0.800,0.00000,  0.000,
mon_rep231013,2023-10-13T10:45:00,392.466,  0.400,1,0,247, 25.000, 14.525,  0.000,-23.077, 13.525, 13.800,  0.000, 14.825, 13.546,  1.279,  0.800,  0.870,  0.800,0.00000,  0.000,
mon_rep231013,2023-10-13T10:45:00,392.866,  0.400,1,0,247, 25.000, 14.525,  0.000,-23.077, 13.525, 13.800,  0.000, 14.825, 13.546,  1.279,  0.800,  0.870,  0.800,0.00000,  0.000,
mon_rep231013,2023-10-13T10:45:01,393.266,  0.400,1,0,247, 25.000, 14.525,  0.000,-23.077, 13.525, 13.800,  0.000, 14.825, 13.546,  1.279,  0.800,  0.871,  0.800,0.00000,  0.000,
mon_rep231013,2023-10-13T10:45:01,393.666,  0.400,1,0,247, 25.000, 14.525,  0.000,-23.077, 13.525, 13.800,  0.000, 14.825, 13.546,  1.279,  0.800,  0.871,  0.800,0.00000,  0.000,
mon_rep231013,2023-10-13T10:45:02,394.066,  0.400,1,0,247, 25.000, 14.525,  0.000,-23.077, 13.525, 13.800,  0.000, 14.825, 13.546,  1.279,  0.800,  0.871,  0.800,0.00000,  0.000,
mon_rep231013,2023-10-13T10:45:02,394.466,  0.400,1,0,247, 25.000, 14.525,  0.000,-23.077, 13.525, 13.800,  0.000, 14.825, 13.546,  1.279,  0.800,  0.871,  0.800,0.00000,  0.000,
mon_rep231013,2023-10-13T10:45:02,394.866,  0.400,1,0,247, 25.000, 14.525,  0.000,-23.077, 13.525, 13.800,  0.000, 14.825, 13.546,  1.279,  0.800,  0.871,  0.800,0.00000,  0.000,
mon_rep231013,2023-10-13T10:45:03,395.266,  0.400,1,0,247, 25.000, 14.525,  0.000,-23.077, 13.525, 13.800,  0.000, 14.825, 13.546,  1.279,  0.800,  0.872,  0.800,0.00000,  0.000,
mon_rep231013,2023-10-13T10:45:03,395.666,  0.400,1,0,247, 25.000, 14.525,  0.000,-23.077, 13.525, 13.800,  0.000, 14.825, 13.546,  1.279,  0.800,  0.872,  0.800,0.00000,  0.000,
mon_rep231013,2023-10-13T10:45:04,396.066,  0.400,1,0,247, 25.000, 14.525,  0.000,-23.077, 13.525, 13.800,  0.000, 14.825, 13.546,  1.279,  0.800,  0.872,  0.800,0.00000,  0.000,
mon_rep231013,2023-10-13T10:45:04,396.466,  0.400,1,0,247, 25.000, 14.525,  0.000,-23.077, 13.525, 13.800,  0.000, 14.825, 13.546,  1.279,  0.800,  0.872,  0.800,0.00000,  0.000,
mon_rep231013,2023-10-13T10:45:04,396.866,  0.400,1,0,247, 25.000, 14.525,  0.000,-23.077, 13.525, 13.800,  0.000, 14.825, 13.546,  1.279,  0.800,  0.872,  0.800,0.00000,  0.000,
mon_rep231013,2023-10-13T10:45:05,397.266,  0.400,1,0,247, 25.000, 14.525,  0.000,-23.077, 13.525, 13.800,  0.000, 14.825, 13.546,  1.279,  0.800,  0.872,  0.800,0.00000,  0.000,
mon_rep231013,2023-10-13T10:45:05,397.666,  0.400,1,0,247, 25.000, 14.525,  0.000,-23.077, 13.525, 13.800,  0.000, 14.825, 13.546,  1.279,  0.800,  0.872,  0.800,0.00000,  0.000,
mon_rep231013,2023-10-13T10:45:06,398.066,  0.400,1,0,247, 25.000, 14.525,  0.000,-23.077, 13.525, 13.800,  0.000, 14.825, 13.546,  1.279,  0.800,  0.872,  0.800,0.00000,  0.000,
mon_rep231013,2023-10-13T10:45:06,398.466,  0.400,1,0,247, 25.000, 14.525,  0.000,-23.077, 13.525, 13.800,  0.000, 14.825, 13.546,  1.279,  0.800,  0.872,  0.800,0.00000,  0.000,
mon_rep231013,2023-10-13T10:45:06,398.866,  0.400,1,0,247, 25.000, 14.525,  0.000,-23.077, 13.525, 13.800,  0.000, 14.825, 13.546,  1.279,  0.800,  0.872,  0.800,0.00000,  0.000,
mon_rep231013,2023-10-13T10:45:07,399.266,  0.400,1,0,247, 25.000, 14.525,  0.000,-23.077, 13.525, 13.800,  0.000, 14.825, 13.547,  1.278,  0.800,  0.873,  0.800,0.00000,  0.000,
mon_rep231013,2023-10-13T10:45:07,399.666,  0.400,1,0,247, 25.000, 14.525,  0.000,-23.077, 13.525, 13.800,  0.000, 14.825, 13.547,  1.278,  0.800,  0.873,  0.800,0.00000,  0.000,
mon_rep231013,2023-10-13T10:45:08,400.066,  0.400,1,0,247, 25.000, 14.525,  0.000,-23.077, 13.525, 13.800,  0.000, 14.825, 13.547,  1.278,  0.800,  0.873,  0.800,0.00000,  0.000,
mon_rep231013,2023-10-13T10:45:08,400.466,  0.400,1,0,247, 25.000, 14.525,  0.000,-23.077, 13.525, 13.800,  0.000, 14.825, 13.547,  1.278,  0.800,  0.873,  0.800,0.00000,  0.000,
mon_rep231013,2023-10-13T10:45:08,400.866,  0.400,1,0,247, 25.000, 14.525,  0.000,-23.077, 13.525, 13.800,  0.000, 14.825, 13.547,  1.278,  0.800,  0.873,  0.800,0.00000,  0.000,
mon_rep231013,2023-10-13T10:45:09,401.266,  0.400,1,0,247, 25.000, 14.525,  0.000,-23.077, 13.525, 13.800,  0.000, 14.825, 13.547,  1.278,  0.800,  0.874,  0.800,0.00000,  0.000,
mon_rep231013,2023-10-13T10:45:09,401.666,  0.400,1,0,247, 25.000, 14.525,  0.000,-23.077, 13.525, 13.800,  0.000, 14.825, 13.547,  1.278,  0.800,  0.874,  0.800,0.00000,  0.000,
mon_rep231013,2023-10-13T10:45:10,402.066,  0.400,1,0,247, 25.000, 14.525,  0.000,-23.077, 13.525, 13.800,  0.000, 14.825, 13.547,  1.278,  0.800,  0.874,  0.800,0.00000,  0.000,
mon_rep231013,2023-10-13T10:45:10,402.466,  0.400,1,0,247, 25.000, 14.525,  0.000,-23.077, 13.525, 13.800,  0.000, 14.825, 13.547,  1.278,  0.800,  0.874,  0.800,0.00000,  0.000,
mon_rep231013,2023-10-13T10:45:10,402.866,  0.400,1,0,247, 25.000, 14.525,  0.000,-23.077, 13.525, 13.800,  0.000, 14.825, 13.547,  1.278,  0.800,  0.874,  0.800,0.00000,  0.000,
mon_rep231013,2023-10-13T10:45:11,403.266,  0.400,1,0,247, 25.000, 14.525,  0.000,-23.077, 13.525, 13.800,  0.000, 14.825, 13.547,  1.278,  0.800,  0.874,  0.800,0.00000,  0.000,
mon_rep231013,2023-10-13T10:45:11,403.666,  0.400,1,0,247, 25.000, 14.525,  0.000,-23.077, 13.525, 13.800,  0.000, 14.825, 13.547,  1.278,  0.800,  0.874,  0.800,0.00000,  0.000,
mon_rep231013,2023-10-13T10:45:12,404.066,  0.400,1,0,247, 25.000, 14.525,  0.000,-23.077, 13.525, 13.800,  0.000, 14.825, 13.547,  1.278,  0.800,  0.874,  0.800,0.00000,  0.000,
mon_rep231013,2023-10-13T10:45:12,404.466,  0.400,1,0,247, 25.000, 14.525,  0.000,-23.077, 13.525, 13.800,  0.000, 14.825, 13.547,  1.278,  0.800,  0.874,  0.800,0.00000,  0.000,
mon_rep231013,2023-10-13T10:45:12,404.866,  0.400,1,0,247, 25.000, 14.525,  0.000,-23.077, 13.525, 13.800,  0.000, 14.825, 13.547,  1.278,  0.800,  0.874,  0.800,0.00000,  0.000,
mon_rep231013,2023-10-13T10:45:13,405.266,  0.400,1,0,247, 25.000, 14.525,  0.000,-23.077, 13.525, 13.800,  0.000, 14.825, 13.547,  1.278,  0.800,  0.875,  0.800,0.00000,  0.000,
mon_rep231013,2023-10-13T10:45:13,405.666,  0.400,1,0,247, 25.000, 14.525,  0.000,-23.077, 13.525, 13.800,  0.000, 14.825, 13.547,  1.278,  0.800,  0.875,  0.800,0.00000,  0.000,
mon_rep231013,2023-10-13T10:45:14,406.066,  0.400,1,0,247, 25.000, 14.525,  0.000,-23.077, 13.525, 13.800,  0.000, 14.825, 13.547,  1.278,  0.800,  0.875,  0.800,0.00000,  0.000,
mon_rep231013,2023-10-13T10:45:14,406.466,  0.400,1,0,247, 25.000, 14.525,  0.000,-23.077, 13.525, 13.800,  0.000, 14.825, 13.547,  1.278,  0.800,  0.875,  0.800,0.00000,  0.000,
mon_rep231013,2023-10-13T10:45:14,406.866,  0.400,1,0,247, 25.000, 14.525,  0.000,-23.077, 13.525, 13.800,  0.000, 14.825, 13.547,  1.278,  0.800,  0.875,  0.800,0.00000,  0.000,
mon_rep231013,2023-10-13T10:45:15,407.266,  0.400,1,0,247, 25.000, 14.525,  0.000,-23.077, 13.525, 13.800,  0.000, 14.825, 13.547,  1.278,  0.800,  0.876,  0.800,0.00000,  0.000,
mon_rep231013,2023-10-13T10:45:15,407.666,  0.400,1,0,247, 25.000, 14.525,  0.000,-23.077, 13.525, 13.800,  0.000, 14.825, 13.547,  1.278,  0.800,  0.876,  0.800,0.00000,  0.000,
mon_rep231013,2023-10-13T10:45:16,408.066,  0.400,1,0,247, 25.000, 14.525,  0.000,-23.077, 13.525, 13.800,  0.000, 14.825, 13.547,  1.278,  0.800,  0.876,  0.800,0.00000,  0.000,
mon_rep231013,2023-10-13T10:45:16,408.466,  0.400,1,0,247, 25.000, 14.525,  0.000,-23.077, 13.525, 13.800,  0.000, 14.825, 13.547,  1.278,  0.800,  0.876,  0.800,0.00000,  0.000,
mon_rep231013,2023-10-13T10:45:16,408.866,  0.400,1,0,247, 25.000, 14.525,  0.000,-23.077, 13.525, 13.800,  0.000, 14.825, 13.547,  1.278,  0.800,  0.876,  0.800,0.00000,  0.000,
mon_rep231013,2023-10-13T10:45:17,409.266,  0.400,1,0,247, 25.000, 14.525,  0.000,-23.077, 13.525, 13.800,  0.000, 14.825, 13.548,  1.277,  0.800,  0.876,  0.800,0.00000,  0.000,
mon_rep231013,2023-10-13T10:45:17,409.666,  0.400,1,0,247, 25.000, 14.525,  0.000,-23.077, 13.525, 13.800,  0.000, 14.825, 13.548,  1.277,  0.800,  0.876,  0.800,0.00000,  0.000,
mon_rep231013,2023-10-13T10:45:18,410.066,  0.400,1,0,247, 25.000, 14.525,  0.000,-23.077, 13.525, 13.800,  0.000, 14.825, 13.548,  1.277,  0.800,  0.876,  0.800,0.00000,  0.000,
mon_rep231013,2023-10-13T10:45:18,410.466,  0.400,1,0,247, 25.000, 14.525,  0.000,-23.077, 13.525, 13.800,  0.000, 14.825, 13.548,  1.277,  0.800,  0.876,  0.800,0.00000,  0.000,
mon_rep231013,2023-10-13T10:45:18,410.866,  0.400,1,0,247, 25.000, 14.525,  0.000,-23.077, 13.525, 13.800,  0.000, 14.825, 13.548,  1.277,  0.800,  0.876,  0.800,0.00000,  0.000,
mon_rep231013,2023-10-13T10:45:19,411.266,  0.400,1,0,247, 25.000, 14.525,  0.000,-23.077, 13.525, 13.800,  0.000, 14.825, 13.548,  1.277,  0.800,  0.877,  0.800,0.00000,  0.000,
mon_rep231013,2023-10-13T10:45:19,411.666,  0.400,1,0,247, 25.000, 14.525,  0.000,-23.077, 13.525, 13.800,  0.000, 14.825, 13.548,  1.277,  0.800,  0.877,  0.800,0.00000,  0.000,
mon_rep231013,2023-10-13T10:45:20,412.066,  0.400,1,0,247, 25.000, 14.525,  0.000,-23.077, 13.525, 13.800,  0.000, 14.825, 13.548,  1.277,  0.800,  0.877,  0.800,0.00000,  0.000,
mon_rep231013,2023-10-13T10:45:20,412.466,  0.400,1,0,247, 25.000, 14.525,  0.000,-23.077, 13.525, 13.800,  0.000, 14.825, 13.548,  1.277,  0.800,  0.877,  0.800,0.00000,  0.000,
mon_rep231013,2023-10-13T10:45:20,412.866,  0.400,1,0,247, 25.000, 14.525,  0.000,-23.077, 13.525, 13.800,  0.000, 14.825, 13.548,  1.277,  0.800,  0.877,  0.800,0.00000,  0.000,
mon_rep231013,2023-10-13T10:45:21,413.266,  0.400,1,0,247, 25.000, 14.525,  0.000,-23.077, 13.525, 13.800,  0.000, 14.825, 13.548,  1.277,  0.800,  0.878,  0.800,0.00000,  0.000,
mon_rep231013,2023-10-13T10:45:21,413.666,  0.400,1,0,247, 25.000, 14.525,  0.000,-23.077, 13.525, 13.800,  0.000, 14.825, 13.548,  1.277,  0.800,  0.878,  0.800,0.00000,  0.000,
mon_rep231013,2023-10-13T10:45:22,414.066,  0.400,1,0,247, 25.000, 14.525,  0.000,-23.077, 13.525, 13.800,  0.000, 14.825, 13.548,  1.277,  0.800,  0.878,  0.800,0.00000,  0.000,
mon_rep231013,2023-10-13T10:45:22,414.466,  0.400,1,0,247, 25.000, 14.525,  0.000,-23.077, 13.525, 13.800,  0.000, 14.825, 13.548,  1.277,  0.800,  0.878,  0.800,0.00000,  0.000,
mon_rep231013,2023-10-13T10:45:22,414.866,  0.400,1,0,247, 25.000, 14.525,  0.000,-23.077, 13.525, 13.800,  0.000, 14.825, 13.548,  1.277,  0.800,  0.878,  0.800,0.00000,  0.000,
mon_rep231013,2023-10-13T10:45:23,415.266,  0.400,1,0,247, 25.000, 14.525,  0.000,-23.077, 13.525, 13.800,  0.000, 14.825, 13.548,  1.277,  0.800,  0.878,  0.800,0.00000,  0.000,
mon_rep231013,2023-10-13T10:45:23,415.666,  0.400,1,0,247, 25.000, 14.525,  0.000,-23.077, 13.525, 13.800,  0.000, 14.825, 13.548,  1.277,  0.800,  0.878,  0.800,0.00000,  0.000,
mon_rep231013,2023-10-13T10:45:24,416.066,  0.400,1,0,247, 25.000, 14.525,  0.000,-23.077, 13.525, 13.800,  0.000, 14.825, 13.548,  1.277,  0.800,  0.878,  0.800,0.00000,  0.000,
mon_rep231013,2023-10-13T10:45:24,416.466,  0.400,1,0,247, 25.000, 14.525,  0.000,-23.077, 13.525, 13.800,  0.000, 14.825, 13.548,  1.277,  0.800,  0.878,  0.800,0.00000,  0.000,
mon_rep231013,2023-10-13T10:45:24,416.866,  0.400,1,0,247, 25.000, 14.525,  0.000,-23.077, 13.525, 13.800,  0.000, 14.825, 13.548,  1.277,  0.800,  0.878,  0.800,0.00000,  0.000,
mon_rep231013,2023-10-13T10:45:25,417.266,  0.400,1,0,247, 25.000, 14.525,  0.000,-23.077, 13.525, 13.800,  0.000, 14.825, 13.549,  1.276,  0.800,  0.879,  0.800,0.00000,  0.000,
mon_rep231013,2023-10-13T10:45:25,417.666,  0.400,1,0,247, 25.000, 14.525,  0.000,-23.077, 13.525, 13.800,  0.000, 14.825, 13.549,  1.276,  0.800,  0.879,  0.800,0.00000,  0.000,
mon_rep231013,2023-10-13T10:45:26,418.066,  0.400,1,0,247, 25.000, 14.525,  0.000,-23.077, 13.525, 13.800,  0.000, 14.825, 13.549,  1.276,  0.800,  0.879,  0.800,0.00000,  0.000,
mon_rep231013,2023-10-13T10:45:26,418.466,  0.400,1,0,247, 25.000, 14.525,  0.000,-23.077, 13.525, 13.800,  0.000, 14.825, 13.549,  1.276,  0.800,  0.879,  0.800,0.00000,  0.000,
mon_rep231013,2023-10-13T10:45:26,418.866,  0.400,1,0,247, 25.000, 14.525,  0.000,-23.077, 13.525, 13.800,  0.000, 14.825, 13.549,  1.276,  0.800,  0.879,  0.800,0.00000,  0.000,
mon_rep231013,2023-10-13T10:45:27,419.266,  0.400,1,0,247, 25.000, 14.525,  0.000,-23.077, 13.525, 13.800,  0.000, 14.825, 13.549,  1.276,  0.800,  0.880,  0.800,0.00000,  0.000,
mon_rep231013,2023-10-13T10:45:27,419.666,  0.400,1,0,247, 25.000, 14.525,  0.000,-23.077, 13.525, 13.800,  0.000, 14.825, 13.549,  1.276,  0.800,  0.880,  0.800,0.00000,  0.000,
mon_rep231013,2023-10-13T10:45:28,420.066,  0.400,1,0,247, 25.000, 14.525,  0.000,-23.077, 13.525, 13.800,  0.000, 14.825, 13.549,  1.276,  0.800,  0.880,  0.800,0.00000,  0.000,
mon_rep231013,2023-10-13T10:45:28,420.466,  0.400,1,0,247, 25.000, 14.525,  0.000,-23.077, 13.525, 13.800,  0.000, 14.825, 13.549,  1.276,  0.800,  0.880,  0.800,0.00000,  0.000,
mon_rep231013,2023-10-13T10:45:28,420.866,  0.400,1,0,247, 25.000, 14.525,  0.000,-23.077, 13.525, 13.800,  0.000, 14.825, 13.549,  1.276,  0.800,  0.880,  0.800,0.00000,  0.000,
mon_rep231013,2023-10-13T10:45:29,421.266,  0.400,1,0,247, 25.000, 14.525,  0.000,-23.077, 13.525, 13.800,  0.000, 14.825, 13.549,  1.276,  0.800,  0.881,  0.800,0.00000,  0.000,
mon_rep231013,2023-10-13T10:45:29,421.666,  0.400,1,0,247, 25.000, 14.525,  0.000,-23.077, 13.525, 13.800,  0.000, 14.825, 13.549,  1.276,  0.800,  0.881,  0.800,0.00000,  0.000,
mon_rep231013,2023-10-13T10:45:30,422.066,  0.400,1,0,247, 25.000, 14.525,  0.000,-23.077, 13.525, 13.800,  0.000, 14.825, 13.549,  1.276,  0.800,  0.881,  0.800,0.00000,  0.000,
mon_rep231013,2023-10-13T10:45:30,422.466,  0.400,1,0,247, 25.000, 14.525,  0.000,-23.077, 13.525, 13.800,  0.000, 14.825, 13.549,  1.276,  0.800,  0.881,  0.800,0.00000,  0.000,
mon_rep231013,2023-10-13T10:45:30,422.866,  0.400,1,0,247, 25.000, 14.525,  0.000,-23.077, 13.525, 13.800,  0.000, 14.825, 13.549,  1.276,  0.800,  0.881,  0.800,0.00000,  0.000,
mon_rep231013,2023-10-13T10:45:31,423.266,  0.400,1,0,247, 25.000, 14.525,  0.000,-23.077, 13.525, 13.800,  0.000, 14.825, 13.549,  1.276,  0.800,  0.881,  0.800,0.00000,  0.000,
mon_rep231013,2023-10-13T10:45:31,423.666,  0.400,1,0,247, 25.000, 14.525,  0.000,-23.077, 13.525, 13.800,  0.000, 14.825, 13.549,  1.276,  0.800,  0.881,  0.800,0.00000,  0.000,
mon_rep231013,2023-10-13T10:45:32,424.066,  0.400,1,0,247, 25.000, 14.525,  0.000,-23.077, 13.525, 13.800,  0.000, 14.825, 13.549,  1.276,  0.800,  0.881,  0.800,0.00000,  0.000,
mon_rep231013,2023-10-13T10:45:32,424.466,  0.400,1,0,247, 25.000, 14.525,  0.000,-23.077, 13.525, 13.800,  0.000, 14.825, 13.549,  1.276,  0.800,  0.881,  0.800,0.00000,  0.000,
mon_rep231013,2023-10-13T10:45:32,424.866,  0.400,1,0,247, 25.000, 14.525,  0.000,-23.077, 13.525, 13.800,  0.000, 14.825, 13.549,  1.276,  0.800,  0.881,  0.800,0.00000,  0.000,
mon_rep231013,2023-10-13T10:45:33,425.266,  0.400,1,0,247, 25.000, 14.525,  0.000,-23.077, 13.525, 13.800,  0.000, 14.825, 13.549,  1.276,  0.800,  0.882,  0.800,0.00000,  0.000,
mon_rep231013,2023-10-13T10:45:33,425.666,  0.400,1,0,247, 25.000, 14.525,  0.000,-23.077, 13.525, 13.800,  0.000, 14.825, 13.549,  1.276,  0.800,  0.882,  0.800,0.00000,  0.000,
mon_rep231013,2023-10-13T10:45:34,426.066,  0.400,1,0,247, 25.000, 14.525,  0.000,-23.077, 13.525, 13.800,  0.000, 14.825, 13.549,  1.276,  0.800,  0.882,  0.800,0.00000,  0.000,
mon_rep231013,2023-10-13T10:45:34,426.466,  0.400,1,0,247, 25.000, 14.525,  0.000,-23.077, 13.525, 13.800,  0.000, 14.825, 13.549,  1.276,  0.800,  0.882,  0.800,0.00000,  0.000,
mon_rep231013,2023-10-13T10:45:34,426.866,  0.400,1,0,247, 25.000, 14.525,  0.000,-23.077, 13.525, 13.800,  0.000, 14.825, 13.549,  1.276,  0.800,  0.882,  0.800,0.00000,  0.000,
mon_rep231013,2023-10-13T10:45:35,427.266,  0.400,1,0,247, 25.000, 14.525,  0.000,-23.077, 13.525, 13.800,  0.000, 14.825, 13.550,  1.275,  0.800,  0.883,  0.800,0.00000,  0.000,
mon_rep231013,2023-10-13T10:45:35,427.666,  0.400,1,0,247, 25.000, 14.525,  0.000,-23.077, 13.525, 13.800,  0.000, 14.825, 13.550,  1.275,  0.800,  0.883,  0.800,0.00000,  0.000,
mon_rep231013,2023-10-13T10:45:36,428.066,  0.400,1,0,247, 25.000, 14.525,  0.000,-23.077, 13.525, 13.800,  0.000, 14.825, 13.550,  1.275,  0.800,  0.883,  0.800,0.00000,  0.000,
mon_rep231013,2023-10-13T10:45:36,428.466,  0.400,1,0,247, 25.000, 14.525,  0.000,-23.077, 13.525, 13.800,  0.000, 14.825, 13.550,  1.275,  0.800,  0.883,  0.800,0.00000,  0.000,
mon_rep231013,2023-10-13T10:45:36,428.866,  0.400,1,0,247, 25.000, 14.525,  0.000,-23.077, 13.525, 13.800,  0.000, 14.825, 13.550,  1.275,  0.800,  0.883,  0.800,0.00000,  0.000,
mon_rep231013,2023-10-13T10:45:37,429.266,  0.400,1,0,247, 25.000, 14.525,  0.000,-23.077, 13.525, 13.800,  0.000, 14.825, 13.550,  1.275,  0.800,  0.884,  0.800,0.00000,  0.000,
mon_rep231013,2023-10-13T10:45:37,429.666,  0.400,1,0,247, 25.000, 14.525,  0.000,-23.077, 13.525, 13.800,  0.000, 14.825, 13.550,  1.275,  0.800,  0.884,  0.800,0.00000,  0.000,
mon_rep231013,2023-10-13T10:45:38,430.066,  0.400,1,0,247, 25.000, 14.525,  0.000,-23.077, 13.525, 13.800,  0.000, 14.825, 13.550,  1.275,  0.800,  0.884,  0.800,0.00000,  0.000,
mon_rep231013,2023-10-13T10:45:38,430.466,  0.400,1,0,247, 25.000, 14.525,  0.000,-23.077, 13.525, 13.800,  0.000, 14.825, 13.550,  1.275,  0.800,  0.884,  0.800,0.00000,  0.000,
mon_rep231013,2023-10-13T10:45:38,430.866,  0.400,1,0,247, 25.000, 14.525,  0.000,-23.077, 13.525, 13.800,  0.000, 14.825, 13.550,  1.275,  0.800,  0.884,  0.800,0.00000,  0.000,
mon_rep231013,2023-10-13T10:45:39,431.266,  0.400,1,0,247, 25.000, 14.525,  0.000,-23.077, 13.525, 13.800,  0.000, 14.825, 13.550,  1.275,  0.800,  0.884,  0.800,0.00000,  0.000,
mon_rep231013,2023-10-13T10:45:39,431.666,  0.400,1,0,247, 25.000, 14.525,  0.000,-23.077, 13.525, 13.800,  0.000, 14.825, 13.550,  1.275,  0.800,  0.884,  0.800,0.00000,  0.000,
mon_rep231013,2023-10-13T10:45:40,432.066,  0.400,1,0,247, 25.000, 14.525,  0.000,-23.077, 13.525, 13.800,  0.000, 14.825, 13.550,  1.275,  0.800,  0.884,  0.800,0.00000,  0.000,
mon_rep231013,2023-10-13T10:45:40,432.466,  0.400,1,0,247, 25.000, 14.525,  0.000,-23.077, 13.525, 13.800,  0.000, 14.825, 13.550,  1.275,  0.800,  0.884,  0.800,0.00000,  0.000,
mon_rep231013,2023-10-13T10:45:40,432.866,  0.400,1,0,247, 25.000, 14.525,  0.000,-23.077, 13.525, 13.800,  0.000, 14.825, 13.550,  1.275,  0.800,  0.884,  0.800,0.00000,  0.000,
mon_rep231013,2023-10-13T10:45:41,433.266,  0.400,1,0,247, 25.000, 14.525,  0.000,-23.077, 13.525, 13.800,  0.000, 14.825, 13.550,  1.275,  0.800,  0.885,  0.800,0.00000,  0.000,
mon_rep231013,2023-10-13T10:45:41,433.666,  0.400,1,0,247, 25.000, 14.525,  0.000,-23.077, 13.525, 13.800,  0.000, 14.825, 13.550,  1.275,  0.800,  0.885,  0.800,0.00000,  0.000,
mon_rep231013,2023-10-13T10:45:42,434.066,  0.400,1,0,247, 25.000, 14.525,  0.000,-23.077, 13.525, 13.800,  0.000, 14.825, 13.550,  1.275,  0.800,  0.885,  0.800,0.00000,  0.000,
mon_rep231013,2023-10-13T10:45:42,434.466,  0.400,1,0,247, 25.000, 14.525,  0.000,-23.077, 13.525, 13.800,  0.000, 14.825, 13.550,  1.275,  0.800,  0.885,  0.800,0.00000,  0.000,
mon_rep231013,2023-10-13T10:45:42,434.866,  0.400,1,0,247, 25.000, 14.525,  0.000,-23.077, 13.525, 13.800,  0.000, 14.825, 13.550,  1.275,  0.800,  0.885,  0.800,0.00000,  0.000,
mon_rep231013,2023-10-13T10:45:43,435.266,  0.400,1,0,247, 25.000, 14.525,  0.000,-23.077, 13.525, 13.800,  0.000, 14.825, 13.551,  1.274,  0.800,  0.886,  0.800,0.00000,  0.000,
mon_rep231013,2023-10-13T10:45:43,435.666,  0.400,1,0,247, 25.000, 14.525,  0.000,-23.077, 13.525, 13.800,  0.000, 14.825, 13.551,  1.274,  0.800,  0.886,  0.800,0.00000,  0.000,
mon_rep231013,2023-10-13T10:45:44,436.066,  0.400,1,0,247, 25.000, 14.525,  0.000,-23.077, 13.525, 13.800,  0.000, 14.825, 13.551,  1.274,  0.800,  0.886,  0.800,0.00000,  0.000,
mon_rep231013,2023-10-13T10:45:44,436.466,  0.400,1,0,247, 25.000, 14.525,  0.000,-23.077, 13.525, 13.800,  0.000, 14.825, 13.551,  1.274,  0.800,  0.886,  0.800,0.00000,  0.000,
mon_rep231013,2023-10-13T10:45:44,436.866,  0.400,1,0,247, 25.000, 14.525,  0.000,-23.077, 13.525, 13.800,  0.000, 14.825, 13.551,  1.274,  0.800,  0.886,  0.800,0.00000,  0.000,
mon_rep231013,2023-10-13T10:45:45,437.266,  0.400,1,0,247, 25.000, 14.525,  0.000,-23.077, 13.525, 13.800,  0.000, 14.825, 13.551,  1.274,  0.800,  0.887,  0.800,0.00000,  0.000,
mon_rep231013,2023-10-13T10:45:45,437.666,  0.400,1,0,247, 25.000, 14.525,  0.000,-23.077, 13.525, 13.800,  0.000, 14.825, 13.551,  1.274,  0.800,  0.887,  0.800,0.00000,  0.000,
mon_rep231013,2023-10-13T10:45:46,438.066,  0.400,1,0,247, 25.000, 14.525,  0.000,-23.077, 13.525, 13.800,  0.000, 14.825, 13.551,  1.274,  0.800,  0.887,  0.800,0.00000,  0.000,
mon_rep231013,2023-10-13T10:45:46,438.466,  0.400,1,0,247, 25.000, 14.525,  0.000,-23.077, 13.525, 13.800,  0.000, 14.825, 13.551,  1.274,  0.800,  0.887,  0.800,0.00000,  0.000,
mon_rep231013,2023-10-13T10:45:46,438.866,  0.400,1,0,247, 25.000, 14.525,  0.000,-23.077, 13.525, 13.800,  0.000, 14.825, 13.551,  1.274,  0.800,  0.887,  0.800,0.00000,  0.000,
mon_rep231013,2023-10-13T10:45:47,439.266,  0.400,1,0,247, 25.000, 14.525,  0.000,-23.077, 13.525, 13.800,  0.000, 14.825, 13.551,  1.274,  0.800,  0.887,  0.800,0.00000,  0.000,
mon_rep231013,2023-10-13T10:45:47,439.666,  0.400,1,0,247, 25.000, 14.525,  0.000,-23.077, 13.525, 13.800,  0.000, 14.825, 13.551,  1.274,  0.800,  0.887,  0.800,0.00000,  0.000,
mon_rep231013,2023-10-13T10:45:48,440.066,  0.400,1,0,247, 25.000, 14.525,  0.000,-23.077, 13.525, 13.800,  0.000, 14.825, 13.551,  1.274,  0.800,  0.887,  0.800,0.00000,  0.000,
mon_rep231013,2023-10-13T10:45:48,440.466,  0.400,1,0,247, 25.000, 14.525,  0.000,-23.077, 13.525, 13.800,  0.000, 14.825, 13.551,  1.274,  0.800,  0.887,  0.800,0.00000,  0.000,
mon_rep231013,2023-10-13T10:45:48,440.866,  0.400,1,0,247, 25.000, 14.525,  0.000,-23.077, 13.525, 13.800,  0.000, 14.825, 13.551,  1.274,  0.800,  0.887,  0.800,0.00000,  0.000,
mon_rep231013,2023-10-13T10:45:49,441.266,  0.400,1,0,247, 25.000, 14.525,  0.000,-23.077, 13.525, 13.800,  0.000, 14.825, 13.551,  1.274,  0.800,  0.888,  0.800,0.00000,  0.000,
mon_rep231013,2023-10-13T10:45:49,441.666,  0.400,1,0,247, 25.000, 14.525,  0.000,-23.077, 13.525, 13.800,  0.000, 14.825, 13.551,  1.274,  0.800,  0.888,  0.800,0.00000,  0.000,
mon_rep231013,2023-10-13T10:45:50,442.066,  0.400,1,0,247, 25.000, 14.525,  0.000,-23.077, 13.525, 13.800,  0.000, 14.825, 13.551,  1.274,  0.800,  0.888,  0.800,0.00000,  0.000,
mon_rep231013,2023-10-13T10:45:50,442.466,  0.400,1,0,247, 25.000, 14.525,  0.000,-23.077, 13.525, 13.800,  0.000, 14.825, 13.551,  1.274,  0.800,  0.888,  0.800,0.00000,  0.000,
mon_rep231013,2023-10-13T10:45:50,442.866,  0.400,1,0,247, 25.000, 14.525,  0.000,-23.077, 13.525, 13.800,  0.000, 14.825, 13.551,  1.274,  0.800,  0.888,  0.800,0.00000,  0.000,
mon_rep231013,2023-10-13T10:45:51,443.266,  0.400,1,0,247, 25.000, 14.525,  0.000,-23.077, 13.525, 13.800,  0.000, 14.825, 13.551,  1.274,  0.800,  0.889,  0.800,0.00000,  0.000,
mon_rep231013,2023-10-13T10:45:51,443.666,  0.400,1,0,247, 25.000, 14.525,  0.000,-23.077, 13.525, 13.800,  0.000, 14.825, 13.551,  1.274,  0.800,  0.889,  0.800,0.00000,  0.000,
mon_rep231013,2023-10-13T10:45:52,444.066,  0.400,1,0,247, 25.000, 14.525,  0.000,-23.077, 13.525, 13.800,  0.000, 14.825, 13.551,  1.274,  0.800,  0.889,  0.800,0.00000,  0.000,
mon_rep231013,2023-10-13T10:45:52,444.466,  0.400,1,0,247, 25.000, 14.525,  0.000,-23.077, 13.525, 13.800,  0.000, 14.825, 13.551,  1.274,  0.800,  0.889,  0.800,0.00000,  0.000,
mon_rep231013,2023-10-13T10:45:52,444.866,  0.400,1,0,247, 25.000, 14.525,  0.000,-23.077, 13.525, 13.800,  0.000, 14.825, 13.551,  1.274,  0.800,  0.889,  0.800,0.00000,  0.000,
mon_rep231013,2023-10-13T10:45:53,445.266,  0.400,1,0,247, 25.000, 14.525,  0.000,-23.077, 13.525, 13.800,  0.000, 14.825, 13.552,  1.273,  0.800,  0.890,  0.800,0.00000,  0.000,
mon_rep231013,2023-10-13T10:45:53,445.666,  0.400,1,0,247, 25.000, 14.525,  0.000,-23.077, 13.525, 13.800,  0.000, 14.825, 13.552,  1.273,  0.800,  0.890,  0.800,0.00000,  0.000,
mon_rep231013,2023-10-13T10:45:54,446.066,  0.400,1,0,247, 25.000, 14.525,  0.000,-23.077, 13.525, 13.800,  0.000, 14.825, 13.552,  1.273,  0.800,  0.890,  0.800,0.00000,  0.000,
mon_rep231013,2023-10-13T10:45:54,446.466,  0.400,1,0,247, 25.000, 14.525,  0.000,-23.077, 13.525, 13.800,  0.000, 14.825, 13.552,  1.273,  0.800,  0.890,  0.800,0.00000,  0.000,
mon_rep231013,2023-10-13T10:45:54,446.866,  0.400,1,0,247, 25.000, 14.525,  0.000,-23.077, 13.525, 13.800,  0.000, 14.825, 13.552,  1.273,  0.800,  0.890,  0.800,0.00000,  0.000,
mon_rep231013,2023-10-13T10:45:55,447.266,  0.400,1,0,247, 25.000, 14.525,  0.000,-23.077, 13.525, 13.800,  0.000, 14.825, 13.552,  1.273,  0.800,  0.890,  0.800,0.00000,  0.000,
mon_rep231013,2023-10-13T10:45:55,447.666,  0.400,1,0,247, 25.000, 14.525,  0.000,-23.077, 13.525, 13.800,  0.000, 14.825, 13.552,  1.273,  0.800,  0.890,  0.800,0.00000,  0.000,
mon_rep231013,2023-10-13T10:45:56,448.066,  0.400,1,0,247, 25.000, 14.525,  0.000,-23.077, 13.525, 13.800,  0.000, 14.825, 13.552,  1.273,  0.800,  0.890,  0.800,0.00000,  0.000,
mon_rep231013,2023-10-13T10:45:56,448.466,  0.400,1,0,247, 25.000, 14.525,  0.000,-23.077, 13.525, 13.800,  0.000, 14.825, 13.552,  1.273,  0.800,  0.890,  0.800,0.00000,  0.000,
mon_rep231013,2023-10-13T10:45:56,448.866,  0.400,1,0,247, 25.000, 14.525,  0.000,-23.077, 13.525, 13.800,  0.000, 14.825, 13.552,  1.273,  0.800,  0.890,  0.800,0.00000,  0.000,
mon_rep231013,2023-10-13T10:45:57,449.266,  0.400,1,0,247, 25.000, 14.525,  0.000,-23.077, 13.525, 13.800,  0.000, 14.825, 13.552,  1.273,  0.800,  0.891,  0.800,0.00000,  0.000,
mon_rep231013,2023-10-13T10:45:57,449.666,  0.400,1,0,247, 25.000, 14.525,  0.000,-23.077, 13.525, 13.800,  0.000, 14.825, 13.552,  1.273,  0.800,  0.891,  0.800,0.00000,  0.000,
mon_rep231013,2023-10-13T10:45:58,450.066,  0.400,1,0,247, 25.000, 14.525,  0.000,-23.077, 13.525, 13.800,  0.000, 14.825, 13.552,  1.273,  0.800,  0.891,  0.800,0.00000,  0.000,
mon_rep231013,2023-10-13T10:45:58,450.466,  0.400,1,0,247, 25.000, 14.525,  0.000,-23.077, 13.525, 13.800,  0.000, 14.825, 13.552,  1.273,  0.800,  0.891,  0.800,0.00000,  0.000,
mon_rep231013,2023-10-13T10:45:58,450.866,  0.400,1,0,247, 25.000, 14.525,  0.000,-23.077, 13.525, 13.800,  0.000, 14.825, 13.552,  1.273,  0.800,  0.891,  0.800,0.00000,  0.000,
mon_rep231013,2023-10-13T10:45:59,451.266,  0.400,1,0,247, 25.000, 14.525,  0.000,-23.077, 13.525, 13.800,  0.000, 14.825, 13.552,  1.273,  0.800,  0.892,  0.800,0.00000,  0.000,
mon_rep231013,2023-10-13T10:45:59,451.666,  0.400,1,0,247, 25.000, 14.525,  0.000,-23.077, 13.525, 13.800,  0.000, 14.825, 13.552,  1.273,  0.800,  0.892,  0.800,0.00000,  0.000,
mon_rep231013,2023-10-13T10:46:00,452.066,  0.400,1,0,247, 25.000, 14.525,  0.000,-23.077, 13.525, 13.800,  0.000, 14.825, 13.552,  1.273,  0.800,  0.892,  0.800,0.00000,  0.000,
mon_rep231013,2023-10-13T10:46:00,452.466,  0.400,1,0,247, 25.000, 14.525,  0.000,-23.077, 13.525, 13.800,  0.000, 14.825, 13.552,  1.273,  0.800,  0.892,  0.800,0.00000,  0.000,
mon_rep231013,2023-10-13T10:46:00,452.866,  0.400,1,0,247, 25.000, 14.525,  0.000,-23.077, 13.525, 13.800,  0.000, 14.825, 13.552,  1.273,  0.800,  0.892,  0.800,0.00000,  0.000,
mon_rep231013,2023-10-13T10:46:01,453.266,  0.400,1,0,247, 25.000, 14.525,  0.000,-23.077, 13.525, 13.800,  0.000, 14.825, 13.553,  1.272,  0.800,  0.893,  0.800,0.00000,  0.000,
mon_rep231013,2023-10-13T10:46:01,453.666,  0.400,1,0,247, 25.000, 14.525,  0.000,-23.077, 13.525, 13.800,  0.000, 14.825, 13.553,  1.272,  0.800,  0.893,  0.800,0.00000,  0.000,
mon_rep231013,2023-10-13T10:46:02,454.066,  0.400,1,0,247, 25.000, 14.525,  0.000,-23.077, 13.525, 13.800,  0.000, 14.825, 13.553,  1.272,  0.800,  0.893,  0.800,0.00000,  0.000,
mon_rep231013,2023-10-13T10:46:02,454.466,  0.400,1,0,247, 25.000, 14.525,  0.000,-23.077, 13.525, 13.800,  0.000, 14.825, 13.553,  1.272,  0.800,  0.893,  0.800,0.00000,  0.000,
mon_rep231013,2023-10-13T10:46:02,454.866,  0.400,1,0,247, 25.000, 14.525,  0.000,-23.077, 13.525, 13.800,  0.000, 14.825, 13.553,  1.272,  0.800,  0.893,  0.800,0.00000,  0.000,
mon_rep231013,2023-10-13T10:46:03,455.266,  0.400,1,0,247, 25.000, 14.525,  0.000,-23.077, 13.525, 13.800,  0.000, 14.825, 13.553,  1.272,  0.800,  0.893,  0.800,0.00000,  0.000,
mon_rep231013,2023-10-13T10:46:03,455.666,  0.400,1,0,247, 25.000, 14.525,  0.000,-23.077, 13.525, 13.800,  0.000, 14.825, 13.553,  1.272,  0.800,  0.893,  0.800,0.00000,  0.000,
mon_rep231013,2023-10-13T10:46:04,456.066,  0.400,1,0,247, 25.000, 14.525,  0.000,-23.077, 13.525, 13.800,  0.000, 14.825, 13.553,  1.272,  0.800,  0.893,  0.800,0.00000,  0.000,
mon_rep231013,2023-10-13T10:46:04,456.466,  0.400,1,0,247, 25.000, 14.525,  0.000,-23.077, 13.525, 13.800,  0.000, 14.825, 13.553,  1.272,  0.800,  0.893,  0.800,0.00000,  0.000,
mon_rep231013,2023-10-13T10:46:04,456.866,  0.400,1,0,247, 25.000, 14.525,  0.000,-23.077, 13.525, 13.800,  0.000, 14.825, 13.553,  1.272,  0.800,  0.893,  0.800,0.00000,  0.000,
mon_rep231013,2023-10-13T10:46:05,457.266,  0.400,1,0,247, 25.000, 14.525,  0.000,-23.077, 13.525, 13.800,  0.000, 14.825, 13.553,  1.272,  0.800,  0.894,  0.800,0.00000,  0.000,
mon_rep231013,2023-10-13T10:46:05,457.666,  0.400,1,0,247, 25.000, 14.525,  0.000,-23.077, 13.525, 13.800,  0.000, 14.825, 13.553,  1.272,  0.800,  0.894,  0.800,0.00000,  0.000,
mon_rep231013,2023-10-13T10:46:06,458.066,  0.400,1,0,247, 25.000, 14.525,  0.000,-23.077, 13.525, 13.800,  0.000, 14.825, 13.553,  1.272,  0.800,  0.894,  0.800,0.00000,  0.000,
mon_rep231013,2023-10-13T10:46:06,458.466,  0.400,1,0,247, 25.000, 14.525,  0.000,-23.077, 13.525, 13.800,  0.000, 14.825, 13.553,  1.272,  0.800,  0.894,  0.800,0.00000,  0.000,
mon_rep231013,2023-10-13T10:46:06,458.866,  0.400,1,0,247, 25.000, 14.525,  0.000,-23.077, 13.525, 13.800,  0.000, 14.825, 13.553,  1.272,  0.800,  0.894,  0.800,0.00000,  0.000,
mon_rep231013,2023-10-13T10:46:07,459.266,  0.400,1,0,247, 25.000, 14.525,  0.000,-23.077, 13.525, 13.800,  0.000, 14.825, 13.553,  1.272,  0.800,  0.895,  0.800,0.00000,  0.000,
mon_rep231013,2023-10-13T10:46:07,459.666,  0.400,1,0,247, 25.000, 14.525,  0.000,-23.077, 13.525, 13.800,  0.000, 14.825, 13.553,  1.272,  0.800,  0.895,  0.800,0.00000,  0.000,
mon_rep231013,2023-10-13T10:46:08,460.066,  0.400,1,0,247, 25.000, 14.525,  0.000,-23.077, 13.525, 13.800,  0.000, 14.825, 13.553,  1.272,  0.800,  0.895,  0.800,0.00000,  0.000,
mon_rep231013,2023-10-13T10:46:08,460.466,  0.400,1,0,247, 25.000, 14.525,  0.000,-23.077, 13.525, 13.800,  0.000, 14.825, 13.553,  1.272,  0.800,  0.895,  0.800,0.00000,  0.000,
mon_rep231013,2023-10-13T10:46:08,460.866,  0.400,1,0,247, 25.000, 14.525,  0.000,-23.077, 13.525, 13.800,  0.000, 14.825, 13.553,  1.272,  0.800,  0.895,  0.800,0.00000,  0.000,
mon_rep231013,2023-10-13T10:46:09,461.266,  0.400,1,0,247, 25.000, 14.525,  0.000,-23.077, 13.525, 13.800,  0.000, 14.825, 13.553,  1.272,  0.800,  0.896,  0.800,0.00000,  0.000,
mon_rep231013,2023-10-13T10:46:09,461.666,  0.400,1,0,247, 25.000, 14.525,  0.000,-23.077, 13.525, 13.800,  0.000, 14.825, 13.553,  1.272,  0.800,  0.896,  0.800,0.00000,  0.000,
mon_rep231013,2023-10-13T10:46:10,462.066,  0.400,1,0,247, 25.000, 14.525,  0.000,-23.077, 13.525, 13.800,  0.000, 14.825, 13.553,  1.272,  0.800,  0.896,  0.800,0.00000,  0.000,
mon_rep231013,2023-10-13T10:46:10,462.466,  0.400,1,0,247, 25.000, 14.525,  0.000,-23.077, 13.525, 13.800,  0.000, 14.825, 13.553,  1.272,  0.800,  0.896,  0.800,0.00000,  0.000,
mon_rep231013,2023-10-13T10:46:10,462.866,  0.400,1,0,247, 25.000, 14.525,  0.000,-23.077, 13.525, 13.800,  0.000, 14.825, 13.553,  1.272,  0.800,  0.896,  0.800,0.00000,  0.000,
mon_rep231013,2023-10-13T10:46:11,463.266,  0.400,1,0,247, 25.000, 14.525,  0.000,-23.077, 13.525, 13.800,  0.000, 14.825, 13.554,  1.271,  0.800,  0.897,  0.800,0.00000,  0.000,
mon_rep231013,2023-10-13T10:46:11,463.666,  0.400,1,0,247, 25.000, 14.525,  0.000,-23.077, 13.525, 13.800,  0.000, 14.825, 13.554,  1.271,  0.800,  0.897,  0.800,0.00000,  0.000,
mon_rep231013,2023-10-13T10:46:12,464.066,  0.400,1,0,247, 25.000, 14.525,  0.000,-23.077, 13.525, 13.800,  0.000, 14.825, 13.554,  1.271,  0.800,  0.897,  0.800,0.00000,  0.000,
mon_rep231013,2023-10-13T10:46:12,464.466,  0.400,1,0,247, 25.000, 14.525,  0.000,-23.077, 13.525, 13.800,  0.000, 14.825, 13.554,  1.271,  0.800,  0.897,  0.800,0.00000,  0.000,
mon_rep231013,2023-10-13T10:46:12,464.866,  0.400,1,0,247, 25.000, 14.525,  0.000,-23.077, 13.525, 13.800,  0.000, 14.825, 13.554,  1.271,  0.800,  0.897,  0.800,0.00000,  0.000,
mon_rep231013,2023-10-13T10:46:13,465.266,  0.400,1,0,247, 25.000, 14.525,  0.000,-23.077, 13.525, 13.800,  0.000, 14.825, 13.554,  1.271,  0.800,  0.897,  0.800,0.00000,  0.000,
mon_rep231013,2023-10-13T10:46:13,465.666,  0.400,1,0,247, 25.000, 14.525,  0.000,-23.077, 13.525, 13.800,  0.000, 14.825, 13.554,  1.271,  0.800,  0.897,  0.800,0.00000,  0.000,
mon_rep231013,2023-10-13T10:46:14,466.066,  0.400,1,0,247, 25.000, 14.525,  0.000,-23.077, 13.525, 13.800,  0.000, 14.825, 13.554,  1.271,  0.800,  0.897,  0.800,0.00000,  0.000,
mon_rep231013,2023-10-13T10:46:14,466.466,  0.400,1,0,247, 25.000, 14.525,  0.000,-23.077, 13.525, 13.800,  0.000, 14.825, 13.554,  1.271,  0.800,  0.897,  0.800,0.00000,  0.000,
mon_rep231013,2023-10-13T10:46:14,466.866,  0.400,1,0,247, 25.000, 14.525,  0.000,-23.077, 13.525, 13.800,  0.000, 14.825, 13.554,  1.271,  0.800,  0.897,  0.800,0.00000,  0.000,
mon_rep231013,2023-10-13T10:46:15,467.266,  0.400,1,0,247, 25.000, 14.525,  0.000,-23.077, 13.525, 13.800,  0.000, 14.825, 13.554,  1.271,  0.800,  0.898,  0.800,0.00000,  0.000,
mon_rep231013,2023-10-13T10:46:15,467.666,  0.400,1,0,247, 25.000, 14.525,  0.000,-23.077, 13.525, 13.800,  0.000, 14.825, 13.554,  1.271,  0.800,  0.898,  0.800,0.00000,  0.000,
mon_rep231013,2023-10-13T10:46:16,468.066,  0.400,1,0,247, 25.000, 14.525,  0.000,-23.077, 13.525, 13.800,  0.000, 14.825, 13.554,  1.271,  0.800,  0.898,  0.800,0.00000,  0.000,
mon_rep231013,2023-10-13T10:46:16,468.466,  0.400,1,0,247, 25.000, 14.525,  0.000,-23.077, 13.525, 13.800,  0.000, 14.825, 13.554,  1.271,  0.800,  0.898,  0.800,0.00000,  0.000,
mon_rep231013,2023-10-13T10:46:16,468.866,  0.400,1,0,247, 25.000, 14.525,  0.000,-23.077, 13.525, 13.800,  0.000, 14.825, 13.554,  1.271,  0.800,  0.898,  0.800,0.00000,  0.000,
mon_rep231013,2023-10-13T10:46:17,469.266,  0.400,1,0,247, 25.000, 14.525,  0.000,-23.077, 13.525, 13.800,  0.000, 14.825, 13.554,  1.271,  0.800,  0.899,  0.800,0.00000,  0.000,
mon_rep231013,2023-10-13T10:46:17,469.666,  0.400,1,0,247, 25.000, 14.525,  0.000,-23.077, 13.525, 13.800,  0.000, 14.825, 13.554,  1.271,  0.800,  0.899,  0.800,0.00000,  0.000,
mon_rep231013,2023-10-13T10:46:18,470.066,  0.400,1,0,247, 25.000, 14.525,  0.000,-23.077, 13.525, 13.800,  0.000, 14.825, 13.554,  1.271,  0.800,  0.899,  0.800,0.00000,  0.000,
mon_rep231013,2023-10-13T10:46:18,470.466,  0.400,1,0,247, 25.000, 14.525,  0.000,-23.077, 13.525, 13.800,  0.000, 14.825, 13.554,  1.271,  0.800,  0.899,  0.800,0.00000,  0.000,
mon_rep231013,2023-10-13T10:46:18,470.866,  0.400,1,0,247, 25.000, 14.525,  0.000,-23.077, 13.525, 13.800,  0.000, 14.825, 13.554,  1.271,  0.800,  0.899,  0.800,0.00000,  0.000,
mon_rep231013,2023-10-13T10:46:19,471.266,  0.400,1,0,247, 25.000, 14.525,  0.000,-23.077, 13.525, 13.800,  0.000, 14.825, 13.555,  1.270,  0.800,  0.900,  0.800,0.00000,  0.000,
mon_rep231013,2023-10-13T10:46:19,471.666,  0.400,1,0,247, 25.000, 14.525,  0.000,-23.077, 13.525, 13.800,  0.000, 14.825, 13.555,  1.270,  0.800,  0.900,  0.800,0.00000,  0.000,
mon_rep231013,2023-10-13T10:46:20,472.066,  0.400,1,0,247, 25.000, 14.525,  0.000,-23.077, 13.525, 13.800,  0.000, 14.825, 13.555,  1.270,  0.800,  0.900,  0.800,0.00000,  0.000,
mon_rep231013,2023-10-13T10:46:20,472.466,  0.400,1,0,247, 25.000, 14.525,  0.000,-23.077, 13.525, 13.800,  0.000, 14.825, 13.555,  1.270,  0.800,  0.900,  0.800,0.00000,  0.000,
mon_rep231013,2023-10-13T10:46:20,472.866,  0.400,1,0,247, 25.000, 14.525,  0.000,-23.077, 13.525, 13.800,  0.000, 14.825, 13.555,  1.270,  0.800,  0.900,  0.800,0.00000,  0.000,
mon_rep231013,2023-10-13T10:46:21,473.266,  0.400,1,0,247, 25.000, 14.525,  0.000,-23.077, 13.525, 13.800,  0.000, 14.825, 13.555,  1.270,  0.800,  0.901,  0.800,0.00000,  0.000,
mon_rep231013,2023-10-13T10:46:21,473.666,  0.400,1,0,247, 25.000, 14.525,  0.000,-23.077, 13.525, 13.800,  0.000, 14.825, 13.555,  1.270,  0.800,  0.901,  0.800,0.00000,  0.000,
mon_rep231013,2023-10-13T10:46:22,474.066,  0.400,1,0,247, 25.000, 14.525,  0.000,-23.077, 13.525, 13.800,  0.000, 14.825, 13.555,  1.270,  0.800,  0.901,  0.800,0.00000,  0.000,
mon_rep231013,2023-10-13T10:46:22,474.466,  0.400,1,0,247, 25.000, 14.525,  0.000,-23.077, 13.525, 13.800,  0.000, 14.825, 13.555,  1.270,  0.800,  0.901,  0.800,0.00000,  0.000,
mon_rep231013,2023-10-13T10:46:22,474.866,  0.400,1,0,247, 25.000, 14.525,  0.000,-23.077, 13.525, 13.800,  0.000, 14.825, 13.555,  1.270,  0.800,  0.901,  0.800,0.00000,  0.000,
mon_rep231013,2023-10-13T10:46:23,475.266,  0.400,1,0,247, 25.000, 14.525,  0.000,-23.077, 13.525, 13.800,  0.000, 14.825, 13.555,  1.270,  0.800,  0.901,  0.800,0.00000,  0.000,
mon_rep231013,2023-10-13T10:46:23,475.666,  0.400,1,0,247, 25.000, 14.525,  0.000,-23.077, 13.525, 13.800,  0.000, 14.825, 13.555,  1.270,  0.800,  0.901,  0.800,0.00000,  0.000,
mon_rep231013,2023-10-13T10:46:24,476.066,  0.400,1,0,247, 25.000, 14.525,  0.000,-23.077, 13.525, 13.800,  0.000, 14.825, 13.555,  1.270,  0.800,  0.901,  0.800,0.00000,  0.000,
mon_rep231013,2023-10-13T10:46:24,476.466,  0.400,1,0,247, 25.000, 14.525,  0.000,-23.077, 13.525, 13.800,  0.000, 14.825, 13.555,  1.270,  0.800,  0.901,  0.800,0.00000,  0.000,
mon_rep231013,2023-10-13T10:46:24,476.866,  0.400,1,0,247, 25.000, 14.525,  0.000,-23.077, 13.525, 13.800,  0.000, 14.825, 13.555,  1.270,  0.800,  0.901,  0.800,0.00000,  0.000,
mon_rep231013,2023-10-13T10:46:25,477.266,  0.400,1,0,247, 25.000, 14.525,  0.000,-23.077, 13.525, 13.800,  0.000, 14.825, 13.555,  1.270,  0.800,  0.902,  0.800,0.00000,  0.000,
mon_rep231013,2023-10-13T10:46:25,477.666,  0.400,1,0,247, 25.000, 14.525,  0.000,-23.077, 13.525, 13.800,  0.000, 14.825, 13.555,  1.270,  0.800,  0.902,  0.800,0.00000,  0.000,
mon_rep231013,2023-10-13T10:46:26,478.066,  0.400,1,0,247, 25.000, 14.525,  0.000,-23.077, 13.525, 13.800,  0.000, 14.825, 13.555,  1.270,  0.800,  0.902,  0.800,0.00000,  0.000,
mon_rep231013,2023-10-13T10:46:26,478.466,  0.400,1,0,247, 25.000, 14.525,  0.000,-23.077, 13.525, 13.800,  0.000, 14.825, 13.555,  1.270,  0.800,  0.902,  0.800,0.00000,  0.000,
mon_rep231013,2023-10-13T10:46:26,478.866,  0.400,1,0,247, 25.000, 14.525,  0.000,-23.077, 13.525, 13.800,  0.000, 14.825, 13.555,  1.270,  0.800,  0.902,  0.800,0.00000,  0.000,
mon_rep231013,2023-10-13T10:46:27,479.266,  0.400,1,0,247, 25.000, 14.525,  0.000,-23.077, 13.525, 13.800,  0.000, 14.825, 13.555,  1.270,  0.800,  0.903,  0.800,0.00000,  0.000,
mon_rep231013,2023-10-13T10:46:27,479.666,  0.400,1,0,247, 25.000, 14.525,  0.000,-23.077, 13.525, 13.800,  0.000, 14.825, 13.555,  1.270,  0.800,  0.903,  0.800,0.00000,  0.000,
mon_rep231013,2023-10-13T10:46:28,480.066,  0.400,1,0,247, 25.000, 14.525,  0.000,-23.077, 13.525, 13.800,  0.000, 14.825, 13.555,  1.270,  0.800,  0.903,  0.800,0.00000,  0.000,
mon_rep231013,2023-10-13T10:46:28,480.466,  0.400,1,0,247, 25.000, 14.525,  0.000,-23.077, 13.525, 13.800,  0.000, 14.825, 13.555,  1.270,  0.800,  0.903,  0.800,0.00000,  0.000,
mon_rep231013,2023-10-13T10:46:28,480.866,  0.400,1,0,247, 25.000, 14.525,  0.000,-23.077, 13.525, 13.800,  0.000, 14.825, 13.555,  1.270,  0.800,  0.903,  0.800,0.00000,  0.000,
mon_rep231013,2023-10-13T10:46:29,481.266,  0.400,1,0,247, 25.000, 14.525,  0.000,-23.077, 13.525, 13.800,  0.000, 14.825, 13.555,  1.270,  0.800,  0.904,  0.800,0.00000,  0.000,
mon_rep231013,2023-10-13T10:46:29,481.666,  0.400,1,0,247, 25.000, 14.525,  0.000,-23.077, 13.525, 13.800,  0.000, 14.825, 13.555,  1.270,  0.800,  0.904,  0.800,0.00000,  0.000,
mon_rep231013,2023-10-13T10:46:30,482.066,  0.400,1,0,247, 25.000, 14.525,  0.000,-23.077, 13.525, 13.800,  0.000, 14.825, 13.555,  1.270,  0.800,  0.904,  0.800,0.00000,  0.000,
mon_rep231013,2023-10-13T10:46:30,482.466,  0.400,1,0,247, 25.000, 14.525,  0.000,-23.077, 13.525, 13.800,  0.000, 14.825, 13.555,  1.270,  0.800,  0.904,  0.800,0.00000,  0.000,
mon_rep231013,2023-10-13T10:46:30,482.866,  0.400,1,0,247, 25.000, 14.525,  0.000,-23.077, 13.525, 13.800,  0.000, 14.825, 13.555,  1.270,  0.800,  0.904,  0.800,0.00000,  0.000,
mon_rep231013,2023-10-13T10:46:31,483.266,  0.400,1,0,247, 25.000, 14.525,  0.000,-23.077, 13.525, 13.800,  0.000, 14.825, 13.556,  1.269,  0.800,  0.904,  0.800,0.00000,  0.000,
mon_rep231013,2023-10-13T10:46:31,483.666,  0.400,1,0,247, 25.000, 14.525,  0.000,-23.077, 13.525, 13.800,  0.000, 14.825, 13.556,  1.269,  0.800,  0.904,  0.800,0.00000,  0.000,
mon_rep231013,2023-10-13T10:46:32,484.066,  0.400,1,0,247, 25.000, 14.525,  0.000,-23.077, 13.525, 13.800,  0.000, 14.825, 13.556,  1.269,  0.800,  0.904,  0.800,0.00000,  0.000,
mon_rep231013,2023-10-13T10:46:32,484.466,  0.400,1,0,247, 25.000, 14.525,  0.000,-23.077, 13.525, 13.800,  0.000, 14.825, 13.556,  1.269,  0.800,  0.904,  0.800,0.00000,  0.000,
mon_rep231013,2023-10-13T10:46:32,484.866,  0.400,1,0,247, 25.000, 14.525,  0.000,-23.077, 13.525, 13.800,  0.000, 14.825, 13.556,  1.269,  0.800,  0.904,  0.800,0.00000,  0.000,
mon_rep231013,2023-10-13T10:46:33,485.266,  0.400,1,0,247, 25.000, 14.525,  0.000,-23.077, 13.525, 13.800,  0.000, 14.825, 13.556,  1.269,  0.800,  0.905,  0.800,0.00000,  0.000,
mon_rep231013,2023-10-13T10:46:33,485.666,  0.400,1,0,247, 25.000, 14.525,  0.000,-23.077, 13.525, 13.800,  0.000, 14.825, 13.556,  1.269,  0.800,  0.905,  0.800,0.00000,  0.000,
mon_rep231013,2023-10-13T10:46:34,486.066,  0.400,1,0,247, 25.000, 14.525,  0.000,-23.077, 13.525, 13.800,  0.000, 14.825, 13.556,  1.269,  0.800,  0.905,  0.800,0.00000,  0.000,
mon_rep231013,2023-10-13T10:46:34,486.466,  0.400,1,0,247, 25.000, 14.525,  0.000,-23.077, 13.525, 13.800,  0.000, 14.825, 13.556,  1.269,  0.800,  0.905,  0.800,0.00000,  0.000,
mon_rep231013,2023-10-13T10:46:34,486.866,  0.400,1,0,247, 25.000, 14.525,  0.000,-23.077, 13.525, 13.800,  0.000, 14.825, 13.556,  1.269,  0.800,  0.905,  0.800,0.00000,  0.000,
mon_rep231013,2023-10-13T10:46:35,487.266,  0.400,1,0,247, 25.000, 14.525,  0.000,-23.077, 13.525, 13.800,  0.000, 14.825, 13.556,  1.269,  0.800,  0.906,  0.800,0.00000,  0.000,
mon_rep231013,2023-10-13T10:46:35,487.666,  0.400,1,0,247, 25.000, 14.525,  0.000,-23.077, 13.525, 13.800,  0.000, 14.825, 13.556,  1.269,  0.800,  0.906,  0.800,0.00000,  0.000,
mon_rep231013,2023-10-13T10:46:36,488.066,  0.400,1,0,247, 25.000, 14.525,  0.000,-23.077, 13.525, 13.800,  0.000, 14.825, 13.556,  1.269,  0.800,  0.906,  0.800,0.00000,  0.000,
mon_rep231013,2023-10-13T10:46:36,488.466,  0.400,1,0,247, 25.000, 14.525,  0.000,-23.077, 13.525, 13.800,  0.000, 14.825, 13.556,  1.269,  0.800,  0.906,  0.800,0.00000,  0.000,
mon_rep231013,2023-10-13T10:46:36,488.866,  0.400,1,0,247, 25.000, 14.525,  0.000,-23.077, 13.525, 13.800,  0.000, 14.825, 13.556,  1.269,  0.800,  0.906,  0.800,0.00000,  0.000,
mon_rep231013,2023-10-13T10:46:37,489.266,  0.400,1,0,247, 25.000, 14.525,  0.000,-23.077, 13.525, 13.800,  0.000, 14.825, 13.556,  1.269,  0.800,  0.906,  0.800,0.00000,  0.000,
mon_rep231013,2023-10-13T10:46:37,489.666,  0.400,1,0,247, 25.000, 14.525,  0.000,-23.077, 13.525, 13.800,  0.000, 14.825, 13.556,  1.269,  0.800,  0.906,  0.800,0.00000,  0.000,
mon_rep231013,2023-10-13T10:46:38,490.066,  0.400,1,0,247, 25.000, 14.525,  0.000,-23.077, 13.525, 13.800,  0.000, 14.825, 13.556,  1.269,  0.800,  0.906,  0.800,0.00000,  0.000,
mon_rep231013,2023-10-13T10:46:38,490.466,  0.400,1,0,247, 25.000, 14.525,  0.000,-23.077, 13.525, 13.800,  0.000, 14.825, 13.556,  1.269,  0.800,  0.906,  0.800,0.00000,  0.000,
mon_rep231013,2023-10-13T10:46:38,490.866,  0.400,1,0,247, 25.000, 14.525,  0.000,-23.077, 13.525, 13.800,  0.000, 14.825, 13.556,  1.269,  0.800,  0.906,  0.800,0.00000,  0.000,
mon_rep231013,2023-10-13T10:46:39,491.266,  0.400,1,0,247, 25.000, 14.525,  0.000,-23.077, 13.525, 13.800,  0.000, 14.825, 13.556,  1.269,  0.800,  0.907,  0.800,0.00000,  0.000,
mon_rep231013,2023-10-13T10:46:39,491.666,  0.400,1,0,247, 25.000, 14.525,  0.000,-23.077, 13.525, 13.800,  0.000, 14.825, 13.556,  1.269,  0.800,  0.907,  0.800,0.00000,  0.000,
mon_rep231013,2023-10-13T10:46:40,492.066,  0.400,1,0,247, 25.000, 14.525,  0.000,-23.077, 13.525, 13.800,  0.000, 14.825, 13.556,  1.269,  0.800,  0.907,  0.800,0.00000,  0.000,
mon_rep231013,2023-10-13T10:46:40,492.466,  0.400,1,0,247, 25.000, 14.525,  0.000,-23.077, 13.525, 13.800,  0.000, 14.825, 13.556,  1.269,  0.800,  0.907,  0.800,0.00000,  0.000,
mon_rep231013,2023-10-13T10:46:40,492.866,  0.400,1,0,247, 25.000, 14.525,  0.000,-23.077, 13.525, 13.800,  0.000, 14.825, 13.556,  1.269,  0.800,  0.907,  0.800,0.00000,  0.000,
mon_rep231013,2023-10-13T10:46:41,493.266,  0.400,1,0,247, 25.000, 14.525,  0.000,-23.077, 13.525, 13.800,  0.000, 14.825, 13.556,  1.269,  0.800,  0.907,  0.800,0.00000,  0.000,
mon_rep231013,2023-10-13T10:46:41,493.666,  0.400,1,0,247, 25.000, 14.525,  0.000,-23.077, 13.525, 13.800,  0.000, 14.825, 13.556,  1.269,  0.800,  0.907,  0.800,0.00000,  0.000,
mon_rep231013,2023-10-13T10:46:42,494.066,  0.400,1,0,247, 25.000, 14.525,  0.000,-23.077, 13.525, 13.800,  0.000, 14.825, 13.556,  1.269,  0.800,  0.907,  0.800,0.00000,  0.000,
mon_rep231013,2023-10-13T10:46:42,494.466,  0.400,1,0,247, 25.000, 14.525,  0.000,-23.077, 13.525, 13.800,  0.000, 14.825, 13.556,  1.269,  0.800,  0.907,  0.800,0.00000,  0.000,
mon_rep231013,2023-10-13T10:46:42,494.866,  0.400,1,0,247, 25.000, 14.525,  0.000,-23.077, 13.525, 13.800,  0.000, 14.825, 13.556,  1.269,  0.800,  0.907,  0.800,0.00000,  0.000,
mon_rep231013,2023-10-13T10:46:43,495.266,  0.400,1,0,247, 25.000, 14.525,  0.000,-23.077, 13.525, 13.800,  0.000, 14.825, 13.556,  1.269,  0.800,  0.908,  0.800,0.00000,  0.000,
mon_rep231013,2023-10-13T10:46:43,495.666,  0.400,1,0,247, 25.000, 14.525,  0.000,-23.077, 13.525, 13.800,  0.000, 14.825, 13.556,  1.269,  0.800,  0.908,  0.800,0.00000,  0.000,
mon_rep231013,2023-10-13T10:46:44,496.066,  0.400,1,0,247, 25.000, 14.525,  0.000,-23.077, 13.525, 13.800,  0.000, 14.825, 13.556,  1.269,  0.800,  0.908,  0.800,0.00000,  0.000,
mon_rep231013,2023-10-13T10:46:44,496.466,  0.400,1,0,247, 25.000, 14.525,  0.000,-23.077, 13.525, 13.800,  0.000, 14.825, 13.556,  1.269,  0.800,  0.908,  0.800,0.00000,  0.000,
mon_rep231013,2023-10-13T10:46:44,496.866,  0.400,1,0,247, 25.000, 14.525,  0.000,-23.077, 13.525, 13.800,  0.000, 14.825, 13.556,  1.269,  0.800,  0.908,  0.800,0.00000,  0.000,
mon_rep231013,2023-10-13T10:46:45,497.266,  0.400,1,0,247, 25.000, 14.525,  0.000,-23.077, 13.525, 13.800,  0.000, 14.825, 13.556,  1.269,  0.800,  0.908,  0.800,0.00000,  0.000,
mon_rep231013,2023-10-13T10:46:45,497.666,  0.400,1,0,247, 25.000, 14.525,  0.000,-23.077, 13.525, 13.800,  0.000, 14.825, 13.556,  1.269,  0.800,  0.908,  0.800,0.00000,  0.000,
mon_rep231013,2023-10-13T10:46:46,498.066,  0.400,1,0,247, 25.000, 14.525,  0.000,-23.077, 13.525, 13.800,  0.000, 14.825, 13.556,  1.269,  0.800,  0.908,  0.800,0.00000,  0.000,
mon_rep231013,2023-10-13T10:46:46,498.466,  0.400,1,0,247, 25.000, 14.525,  0.000,-23.077, 13.525, 13.800,  0.000, 14.825, 13.556,  1.269,  0.800,  0.908,  0.800,0.00000,  0.000,
mon_rep231013,2023-10-13T10:46:46,498.866,  0.400,1,0,247, 25.000, 14.525,  0.000,-23.077, 13.525, 13.800,  0.000, 14.825, 13.556,  1.269,  0.800,  0.908,  0.800,0.00000,  0.000,
mon_rep231013,2023-10-13T10:46:47,499.266,  0.400,1,0,247, 25.000, 14.525,  0.000,-23.077, 13.525, 13.800,  0.000, 14.825, 13.556,  1.269,  0.800,  0.909,  0.800,0.00000,  0.000,
mon_rep231013,2023-10-13T10:46:47,499.666,  0.400,1,0,247, 25.000, 14.525,  0.000,-23.077, 13.525, 13.800,  0.000, 14.825, 13.556,  1.269,  0.800,  0.909,  0.800,0.00000,  0.000,
mon_rep231013,2023-10-13T10:46:48,500.066,  0.400,1,0,247, 25.000, 14.525,  0.000,-23.077, 13.525, 13.800,  0.000, 14.825, 13.556,  1.269,  0.800,  0.909,  0.800,0.00000,  0.000,
mon_rep231013,2023-10-13T10:46:48,500.466,  0.400,1,0,247, 25.000, 14.525,  0.000,-23.077, 13.525, 13.800,  0.000, 14.825, 13.556,  1.269,  0.800,  0.909,  0.800,0.00000,  0.000,
mon_rep231013,2023-10-13T10:46:48,500.866,  0.400,1,0,247, 25.000, 14.525,  0.000,-23.077, 13.525, 13.800,  0.000, 14.825, 13.556,  1.269,  0.800,  0.909,  0.800,0.00000,  0.000,
mon_rep231013,2023-10-13T10:46:49,501.266,  0.400,1,0,247, 25.000, 14.525,  0.000,-23.077, 13.525, 13.800,  0.000, 14.825, 13.556,  1.269,  0.800,  0.909,  0.800,0.00000,  0.000,
mon_rep231013,2023-10-13T10:46:49,501.666,  0.400,1,0,247, 25.000, 14.525,  0.000,-23.077, 13.525, 13.800,  0.000, 14.825, 13.556,  1.269,  0.800,  0.909,  0.800,0.00000,  0.000,
mon_rep231013,2023-10-13T10:46:50,502.066,  0.400,1,0,247, 25.000, 14.525,  0.000,-23.077, 13.525, 13.800,  0.000, 14.825, 13.556,  1.269,  0.800,  0.909,  0.800,0.00000,  0.000,
mon_rep231013,2023-10-13T10:46:50,502.466,  0.400,1,0,247, 25.000, 14.525,  0.000,-23.077, 13.525, 13.800,  0.000, 14.825, 13.556,  1.269,  0.800,  0.909,  0.800,0.00000,  0.000,
mon_rep231013,2023-10-13T10:46:50,502.866,  0.400,1,0,247, 25.000, 14.525,  0.000,-23.077, 13.525, 13.800,  0.000, 14.825, 13.556,  1.269,  0.800,  0.909,  0.800,0.00000,  0.000,
mon_rep231013,2023-10-13T10:46:51,503.266,  0.400,1,0,247, 25.000, 14.525,  0.000,-23.077, 13.525, 13.800,  0.000, 14.825, 13.557,  1.268,  0.800,  0.910,  0.800,0.00000,  0.000,
mon_rep231013,2023-10-13T10:46:51,503.666,  0.400,1,0,247, 25.000, 14.525,  0.000,-23.077, 13.525, 13.800,  0.000, 14.825, 13.557,  1.268,  0.800,  0.910,  0.800,0.00000,  0.000,
mon_rep231013,2023-10-13T10:46:52,504.066,  0.400,1,0,247, 25.000, 14.525,  0.000,-23.077, 13.525, 13.800,  0.000, 14.825, 13.557,  1.268,  0.800,  0.910,  0.800,0.00000,  0.000,
mon_rep231013,2023-10-13T10:46:52,504.466,  0.400,1,0,247, 25.000, 14.525,  0.000,-23.077, 13.525, 13.800,  0.000, 14.825, 13.557,  1.268,  0.800,  0.910,  0.800,0.00000,  0.000,
mon_rep231013,2023-10-13T10:46:52,504.866,  0.400,1,0,247, 25.000, 14.525,  0.000,-23.077, 13.525, 13.800,  0.000, 14.825, 13.557,  1.268,  0.800,  0.910,  0.800,0.00000,  0.000,
mon_rep231013,2023-10-13T10:46:53,505.266,  0.400,1,0,247, 25.000, 14.525,  0.000,-23.077, 13.525, 13.800,  0.000, 14.825, 13.557,  1.268,  0.800,  0.910,  0.800,0.00000,  0.000,
mon_rep231013,2023-10-13T10:46:53,505.666,  0.400,1,0,247, 25.000, 14.525,  0.000,-23.077, 13.525, 13.800,  0.000, 14.825, 13.557,  1.268,  0.800,  0.910,  0.800,0.00000,  0.000,
mon_rep231013,2023-10-13T10:46:54,506.066,  0.400,1,0,247, 25.000, 14.525,  0.000,-23.077, 13.525, 13.800,  0.000, 14.825, 13.557,  1.268,  0.800,  0.910,  0.800,0.00000,  0.000,
mon_rep231013,2023-10-13T10:46:54,506.466,  0.400,1,0,247, 25.000, 14.525,  0.000,-23.077, 13.525, 13.800,  0.000, 14.825, 13.557,  1.268,  0.800,  0.910,  0.800,0.00000,  0.000,
mon_rep231013,2023-10-13T10:46:54,506.866,  0.400,1,0,247, 25.000, 14.525,  0.000,-23.077, 13.525, 13.800,  0.000, 14.825, 13.557,  1.268,  0.800,  0.910,  0.800,0.00000,  0.000,
mon_rep231013,2023-10-13T10:46:55,507.266,  0.400,1,0,247, 25.000, 14.525,  0.000,-23.077, 13.525, 13.800,  0.000, 14.825, 13.557,  1.268,  0.800,  0.911,  0.800,0.00000,  0.000,
mon_rep231013,2023-10-13T10:46:55,507.666,  0.400,1,0,247, 25.000, 14.525,  0.000,-23.077, 13.525, 13.800,  0.000, 14.825, 13.557,  1.268,  0.800,  0.911,  0.800,0.00000,  0.000,
mon_rep231013,2023-10-13T10:46:56,508.066,  0.400,1,0,247, 25.000, 14.525,  0.000,-23.077, 13.525, 13.800,  0.000, 14.825, 13.557,  1.268,  0.800,  0.911,  0.800,0.00000,  0.000,
mon_rep231013,2023-10-13T10:46:56,508.466,  0.400,1,0,247, 25.000, 14.525,  0.000,-23.077, 13.525, 13.800,  0.000, 14.825, 13.557,  1.268,  0.800,  0.911,  0.800,0.00000,  0.000,
mon_rep231013,2023-10-13T10:46:56,508.866,  0.400,1,0,247, 25.000, 14.525,  0.000,-23.077, 13.525, 13.800,  0.000, 14.825, 13.557,  1.268,  0.800,  0.911,  0.800,0.00000,  0.000,
mon_rep231013,2023-10-13T10:46:57,509.266,  0.400,1,0,247, 25.000, 14.525,  0.000,-23.077, 13.525, 13.800,  0.000, 14.825, 13.557,  1.268,  0.800,  0.911,  0.800,0.00000,  0.000,
mon_rep231013,2023-10-13T10:46:57,509.666,  0.400,1,0,247, 25.000, 14.525,  0.000,-23.077, 13.525, 13.800,  0.000, 14.825, 13.557,  1.268,  0.800,  0.911,  0.800,0.00000,  0.000,
mon_rep231013,2023-10-13T10:46:58,510.066,  0.400,1,0,247, 25.000, 14.525,  0.000,-23.077, 13.525, 13.800,  0.000, 14.825, 13.557,  1.268,  0.800,  0.911,  0.800,0.00000,  0.000,
mon_rep231013,2023-10-13T10:46:58,510.466,  0.400,1,0,247, 25.000, 14.525,  0.000,-23.077, 13.525, 13.800,  0.000, 14.825, 13.557,  1.268,  0.800,  0.911,  0.800,0.00000,  0.000,
mon_rep231013,2023-10-13T10:46:58,510.866,  0.400,1,0,247, 25.000, 14.525,  0.000,-23.077, 13.525, 13.800,  0.000, 14.825, 13.557,  1.268,  0.800,  0.911,  0.800,0.00000,  0.000,
mon_rep231013,2023-10-13T10:46:59,511.266,  0.400,1,0,247, 25.000, 14.525,  0.000,-23.077, 13.525, 13.800,  0.000, 14.825, 13.557,  1.268,  0.800,  0.912,  0.800,0.00000,  0.000,
mon_rep231013,2023-10-13T10:46:59,511.666,  0.400,1,0,247, 25.000, 14.525,  0.000,-23.077, 13.525, 13.800,  0.000, 14.825, 13.557,  1.268,  0.800,  0.912,  0.800,0.00000,  0.000,
mon_rep231013,2023-10-13T10:47:00,512.066,  0.400,1,0,247, 25.000, 14.525,  0.000,-23.077, 13.525, 13.800,  0.000, 14.825, 13.557,  1.268,  0.800,  0.912,  0.800,0.00000,  0.000,
mon_rep231013,2023-10-13T10:47:00,512.466,  0.400,1,0,247, 25.000, 14.525,  0.000,-23.077, 13.525, 13.800,  0.000, 14.825, 13.557,  1.268,  0.800,  0.912,  0.800,0.00000,  0.000,
mon_rep231013,2023-10-13T10:47:00,512.866,  0.400,1,0,247, 25.000, 14.525,  0.000,-23.077, 13.525, 13.800,  0.000, 14.825, 13.557,  1.268,  0.800,  0.912,  0.800,0.00000,  0.000,
mon_rep231013,2023-10-13T10:47:01,513.266,  0.400,1,0,247, 25.000, 14.525,  0.000,-23.077, 13.525, 13.800,  0.000, 14.825, 13.557,  1.268,  0.800,  0.912,  0.800,0.00000,  0.000,
mon_rep231013,2023-10-13T10:47:01,513.666,  0.400,1,0,247, 25.000, 14.525,  0.000,-23.077, 13.525, 13.800,  0.000, 14.825, 13.557,  1.268,  0.800,  0.912,  0.800,0.00000,  0.000,
mon_rep231013,2023-10-13T10:47:02,514.066,  0.400,1,0,247, 25.000, 14.525,  0.000,-23.077, 13.525, 13.800,  0.000, 14.825, 13.557,  1.268,  0.800,  0.912,  0.800,0.00000,  0.000,
mon_rep231013,2023-10-13T10:47:02,514.466,  0.400,1,0,247, 25.000, 14.525,  0.000,-23.077, 13.525, 13.800,  0.000, 14.825, 13.557,  1.268,  0.800,  0.912,  0.800,0.00000,  0.000,
mon_rep231013,2023-10-13T10:47:02,514.866,  0.400,1,0,247, 25.000, 14.525,  0.000,-23.077, 13.525, 13.800,  0.000, 14.825, 13.557,  1.268,  0.800,  0.912,  0.800,0.00000,  0.000,
mon_rep231013,2023-10-13T10:47:03,515.266,  0.400,1,0,247, 25.000, 14.525,  0.000,-23.077, 13.525, 13.800,  0.000, 14.825, 13.557,  1.268,  0.800,  0.913,  0.800,0.00000,  0.000,
mon_rep231013,2023-10-13T10:47:03,515.666,  0.400,1,0,247, 25.000, 14.525,  0.000,-23.077, 13.525, 13.800,  0.000, 14.825, 13.557,  1.268,  0.800,  0.913,  0.800,0.00000,  0.000,
mon_rep231013,2023-10-13T10:47:04,516.066,  0.400,1,0,247, 25.000, 14.525,  0.000,-23.077, 13.525, 13.800,  0.000, 14.825, 13.557,  1.268,  0.800,  0.913,  0.800,0.00000,  0.000,
mon_rep231013,2023-10-13T10:47:04,516.466,  0.400,1,0,247, 25.000, 14.525,  0.000,-23.077, 13.525, 13.800,  0.000, 14.825, 13.557,  1.268,  0.800,  0.913,  0.800,0.00000,  0.000,
mon_rep231013,2023-10-13T10:47:04,516.866,  0.400,1,0,247, 25.000, 14.525,  0.000,-23.077, 13.525, 13.800,  0.000, 14.825, 13.557,  1.268,  0.800,  0.913,  0.800,0.00000,  0.000,
mon_rep231013,2023-10-13T10:47:05,517.266,  0.400,1,0,247, 25.000, 14.525,  0.000,-23.077, 13.525, 13.800,  0.000, 14.825, 13.557,  1.268,  0.800,  0.913,  0.800,0.00000,  0.000,
mon_rep231013,2023-10-13T10:47:05,517.666,  0.400,1,0,247, 25.000, 14.525,  0.000,-23.077, 13.525, 13.800,  0.000, 14.825, 13.557,  1.268,  0.800,  0.913,  0.800,0.00000,  0.000,
mon_rep231013,2023-10-13T10:47:06,518.066,  0.400,1,0,247, 25.000, 14.525,  0.000,-23.077, 13.525, 13.800,  0.000, 14.825, 13.557,  1.268,  0.800,  0.913,  0.800,0.00000,  0.000,
mon_rep231013,2023-10-13T10:47:06,518.466,  0.400,1,0,247, 25.000, 14.525,  0.000,-23.077, 13.525, 13.800,  0.000, 14.825, 13.557,  1.268,  0.800,  0.913,  0.800,0.00000,  0.000,
mon_rep231013,2023-10-13T10:47:06,518.866,  0.400,1,0,247, 25.000, 14.525,  0.000,-23.077, 13.525, 13.800,  0.000, 14.825, 13.557,  1.268,  0.800,  0.913,  0.800,0.00000,  0.000,
mon_rep231013,2023-10-13T10:47:07,519.266,  0.400,1,0,247, 25.000, 14.525,  0.000,-23.077, 13.525, 13.800,  0.000, 14.825, 13.557,  1.268,  0.800,  0.914,  0.800,0.00000,  0.000,
mon_rep231013,2023-10-13T10:47:07,519.666,  0.400,1,0,247, 25.000, 14.525,  0.000,-23.077, 13.525, 13.800,  0.000, 14.825, 13.557,  1.268,  0.800,  0.914,  0.800,0.00000,  0.000,
mon_rep231013,2023-10-13T10:47:08,520.066,  0.400,1,0,247, 25.000, 14.525,  0.000,-23.077, 13.525, 13.800,  0.000, 14.825, 13.557,  1.268,  0.800,  0.914,  0.800,0.00000,  0.000,
mon_rep231013,2023-10-13T10:47:08,520.466,  0.400,1,0,247, 25.000, 14.525,  0.000,-23.077, 13.525, 13.800,  0.000, 14.825, 13.557,  1.268,  0.800,  0.914,  0.800,0.00000,  0.000,
mon_rep231013,2023-10-13T10:47:08,520.866,  0.400,1,0,247, 25.000, 14.525,  0.000,-23.077, 13.525, 13.800,  0.000, 14.825, 13.557,  1.268,  0.800,  0.914,  0.800,0.00000,  0.000,
mon_rep231013,2023-10-13T10:47:09,521.266,  0.400,1,0,247, 25.000, 14.525,  0.000,-23.077, 13.525, 13.800,  0.000, 14.825, 13.557,  1.268,  0.800,  0.914,  0.800,0.00000,  0.000,
mon_rep231013,2023-10-13T10:47:09,521.666,  0.400,1,0,247, 25.000, 14.525,  0.000,-23.077, 13.525, 13.800,  0.000, 14.825, 13.557,  1.268,  0.800,  0.914,  0.800,0.00000,  0.000,
mon_rep231013,2023-10-13T10:47:10,522.066,  0.400,1,0,247, 25.000, 14.525,  0.000,-23.077, 13.525, 13.800,  0.000, 14.825, 13.557,  1.268,  0.800,  0.914,  0.800,0.00000,  0.000,
mon_rep231013,2023-10-13T10:47:10,522.466,  0.400,1,0,247, 25.000, 14.525,  0.000,-23.077, 13.525, 13.800,  0.000, 14.825, 13.557,  1.268,  0.800,  0.914,  0.800,0.00000,  0.000,
mon_rep231013,2023-10-13T10:47:10,522.866,  0.400,1,0,247, 25.000, 14.525,  0.000,-23.077, 13.525, 13.800,  0.000, 14.825, 13.557,  1.268,  0.800,  0.914,  0.800,0.00000,  0.000,
mon_rep231013,2023-10-13T10:47:11,523.266,  0.400,1,0,247, 25.000, 14.525,  0.000,-23.077, 13.525, 13.800,  0.000, 14.825, 13.557,  1.268,  0.800,  0.915,  0.800,0.00000,  0.000,
mon_rep231013,2023-10-13T10:47:11,523.666,  0.400,1,0,247, 25.000, 14.525,  0.000,-23.077, 13.525, 13.800,  0.000, 14.825, 13.557,  1.268,  0.800,  0.915,  0.800,0.00000,  0.000,
mon_rep231013,2023-10-13T10:47:12,524.066,  0.400,1,0,247, 25.000, 14.525,  0.000,-23.077, 13.525, 13.800,  0.000, 14.825, 13.557,  1.268,  0.800,  0.915,  0.800,0.00000,  0.000,
mon_rep231013,2023-10-13T10:47:12,524.466,  0.400,1,0,247, 25.000, 14.525,  0.000,-23.077, 13.525, 13.800,  0.000, 14.825, 13.557,  1.268,  0.800,  0.915,  0.800,0.00000,  0.000,
mon_rep231013,2023-10-13T10:47:12,524.866,  0.400,1,0,247, 25.000, 14.525,  0.000,-23.077, 13.525, 13.800,  0.000, 14.825, 13.557,  1.268,  0.800,  0.915,  0.800,0.00000,  0.000,
mon_rep231013,2023-10-13T10:47:13,525.266,  0.400,1,0,247, 25.000, 14.525,  0.000,-23.077, 13.525, 13.800,  0.000, 14.825, 13.557,  1.268,  0.800,  0.915,  0.800,0.00000,  0.000,
mon_rep231013,2023-10-13T10:47:13,525.666,  0.400,1,0,247, 25.000, 14.525,  0.000,-23.077, 13.525, 13.800,  0.000, 14.825, 13.557,  1.268,  0.800,  0.915,  0.800,0.00000,  0.000,
mon_rep231013,2023-10-13T10:47:14,526.066,  0.400,1,0,247, 25.000, 14.525,  0.000,-23.077, 13.525, 13.800,  0.000, 14.825, 13.557,  1.268,  0.800,  0.915,  0.800,0.00000,  0.000,
mon_rep231013,2023-10-13T10:47:14,526.466,  0.400,1,0,247, 25.000, 14.525,  0.000,-23.077, 13.525, 13.800,  0.000, 14.825, 13.557,  1.268,  0.800,  0.915,  0.800,0.00000,  0.000,
mon_rep231013,2023-10-13T10:47:14,526.866,  0.400,1,0,247, 25.000, 14.525,  0.000,-23.077, 13.525, 13.800,  0.000, 14.825, 13.557,  1.268,  0.800,  0.915,  0.800,0.00000,  0.000,
mon_rep231013,2023-10-13T10:47:15,527.266,  0.400,1,0,247, 25.000, 14.525,  0.000,-23.077, 13.525, 13.800,  0.000, 14.825, 13.558,  1.267,  0.800,  0.916,  0.800,0.00000,  0.000,
mon_rep231013,2023-10-13T10:47:15,527.666,  0.400,1,0,247, 25.000, 14.525,  0.000,-23.077, 13.525, 13.800,  0.000, 14.825, 13.558,  1.267,  0.800,  0.916,  0.800,0.00000,  0.000,
mon_rep231013,2023-10-13T10:47:16,528.066,  0.400,1,0,247, 25.000, 14.525,  0.000,-23.077, 13.525, 13.800,  0.000, 14.825, 13.558,  1.267,  0.800,  0.916,  0.800,0.00000,  0.000,
mon_rep231013,2023-10-13T10:47:16,528.466,  0.400,1,0,247, 25.000, 14.525,  0.000,-23.077, 13.525, 13.800,  0.000, 14.825, 13.558,  1.267,  0.800,  0.916,  0.800,0.00000,  0.000,
mon_rep231013,2023-10-13T10:47:16,528.866,  0.400,1,0,247, 25.000, 14.525,  0.000,-23.077, 13.525, 13.800,  0.000, 14.825, 13.558,  1.267,  0.800,  0.916,  0.800,0.00000,  0.000,
mon_rep231013,2023-10-13T10:47:17,529.266,  0.400,1,0,247, 25.000, 14.525,  0.000,-23.077, 13.525, 13.800,  0.000, 14.825, 13.558,  1.267,  0.800,  0.916,  0.800,0.00000,  0.000,
mon_rep231013,2023-10-13T10:47:17,529.666,  0.400,1,0,247, 25.000, 14.525,  0.000,-23.077, 13.525, 13.800,  0.000, 14.825, 13.558,  1.267,  0.800,  0.916,  0.800,0.00000,  0.000,
mon_rep231013,2023-10-13T10:47:18,530.066,  0.400,1,0,247, 25.000, 14.525,  0.000,-23.077, 13.525, 13.800,  0.000, 14.825, 13.558,  1.267,  0.800,  0.916,  0.800,0.00000,  0.000,
mon_rep231013,2023-10-13T10:47:18,530.466,  0.400,1,0,247, 25.000, 14.525,  0.000,-23.077, 13.525, 13.800,  0.000, 14.825, 13.558,  1.267,  0.800,  0.916,  0.800,0.00000,  0.000,
mon_rep231013,2023-10-13T10:47:18,530.866,  0.400,1,0,247, 25.000, 14.525,  0.000,-23.077, 13.525, 13.800,  0.000, 14.825, 13.558,  1.267,  0.800,  0.916,  0.800,0.00000,  0.000,
mon_rep231013,2023-10-13T10:47:19,531.266,  0.400,1,0,247, 25.000, 14.525,  0.000,-23.077, 13.525, 13.800,  0.000, 14.825, 13.558,  1.267,  0.800,  0.917,  0.800,0.00000,  0.000,
mon_rep231013,2023-10-13T10:47:19,531.666,  0.400,1,0,247, 25.000, 14.525,  0.000,-23.077, 13.525, 13.800,  0.000, 14.825, 13.558,  1.267,  0.800,  0.917,  0.800,0.00000,  0.000,
mon_rep231013,2023-10-13T10:47:20,532.066,  0.400,1,0,247, 25.000, 14.525,  0.000,-23.077, 13.525, 13.800,  0.000, 14.825, 13.558,  1.267,  0.800,  0.917,  0.800,0.00000,  0.000,
mon_rep231013,2023-10-13T10:47:20,532.466,  0.400,1,0,247, 25.000, 14.525,  0.000,-23.077, 13.525, 13.800,  0.000, 14.825, 13.558,  1.267,  0.800,  0.917,  0.800,0.00000,  0.000,
mon_rep231013,2023-10-13T10:47:20,532.866,  0.400,1,0,247, 25.000, 14.525,  0.000,-23.077, 13.525, 13.800,  0.000, 14.825, 13.558,  1.267,  0.800,  0.917,  0.800,0.00000,  0.000,
mon_rep231013,2023-10-13T10:47:21,533.266,  0.400,1,0,247, 25.000, 14.525,  0.000,-23.077, 13.525, 13.800,  0.000, 14.825, 13.558,  1.267,  0.800,  0.917,  0.800,0.00000,  0.000,
mon_rep231013,2023-10-13T10:47:21,533.666,  0.400,1,0,247, 25.000, 14.525,  0.000,-23.077, 13.525, 13.800,  0.000, 14.825, 13.558,  1.267,  0.800,  0.917,  0.800,0.00000,  0.000,
mon_rep231013,2023-10-13T10:47:22,534.066,  0.400,1,0,247, 25.000, 14.525,  0.000,-23.077, 13.525, 13.800,  0.000, 14.825, 13.558,  1.267,  0.800,  0.917,  0.800,0.00000,  0.000,
mon_rep231013,2023-10-13T10:47:22,534.466,  0.400,1,0,247, 25.000, 14.525,  0.000,-23.077, 13.525, 13.800,  0.000, 14.825, 13.558,  1.267,  0.800,  0.917,  0.800,0.00000,  0.000,
mon_rep231013,2023-10-13T10:47:22,534.866,  0.400,1,0,247, 25.000, 14.525,  0.000,-23.077, 13.525, 13.800,  0.000, 14.825, 13.558,  1.267,  0.800,  0.917,  0.800,0.00000,  0.000,
mon_rep231013,2023-10-13T10:47:23,535.266,  0.400,1,0,247, 25.000, 14.525,  0.000,-23.077, 13.525, 13.800,  0.000, 14.825, 13.558,  1.267,  0.800,  0.918,  0.800,0.00000,  0.000,
mon_rep231013,2023-10-13T10:47:23,535.666,  0.400,1,0,247, 25.000, 14.525,  0.000,-23.077, 13.525, 13.800,  0.000, 14.825, 13.558,  1.267,  0.800,  0.918,  0.800,0.00000,  0.000,
mon_rep231013,2023-10-13T10:47:24,536.066,  0.400,1,0,247, 25.000, 14.525,  0.000,-23.077, 13.525, 13.800,  0.000, 14.825, 13.558,  1.267,  0.800,  0.918,  0.800,0.00000,  0.000,
mon_rep231013,2023-10-13T10:47:24,536.466,  0.400,1,0,247, 25.000, 14.525,  0.000,-23.077, 13.525, 13.800,  0.000, 14.825, 13.558,  1.267,  0.800,  0.918,  0.800,0.00000,  0.000,
mon_rep231013,2023-10-13T10:47:24,536.866,  0.400,1,0,247, 25.000, 14.525,  0.000,-23.077, 13.525, 13.800,  0.000, 14.825, 13.558,  1.267,  0.800,  0.918,  0.800,0.00000,  0.000,
mon_rep231013,2023-10-13T10:47:25,537.266,  0.400,1,0,247, 25.000, 14.525,  0.000,-23.077, 13.525, 13.800,  0.000, 14.825, 13.558,  1.267,  0.800,  0.918,  0.800,0.00000,  0.000,
mon_rep231013,2023-10-13T10:47:25,537.666,  0.400,1,0,247, 25.000, 14.525,  0.000,-23.077, 13.525, 13.800,  0.000, 14.825, 13.558,  1.267,  0.800,  0.918,  0.800,0.00000,  0.000,
mon_rep231013,2023-10-13T10:47:26,538.066,  0.400,1,0,247, 25.000, 14.525,  0.000,-23.077, 13.525, 13.800,  0.000, 14.825, 13.558,  1.267,  0.800,  0.918,  0.800,0.00000,  0.000,
mon_rep231013,2023-10-13T10:47:26,538.466,  0.400,1,0,247, 25.000, 14.525,  0.000,-23.077, 13.525, 13.800,  0.000, 14.825, 13.558,  1.267,  0.800,  0.918,  0.800,0.00000,  0.000,
mon_rep231013,2023-10-13T10:47:26,538.866,  0.400,1,0,247, 25.000, 14.525,  0.000,-23.077, 13.525, 13.800,  0.000, 14.825, 13.558,  1.267,  0.800,  0.918,  0.800,0.00000,  0.000,
mon_rep231013,2023-10-13T10:47:27,539.266,  0.400,1,0,247, 25.000, 14.525,  0.000,-23.077, 13.525, 13.800,  0.000, 14.825, 13.558,  1.267,  0.800,  0.919,  0.800,0.00000,  0.000,
mon_rep231013,2023-10-13T10:47:27,539.666,  0.400,1,0,247, 25.000, 14.525,  0.000,-23.077, 13.525, 13.800,  0.000, 14.825, 13.558,  1.267,  0.800,  0.919,  0.800,0.00000,  0.000,
mon_rep231013,2023-10-13T10:47:28,540.066,  0.400,1,0,247, 25.000, 14.525,  0.000,-23.077, 13.525, 13.800,  0.000, 14.825, 13.558,  1.267,  0.800,  0.919,  0.800,0.00000,  0.000,
mon_rep231013,2023-10-13T10:47:28,540.466,  0.400,1,0,247, 25.000, 14.525,  0.000,-23.077, 13.525, 13.800,  0.000, 14.825, 13.558,  1.267,  0.800,  0.919,  0.800,0.00000,  0.000,
mon_rep231013,2023-10-13T10:47:28,540.866,  0.400,1,0,247, 25.000, 14.525,  0.000,-23.077, 13.525, 13.800,  0.000, 14.825, 13.558,  1.267,  0.800,  0.919,  0.800,0.00000,  0.000,
mon_rep231013,2023-10-13T10:47:29,541.266,  0.400,1,0,247, 25.000, 14.525,  0.000,-23.077, 13.525, 13.800,  0.000, 14.825, 13.558,  1.267,  0.800,  0.919,  0.800,0.00000,  0.000,
mon_rep231013,2023-10-13T10:47:29,541.666,  0.400,1,0,247, 25.000, 14.525,  0.000,-23.077, 13.525, 13.800,  0.000, 14.825, 13.558,  1.267,  0.800,  0.919,  0.800,0.00000,  0.000,
mon_rep231013,2023-10-13T10:47:30,542.066,  0.400,1,0,247, 25.000, 14.525,  0.000,-23.077, 13.525, 13.800,  0.000, 14.825, 13.558,  1.267,  0.800,  0.919,  0.800,0.00000,  0.000,
mon_rep231013,2023-10-13T10:47:30,542.466,  0.400,1,0,247, 25.000, 14.525,  0.000,-23.077, 13.525, 13.800,  0.000, 14.825, 13.558,  1.267,  0.800,  0.919,  0.800,0.00000,  0.000,
mon_rep231013,2023-10-13T10:47:30,542.866,  0.400,1,0,247, 25.000, 14.525,  0.000,-23.077, 13.525, 13.800,  0.000, 14.825, 13.558,  1.267,  0.800,  0.919,  0.800,0.00000,  0.000,
mon_rep231013,2023-10-13T10:47:31,543.266,  0.400,1,0,247, 25.000, 14.525,  0.000,-23.077, 13.525, 13.800,  0.000, 14.825, 13.558,  1.267,  0.800,  0.920,  0.800,0.00000,  0.000,
mon_rep231013,2023-10-13T10:47:31,543.666,  0.400,1,0,247, 25.000, 14.525,  0.000,-23.077, 13.525, 13.800,  0.000, 14.825, 13.558,  1.267,  0.800,  0.920,  0.800,0.00000,  0.000,
mon_rep231013,2023-10-13T10:47:32,544.066,  0.400,1,0,247, 25.000, 14.525,  0.000,-23.077, 13.525, 13.800,  0.000, 14.825, 13.558,  1.267,  0.800,  0.920,  0.800,0.00000,  0.000,
mon_rep231013,2023-10-13T10:47:32,544.466,  0.400,1,0,247, 25.000, 14.525,  0.000,-23.077, 13.525, 13.800,  0.000, 14.825, 13.558,  1.267,  0.800,  0.920,  0.800,0.00000,  0.000,
mon_rep231013,2023-10-13T10:47:32,544.866,  0.400,1,0,247, 25.000, 14.525,  0.000,-23.077, 13.525, 13.800,  0.000, 14.825, 13.558,  1.267,  0.800,  0.920,  0.800,0.00000,  0.000,
mon_rep231013,2023-10-13T10:47:33,545.266,  0.400,1,0,247, 25.000, 14.525,  0.000,-23.077, 13.525, 13.800,  0.000, 14.825, 13.558,  1.267,  0.800,  0.920,  0.800,0.00000,  0.000,
mon_rep231013,2023-10-13T10:47:33,545.666,  0.400,1,0,247, 25.000, 14.525,  0.000,-23.077, 13.525, 13.800,  0.000, 14.825, 13.558,  1.267,  0.800,  0.920,  0.800,0.00000,  0.000,
mon_rep231013,2023-10-13T10:47:34,546.066,  0.400,1,0,247, 25.000, 14.525,  0.000,-23.077, 13.525, 13.800,  0.000, 14.825, 13.558,  1.267,  0.800,  0.920,  0.800,0.00000,  0.000,
mon_rep231013,2023-10-13T10:47:34,546.466,  0.400,1,0,247, 25.000, 14.525,  0.000,-23.077, 13.525, 13.800,  0.000, 14.825, 13.558,  1.267,  0.800,  0.920,  0.800,0.00000,  0.000,
mon_rep231013,2023-10-13T10:47:34,546.866,  0.400,1,0,247, 25.000, 14.525,  0.000,-23.077, 13.525, 13.800,  0.000, 14.825, 13.558,  1.267,  0.800,  0.920,  0.800,0.00000,  0.000,
mon_rep231013,2023-10-13T10:47:35,547.266,  0.400,1,0,247, 25.000, 14.525,  0.000,-23.077, 13.525, 13.800,  0.000, 14.825, 13.558,  1.267,  0.800,  0.921,  0.800,0.00000,  0.000,
mon_rep231013,2023-10-13T10:47:35,547.666,  0.400,1,0,247, 25.000, 14.525,  0.000,-23.077, 13.525, 13.800,  0.000, 14.825, 13.558,  1.267,  0.800,  0.921,  0.800,0.00000,  0.000,
mon_rep231013,2023-10-13T10:47:36,548.066,  0.400,1,0,247, 25.000, 14.525,  0.000,-23.077, 13.525, 13.800,  0.000, 14.825, 13.558,  1.267,  0.800,  0.921,  0.800,0.00000,  0.000,
mon_rep231013,2023-10-13T10:47:36,548.466,  0.400,1,0,247, 25.000, 14.525,  0.000,-23.077, 13.525, 13.800,  0.000, 14.825, 13.558,  1.267,  0.800,  0.921,  0.800,0.00000,  0.000,
mon_rep231013,2023-10-13T10:47:36,548.866,  0.400,1,0,247, 25.000, 14.525,  0.000,-23.077, 13.525, 13.800,  0.000, 14.825, 13.558,  1.267,  0.800,  0.921,  0.800,0.00000,  0.000,
mon_rep231013,2023-10-13T10:47:37,549.266,  0.400,1,0,247, 25.000, 14.525,  0.000,-23.077, 13.525, 13.800,  0.000, 14.825, 13.558,  1.267,  0.800,  0.921,  0.800,0.00000,  0.000,
mon_rep231013,2023-10-13T10:47:37,549.666,  0.400,1,0,247, 25.000, 14.525,  0.000,-23.077, 13.525, 13.800,  0.000, 14.825, 13.558,  1.267,  0.800,  0.921,  0.800,0.00000,  0.000,
mon_rep231013,2023-10-13T10:47:38,550.066,  0.400,1,0,247, 25.000, 14.525,  0.000,-23.077, 13.525, 13.800,  0.000, 14.825, 13.558,  1.267,  0.800,  0.921,  0.800,0.00000,  0.000,
mon_rep231013,2023-10-13T10:47:38,550.466,  0.400,1,0,247, 25.000, 14.525,  0.000,-23.077, 13.525, 13.800,  0.000, 14.825, 13.558,  1.267,  0.800,  0.921,  0.800,0.00000,  0.000,
mon_rep231013,2023-10-13T10:47:38,550.866,  0.400,1,0,247, 25.000, 14.525,  0.000,-23.077, 13.525, 13.800,  0.000, 14.825, 13.558,  1.267,  0.800,  0.921,  0.800,0.00000,  0.000,
mon_rep231013,2023-10-13T10:47:39,551.266,  0.400,1,0,247, 25.000, 14.525,  0.000,-23.077, 13.525, 13.800,  0.000, 14.825, 13.559,  1.266,  0.800,  0.922,  0.800,0.00000,  0.000,
mon_rep231013,2023-10-13T10:47:39,551.666,  0.400,1,0,247, 25.000, 14.525,  0.000,-23.077, 13.525, 13.800,  0.000, 14.825, 13.559,  1.266,  0.800,  0.922,  0.800,0.00000,  0.000,
mon_rep231013,2023-10-13T10:47:40,552.066,  0.400,1,0,247, 25.000, 14.525,  0.000,-23.077, 13.525, 13.800,  0.000, 14.825, 13.559,  1.266,  0.800,  0.922,  0.800,0.00000,  0.000,
mon_rep231013,2023-10-13T10:47:40,552.466,  0.400,1,0,247, 25.000, 14.525,  0.000,-23.077, 13.525, 13.800,  0.000, 14.825, 13.559,  1.266,  0.800,  0.922,  0.800,0.00000,  0.000,
mon_rep231013,2023-10-13T10:47:40,552.866,  0.400,1,0,247, 25.000, 14.525,  0.000,-23.077, 13.525, 13.800,  0.000, 14.825, 13.559,  1.266,  0.800,  0.922,  0.800,0.00000,  0.000,
mon_rep231013,2023-10-13T10:47:41,553.266,  0.400,1,0,247, 25.000, 14.525,  0.000,-23.077, 13.525, 13.800,  0.000, 14.825, 13.559,  1.266,  0.800,  0.922,  0.800,0.00000,  0.000,
mon_rep231013,2023-10-13T10:47:41,553.666,  0.400,1,0,247, 25.000, 14.525,  0.000,-23.077, 13.525, 13.800,  0.000, 14.825, 13.559,  1.266,  0.800,  0.922,  0.800,0.00000,  0.000,
mon_rep231013,2023-10-13T10:47:42,554.066,  0.400,1,0,247, 25.000, 14.525,  0.000,-23.077, 13.525, 13.800,  0.000, 14.825, 13.559,  1.266,  0.800,  0.922,  0.800,0.00000,  0.000,
mon_rep231013,2023-10-13T10:47:42,554.466,  0.400,1,0,247, 25.000, 14.525,  0.000,-23.077, 13.525, 13.800,  0.000, 14.825, 13.559,  1.266,  0.800,  0.922,  0.800,0.00000,  0.000,
mon_rep231013,2023-10-13T10:47:42,554.866,  0.400,1,0,247, 25.000, 14.525,  0.000,-23.077, 13.525, 13.800,  0.000, 14.825, 13.559,  1.266,  0.800,  0.922,  0.800,0.00000,  0.000,
mon_rep231013,2023-10-13T10:47:43,555.266,  0.400,1,0,247, 25.000, 14.525,  0.000,-23.077, 13.525, 13.800,  0.000, 14.825, 13.559,  1.266,  0.800,  0.923,  0.800,0.00000,  0.000,
mon_rep231013,2023-10-13T10:47:43,555.666,  0.400,1,0,247, 25.000, 14.525,  0.000,-23.077, 13.525, 13.800,  0.000, 14.825, 13.559,  1.266,  0.800,  0.923,  0.800,0.00000,  0.000,
mon_rep231013,2023-10-13T10:47:44,556.066,  0.400,1,0,247, 25.000, 14.525,  0.000,-23.077, 13.525, 13.800,  0.000, 14.825, 13.559,  1.266,  0.800,  0.923,  0.800,0.00000,  0.000,
mon_rep231013,2023-10-13T10:47:44,556.466,  0.400,1,0,247, 25.000, 14.525,  0.000,-23.077, 13.525, 13.800,  0.000, 14.825, 13.559,  1.266,  0.800,  0.923,  0.800,0.00000,  0.000,
mon_rep231013,2023-10-13T10:47:44,556.866,  0.400,1,0,247, 25.000, 14.525,  0.000,-23.077, 13.525, 13.800,  0.000, 14.825, 13.559,  1.266,  0.800,  0.923,  0.800,0.00000,  0.000,
mon_rep231013,2023-10-13T10:47:45,557.266,  0.400,1,0,247, 25.000, 14.525,  0.000,-23.077, 13.525, 13.800,  0.000, 14.825, 13.559,  1.266,  0.800,  0.923,  0.800,0.00000,  0.000,
mon_rep231013,2023-10-13T10:47:45,557.666,  0.400,1,0,247, 25.000, 14.525,  0.000,-23.077, 13.525, 13.800,  0.000, 14.825, 13.559,  1.266,  0.800,  0.923,  0.800,0.00000,  0.000,
mon_rep231013,2023-10-13T10:47:46,558.066,  0.400,1,0,247, 25.000, 14.525,  0.000,-23.077, 13.525, 13.800,  0.000, 14.825, 13.559,  1.266,  0.800,  0.923,  0.800,0.00000,  0.000,
mon_rep231013,2023-10-13T10:47:46,558.466,  0.400,1,0,247, 25.000, 14.525,  0.000,-23.077, 13.525, 13.800,  0.000, 14.825, 13.559,  1.266,  0.800,  0.923,  0.800,0.00000,  0.000,
mon_rep231013,2023-10-13T10:47:46,558.866,  0.400,1,0,247, 25.000, 14.525,  0.000,-23.077, 13.525, 13.800,  0.000, 14.825, 13.559,  1.266,  0.800,  0.923,  0.800,0.00000,  0.000,
mon_rep231013,2023-10-13T10:47:47,559.266,  0.400,1,0,247, 25.000, 14.525,  0.000,-23.077, 13.525, 13.800,  0.000, 14.825, 13.559,  1.266,  0.800,  0.924,  0.800,0.00000,  0.000,
mon_rep231013,2023-10-13T10:47:47,559.666,  0.400,1,0,247, 25.000, 14.525,  0.000,-23.077, 13.525, 13.800,  0.000, 14.825, 13.559,  1.266,  0.800,  0.924,  0.800,0.00000,  0.000,
mon_rep231013,2023-10-13T10:47:48,560.066,  0.400,1,0,247, 25.000, 14.525,  0.000,-23.077, 13.525, 13.800,  0.000, 14.825, 13.559,  1.266,  0.800,  0.924,  0.800,0.00000,  0.000,
mon_rep231013,2023-10-13T10:47:48,560.466,  0.400,1,0,247, 25.000, 14.525,  0.000,-23.077, 13.525, 13.800,  0.000, 14.825, 13.559,  1.266,  0.800,  0.924,  0.800,0.00000,  0.000,
mon_rep231013,2023-10-13T10:47:48,560.866,  0.400,1,0,247, 25.000, 14.525,  0.000,-23.077, 13.525, 13.800,  0.000, 14.825, 13.559,  1.266,  0.800,  0.924,  0.800,0.00000,  0.000,
mon_rep231013,2023-10-13T10:47:49,561.266,  0.400,1,0,247, 25.000, 14.525,  0.000,-23.077, 13.525, 13.800,  0.000, 14.825, 13.559,  1.266,  0.800,  0.925,  0.800,0.00000,  0.000,
mon_rep231013,2023-10-13T10:47:49,561.666,  0.400,1,0,247, 25.000, 14.525,  0.000,-23.077, 13.525, 13.800,  0.000, 14.825, 13.559,  1.266,  0.800,  0.925,  0.800,0.00000,  0.000,
mon_rep231013,2023-10-13T10:47:50,562.066,  0.400,1,0,247, 25.000, 14.525,  0.000,-23.077, 13.525, 13.800,  0.000, 14.825, 13.559,  1.266,  0.800,  0.925,  0.800,0.00000,  0.000,
mon_rep231013,2023-10-13T10:47:50,562.466,  0.400,1,0,247, 25.000, 14.525,  0.000,-23.077, 13.525, 13.800,  0.000, 14.825, 13.559,  1.266,  0.800,  0.925,  0.800,0.00000,  0.000,
mon_rep231013,2023-10-13T10:47:50,562.866,  0.400,1,0,247, 25.000, 14.525,  0.000,-23.077, 13.525, 13.800,  0.000, 14.825, 13.559,  1.266,  0.800,  0.925,  0.800,0.00000,  0.000,
mon_rep231013,2023-10-13T10:47:51,563.266,  0.400,1,0,247, 25.000, 14.525,  0.000,-23.077, 13.525, 13.800,  0.000, 14.825, 13.559,  1.266,  0.800,  0.925,  0.800,0.00000,  0.000,
mon_rep231013,2023-10-13T10:47:51,563.666,  0.400,1,0,247, 25.000, 14.525,  0.000,-23.077, 13.525, 13.800,  0.000, 14.825, 13.559,  1.266,  0.800,  0.925,  0.800,0.00000,  0.000,
mon_rep231013,2023-10-13T10:47:52,564.066,  0.400,1,0,247, 25.000, 14.525,  0.000,-23.077, 13.525, 13.800,  0.000, 14.825, 13.559,  1.266,  0.800,  0.925,  0.800,0.00000,  0.000,
mon_rep231013,2023-10-13T10:47:52,564.466,  0.400,1,0,247, 25.000, 14.525,  0.000,-23.077, 13.525, 13.800,  0.000, 14.825, 13.559,  1.266,  0.800,  0.925,  0.800,0.00000,  0.000,
mon_rep231013,2023-10-13T10:47:52,564.866,  0.400,1,0,247, 25.000, 14.525,  0.000,-23.077, 13.525, 13.800,  0.000, 14.825, 13.559,  1.266,  0.800,  0.925,  0.800,0.00000,  0.000,
mon_rep231013,2023-10-13T10:47:53,565.266,  0.400,1,0,247, 25.000, 14.525,  0.000,-23.077, 13.525, 13.800,  0.000, 14.825, 13.559,  1.266,  0.800,  0.926,  0.800,0.00000,  0.000,
mon_rep231013,2023-10-13T10:47:53,565.666,  0.400,1,0,247, 25.000, 14.525,  0.000,-23.077, 13.525, 13.800,  0.000, 14.825, 13.559,  1.266,  0.800,  0.926,  0.800,0.00000,  0.000,
mon_rep231013,2023-10-13T10:47:54,566.066,  0.400,1,0,247, 25.000, 14.525,  0.000,-23.077, 13.525, 13.800,  0.000, 14.825, 13.559,  1.266,  0.800,  0.926,  0.800,0.00000,  0.000,
mon_rep231013,2023-10-13T10:47:54,566.466,  0.400,1,0,247, 25.000, 14.525,  0.000,-23.077, 13.525, 13.800,  0.000, 14.825, 13.559,  1.266,  0.800,  0.926,  0.800,0.00000,  0.000,
mon_rep231013,2023-10-13T10:47:54,566.866,  0.400,1,0,247, 25.000, 14.525,  0.000,-23.077, 13.525, 13.800,  0.000, 14.825, 13.559,  1.266,  0.800,  0.926,  0.800,0.00000,  0.000,
mon_rep231013,2023-10-13T10:47:55,567.266,  0.400,1,0,247, 25.000, 14.525,  0.000,-23.077, 13.525, 13.800,  0.000, 14.825, 13.559,  1.266,  0.800,  0.926,  0.800,0.00000,  0.000,
mon_rep231013,2023-10-13T10:47:55,567.666,  0.400,1,0,247, 25.000, 14.525,  0.000,-23.077, 13.525, 13.800,  0.000, 14.825, 13.559,  1.266,  0.800,  0.926,  0.800,0.00000,  0.000,
mon_rep231013,2023-10-13T10:47:56,568.066,  0.400,1,0,247, 25.000, 14.525,  0.000,-23.077, 13.525, 13.800,  0.000, 14.825, 13.559,  1.266,  0.800,  0.926,  0.800,0.00000,  0.000,
mon_rep231013,2023-10-13T10:47:56,568.466,  0.400,1,0,247, 25.000, 14.525,  0.000,-23.077, 13.525, 13.800,  0.000, 14.825, 13.559,  1.266,  0.800,  0.926,  0.800,0.00000,  0.000,
mon_rep231013,2023-10-13T10:47:56,568.866,  0.400,1,0,247, 25.000, 14.525,  0.000,-23.077, 13.525, 13.800,  0.000, 14.825, 13.559,  1.266,  0.800,  0.926,  0.800,0.00000,  0.000,
mon_rep231013,2023-10-13T10:47:57,569.266,  0.400,1,0,247, 25.000, 14.525,  0.000,-23.077, 13.525, 13.800,  0.000, 14.825, 13.559,  1.266,  0.800,  0.927,  0.800,0.00000,  0.000,
mon_rep231013,2023-10-13T10:47:57,569.666,  0.400,1,0,247, 25.000, 14.525,  0.000,-23.077, 13.525, 13.800,  0.000, 14.825, 13.559,  1.266,  0.800,  0.927,  0.800,0.00000,  0.000,
mon_rep231013,2023-10-13T10:47:58,570.066,  0.400,1,0,247, 25.000, 14.525,  0.000,-23.077, 13.525, 13.800,  0.000, 14.825, 13.559,  1.266,  0.800,  0.927,  0.800,0.00000,  0.000,
mon_rep231013,2023-10-13T10:47:58,570.466,  0.400,1,0,247, 25.000, 14.525,  0.000,-23.077, 13.525, 13.800,  0.000, 14.825, 13.559,  1.266,  0.800,  0.927,  0.800,0.00000,  0.000,
mon_rep231013,2023-10-13T10:47:58,570.866,  0.400,1,0,247, 25.000, 14.525,  0.000,-23.077, 13.525, 13.800,  0.000, 14.825, 13.559,  1.266,  0.800,  0.927,  0.800,0.00000,  0.000,
mon_rep231013,2023-10-13T10:47:59,571.266,  0.400,1,0,247, 25.000, 14.525,  0.000,-23.077, 13.525, 13.800,  0.000, 14.825, 13.559,  1.266,  0.800,  0.927,  0.800,0.00000,  0.000,
mon_rep231013,2023-10-13T10:47:59,571.666,  0.400,1,0,247, 25.000, 14.525,  0.000,-23.077, 13.525, 13.800,  0.000, 14.825, 13.559,  1.266,  0.800,  0.927,  0.800,0.00000,  0.000,
mon_rep231013,2023-10-13T10:48:00,572.066,  0.400,1,0,247, 25.000, 14.525,  0.000,-23.077, 13.525, 13.800,  0.000, 14.825, 13.559,  1.266,  0.800,  0.927,  0.800,0.00000,  0.000,
mon_rep231013,2023-10-13T10:48:00,572.466,  0.400,1,0,247, 25.000, 14.525,  0.000,-23.077, 13.525, 13.800,  0.000, 14.825, 13.559,  1.266,  0.800,  0.927,  0.800,0.00000,  0.000,
mon_rep231013,2023-10-13T10:48:00,572.866,  0.400,1,0,247, 25.000, 14.525,  0.000,-23.077, 13.525, 13.800,  0.000, 14.825, 13.559,  1.266,  0.800,  0.927,  0.800,0.00000,  0.000,
mon_rep231013,2023-10-13T10:48:01,573.266,  0.400,1,0,247, 25.000, 14.525,  0.000,-23.077, 13.525, 13.800,  0.000, 14.825, 13.560,  1.265,  0.800,  0.928,  0.800,0.00000,  0.000,
mon_rep231013,2023-10-13T10:48:01,573.666,  0.400,1,0,247, 25.000, 14.525,  0.000,-23.077, 13.525, 13.800,  0.000, 14.825, 13.560,  1.265,  0.800,  0.928,  0.800,0.00000,  0.000,
mon_rep231013,2023-10-13T10:48:02,574.066,  0.400,1,0,247, 25.000, 14.525,  0.000,-23.077, 13.525, 13.800,  0.000, 14.825, 13.560,  1.265,  0.800,  0.928,  0.800,0.00000,  0.000,
mon_rep231013,2023-10-13T10:48:02,574.466,  0.400,1,0,247, 25.000, 14.525,  0.000,-23.077, 13.525, 13.800,  0.000, 14.825, 13.560,  1.265,  0.800,  0.928,  0.800,0.00000,  0.000,
mon_rep231013,2023-10-13T10:48:02,574.866,  0.400,1,0,247, 25.000, 14.525,  0.000,-23.077, 13.525, 13.800,  0.000, 14.825, 13.560,  1.265,  0.800,  0.928,  0.800,0.00000,  0.000,
mon_rep231013,2023-10-13T10:48:03,575.266,  0.400,1,0,247, 25.000, 14.525,  0.000,-23.077, 13.525, 13.800,  0.000, 14.825, 13.560,  1.265,  0.800,  0.928,  0.800,0.00000,  0.000,
mon_rep231013,2023-10-13T10:48:03,575.666,  0.400,1,0,247, 25.000, 14.525,  0.000,-23.077, 13.525, 13.800,  0.000, 14.825, 13.560,  1.265,  0.800,  0.928,  0.800,0.00000,  0.000,
mon_rep231013,2023-10-13T10:48:04,576.066,  0.400,1,0,247, 25.000, 14.525,  0.000,-23.077, 13.525, 13.800,  0.000, 14.825, 13.560,  1.265,  0.800,  0.928,  0.800,0.00000,  0.000,
mon_rep231013,2023-10-13T10:48:04,576.466,  0.400,1,0,247, 25.000, 14.525,  0.000,-23.077, 13.525, 13.800,  0.000, 14.825, 13.560,  1.265,  0.800,  0.928,  0.800,0.00000,  0.000,
mon_rep231013,2023-10-13T10:48:04,576.866,  0.400,1,0,247, 25.000, 14.525,  0.000,-23.077, 13.525, 13.800,  0.000, 14.825, 13.560,  1.265,  0.800,  0.928,  0.800,0.00000,  0.000,
mon_rep231013,2023-10-13T10:48:05,577.266,  0.400,1,0,247, 25.000, 14.525,  0.000,-23.077, 13.525, 13.800,  0.000, 14.825, 13.560,  1.265,  0.800,  0.929,  0.800,0.00000,  0.000,
mon_rep231013,2023-10-13T10:48:05,577.666,  0.400,1,0,247, 25.000, 14.525,  0.000,-23.077, 13.525, 13.800,  0.000, 14.825, 13.560,  1.265,  0.800,  0.929,  0.800,0.00000,  0.000,
mon_rep231013,2023-10-13T10:48:06,578.066,  0.400,1,0,247, 25.000, 14.525,  0.000,-23.077, 13.525, 13.800,  0.000, 14.825, 13.560,  1.265,  0.800,  0.929,  0.800,0.00000,  0.000,
mon_rep231013,2023-10-13T10:48:06,578.466,  0.400,1,0,247, 25.000, 14.525,  0.000,-23.077, 13.525, 13.800,  0.000, 14.825, 13.560,  1.265,  0.800,  0.929,  0.800,0.00000,  0.000,
mon_rep231013,2023-10-13T10:48:06,578.866,  0.400,1,0,247, 25.000, 14.525,  0.000,-23.077, 13.525, 13.800,  0.000, 14.825, 13.560,  1.265,  0.800,  0.929,  0.800,0.00000,  0.000,
mon_rep231013,2023-10-13T10:48:07,579.266,  0.400,1,0,247, 25.000, 14.525,  0.000,-23.077, 13.525, 13.800,  0.000, 14.825, 13.560,  1.265,  0.800,  0.929,  0.800,0.00000,  0.000,
mon_rep231013,2023-10-13T10:48:07,579.666,  0.400,1,0,247, 25.000, 14.525,  0.000,-23.077, 13.525, 13.800,  0.000, 14.825, 13.560,  1.265,  0.800,  0.929,  0.800,0.00000,  0.000,
mon_rep231013,2023-10-13T10:48:08,580.066,  0.400,1,0,247, 25.000, 14.525,  0.000,-23.077, 13.525, 13.800,  0.000, 14.825, 13.560,  1.265,  0.800,  0.929,  0.800,0.00000,  0.000,
mon_rep231013,2023-10-13T10:48:08,580.466,  0.400,1,0,247, 25.000, 14.525,  0.000,-23.077, 13.525, 13.800,  0.000, 14.825, 13.560,  1.265,  0.800,  0.929,  0.800,0.00000,  0.000,
mon_rep231013,2023-10-13T10:48:08,580.866,  0.400,1,0,247, 25.000, 14.525,  0.000,-23.077, 13.525, 13.800,  0.000, 14.825, 13.560,  1.265,  0.800,  0.929,  0.800,0.00000,  0.000,
mon_rep231013,2023-10-13T10:48:09,581.266,  0.400,1,0,247, 25.000, 14.525,  0.000,-23.077, 13.525, 13.800,  0.000, 14.825, 13.560,  1.265,  0.800,  0.930,  0.800,0.00000,  0.000,
mon_rep231013,2023-10-13T10:48:09,581.666,  0.400,1,0,247, 25.000, 14.525,  0.000,-23.077, 13.525, 13.800,  0.000, 14.825, 13.560,  1.265,  0.800,  0.930,  0.800,0.00000,  0.000,
mon_rep231013,2023-10-13T10:48:10,582.066,  0.400,1,0,247, 25.000, 14.525,  0.000,-23.077, 13.525, 13.800,  0.000, 14.825, 13.560,  1.265,  0.800,  0.930,  0.800,0.00000,  0.000,
mon_rep231013,2023-10-13T10:48:10,582.466,  0.400,1,0,247, 25.000, 14.525,  0.000,-23.077, 13.525, 13.800,  0.000, 14.825, 13.560,  1.265,  0.800,  0.930,  0.800,0.00000,  0.000,
mon_rep231013,2023-10-13T10:48:10,582.866,  0.400,1,0,247, 25.000, 14.525,  0.000,-23.077, 13.525, 13.800,  0.000, 14.825, 13.560,  1.265,  0.800,  0.930,  0.800,0.00000,  0.000,
mon_rep231013,2023-10-13T10:48:11,583.266,  0.400,1,0,247, 25.000, 14.525,  0.000,-23.077, 13.525, 13.800,  0.000, 14.825, 13.560,  1.265,  0.800,  0.930,  0.800,0.00000,  0.000,
mon_rep231013,2023-10-13T10:48:11,583.666,  0.400,1,0,247, 25.000, 14.525,  0.000,-23.077, 13.525, 13.800,  0.000, 14.825, 13.560,  1.265,  0.800,  0.930,  0.800,0.00000,  0.000,
mon_rep231013,2023-10-13T10:48:12,584.066,  0.400,1,0,247, 25.000, 14.525,  0.000,-23.077, 13.525, 13.800,  0.000, 14.825, 13.560,  1.265,  0.800,  0.930,  0.800,0.00000,  0.000,
mon_rep231013,2023-10-13T10:48:12,584.466,  0.400,1,0,247, 25.000, 14.525,  0.000,-23.077, 13.525, 13.800,  0.000, 14.825, 13.560,  1.265,  0.800,  0.930,  0.800,0.00000,  0.000,
mon_rep231013,2023-10-13T10:48:12,584.866,  0.400,1,0,247, 25.000, 14.525,  0.000,-23.077, 13.525, 13.800,  0.000, 14.825, 13.560,  1.265,  0.800,  0.930,  0.800,0.00000,  0.000,
mon_rep231013,2023-10-13T10:48:13,585.266,  0.400,1,0,247, 25.000, 14.525,  0.000,-23.077, 13.525, 13.800,  0.000, 14.825, 13.560,  1.265,  0.800,  0.931,  0.800,0.00000,  0.000,
mon_rep231013,2023-10-13T10:48:13,585.666,  0.400,1,0,247, 25.000, 14.525,  0.000,-23.077, 13.525, 13.800,  0.000, 14.825, 13.560,  1.265,  0.800,  0.931,  0.800,0.00000,  0.000,
mon_rep231013,2023-10-13T10:48:14,586.066,  0.400,1,0,247, 25.000, 14.525,  0.000,-23.077, 13.525, 13.800,  0.000, 14.825, 13.560,  1.265,  0.800,  0.931,  0.800,0.00000,  0.000,
mon_rep231013,2023-10-13T10:48:14,586.466,  0.400,1,0,247, 25.000, 14.525,  0.000,-23.077, 13.525, 13.800,  0.000, 14.825, 13.560,  1.265,  0.800,  0.931,  0.800,0.00000,  0.000,
mon_rep231013,2023-10-13T10:48:14,586.866,  0.400,1,0,247, 25.000, 14.525,  0.000,-23.077, 13.525, 13.800,  0.000, 14.825, 13.560,  1.265,  0.800,  0.931,  0.800,0.00000,  0.000,
mon_rep231013,2023-10-13T10:48:15,587.266,  0.400,1,0,247, 25.000, 14.525,  0.000,-23.077, 13.525, 13.800,  0.000, 14.825, 13.560,  1.265,  0.800,  0.932,  0.800,0.00000,  0.000,
mon_rep231013,2023-10-13T10:48:15,587.666,  0.400,1,0,247, 25.000, 14.525,  0.000,-23.077, 13.525, 13.800,  0.000, 14.825, 13.560,  1.265,  0.800,  0.932,  0.800,0.00000,  0.000,
mon_rep231013,2023-10-13T10:48:16,588.066,  0.400,1,0,247, 25.000, 14.525,  0.000,-23.077, 13.525, 13.800,  0.000, 14.825, 13.560,  1.265,  0.800,  0.932,  0.800,0.00000,  0.000,
mon_rep231013,2023-10-13T10:48:16,588.466,  0.400,1,0,247, 25.000, 14.525,  0.000,-23.077, 13.525, 13.800,  0.000, 14.825, 13.560,  1.265,  0.800,  0.932,  0.800,0.00000,  0.000,
mon_rep231013,2023-10-13T10:48:16,588.866,  0.400,1,0,247, 25.000, 14.525,  0.000,-23.077, 13.525, 13.800,  0.000, 14.825, 13.560,  1.265,  0.800,  0.932,  0.800,0.00000,  0.000,
mon_rep231013,2023-10-13T10:48:17,589.266,  0.400,1,0,247, 25.000, 14.525,  0.000,-23.077, 13.525, 13.800,  0.000, 14.825, 13.560,  1.265,  0.800,  0.932,  0.800,0.00000,  0.000,
mon_rep231013,2023-10-13T10:48:17,589.666,  0.400,1,0,247, 25.000, 14.525,  0.000,-23.077, 13.525, 13.800,  0.000, 14.825, 13.560,  1.265,  0.800,  0.932,  0.800,0.00000,  0.000,
mon_rep231013,2023-10-13T10:48:18,590.066,  0.400,1,0,247, 25.000, 14.525,  0.000,-23.077, 13.525, 13.800,  0.000, 14.825, 13.560,  1.265,  0.800,  0.932,  0.800,0.00000,  0.000,
mon_rep231013,2023-10-13T10:48:18,590.466,  0.400,1,0,247, 25.000, 14.525,  0.000,-23.077, 13.525, 13.800,  0.000, 14.825, 13.560,  1.265,  0.800,  0.932,  0.800,0.00000,  0.000,
mon_rep231013,2023-10-13T10:48:18,590.866,  0.400,1,0,247, 25.000, 14.525,  0.000,-23.077, 13.525, 13.800,  0.000, 14.825, 13.560,  1.265,  0.800,  0.932,  0.800,0.00000,  0.000,
mon_rep231013,2023-10-13T10:48:19,591.266,  0.400,1,0,247, 25.000, 14.525,  0.000,-23.077, 13.525, 13.800,  0.000, 14.825, 13.560,  1.265,  0.800,  0.933,  0.800,0.00000,  0.000,
mon_rep231013,2023-10-13T10:48:19,591.666,  0.400,1,0,247, 25.000, 14.525,  0.000,-23.077, 13.525, 13.800,  0.000, 14.825, 13.560,  1.265,  0.800,  0.933,  0.800,0.00000,  0.000,
mon_rep231013,2023-10-13T10:48:20,592.066,  0.400,1,0,247, 25.000, 14.525,  0.000,-23.077, 13.525, 13.800,  0.000, 14.825, 13.560,  1.265,  0.800,  0.933,  0.800,0.00000,  0.000,
mon_rep231013,2023-10-13T10:48:20,592.466,  0.400,1,0,247, 25.000, 14.525,  0.000,-23.077, 13.525, 13.800,  0.000, 14.825, 13.560,  1.265,  0.800,  0.933,  0.800,0.00000,  0.000,
mon_rep231013,2023-10-13T10:48:20,592.866,  0.400,1,0,247, 25.000, 14.525,  0.000,-23.077, 13.525, 13.800,  0.000, 14.825, 13.560,  1.265,  0.800,  0.933,  0.800,0.00000,  0.000,
mon_rep231013,2023-10-13T10:48:21,593.266,  0.400,1,0,247, 25.000, 14.525,  0.000,-23.077, 13.525, 13.800,  0.000, 14.825, 13.560,  1.265,  0.800,  0.933,  0.800,0.00000,  0.000,
mon_rep231013,2023-10-13T10:48:21,593.666,  0.400,1,0,247, 25.000, 14.525,  0.000,-23.077, 13.525, 13.800,  0.000, 14.825, 13.560,  1.265,  0.800,  0.933,  0.800,0.00000,  0.000,
mon_rep231013,2023-10-13T10:48:22,594.066,  0.400,1,0,247, 25.000, 14.525,  0.000,-23.077, 13.525, 13.800,  0.000, 14.825, 13.560,  1.265,  0.800,  0.933,  0.800,0.00000,  0.000,
mon_rep231013,2023-10-13T10:48:22,594.466,  0.400,1,0,247, 25.000, 14.525,  0.000,-23.077, 13.525, 13.800,  0.000, 14.825, 13.560,  1.265,  0.800,  0.933,  0.800,0.00000,  0.000,
mon_rep231013,2023-10-13T10:48:22,594.866,  0.400,1,0,247, 25.000, 14.525,  0.000,-23.077, 13.525, 13.800,  0.000, 14.825, 13.560,  1.265,  0.800,  0.933,  0.800,0.00000,  0.000,
mon_rep231013,2023-10-13T10:48:23,595.266,  0.400,1,0,247, 25.000, 14.525,  0.000,-23.077, 13.525, 13.800,  0.000, 14.825, 13.561,  1.264,  0.800,  0.934,  0.800,0.00000,  0.000,
mon_rep231013,2023-10-13T10:48:23,595.666,  0.400,1,0,247, 25.000, 14.525,  0.000,-23.077, 13.525, 13.800,  0.000, 14.825, 13.561,  1.264,  0.800,  0.934,  0.800,0.00000,  0.000,
mon_rep231013,2023-10-13T10:48:24,596.066,  0.400,1,0,247, 25.000, 14.525,  0.000,-23.077, 13.525, 13.800,  0.000, 14.825, 13.561,  1.264,  0.800,  0.934,  0.800,0.00000,  0.000,
mon_rep231013,2023-10-13T10:48:24,596.466,  0.400,1,0,247, 25.000, 14.525,  0.000,-23.077, 13.525, 13.800,  0.000, 14.825, 13.561,  1.264,  0.800,  0.934,  0.800,0.00000,  0.000,
mon_rep231013,2023-10-13T10:48:24,596.866,  0.400,1,0,247, 25.000, 14.525,  0.000,-23.077, 13.525, 13.800,  0.000, 14.825, 13.561,  1.264,  0.800,  0.934,  0.800,0.00000,  0.000,
mon_rep231013,2023-10-13T10:48:25,597.266,  0.400,1,0,247, 25.000, 14.525,  0.000,-23.077, 13.525, 13.800,  0.000, 14.825, 13.561,  1.264,  0.800,  0.934,  0.800,0.00000,  0.000,
mon_rep231013,2023-10-13T10:48:25,597.666,  0.400,1,0,247, 25.000, 14.525,  0.000,-23.077, 13.525, 13.800,  0.000, 14.825, 13.561,  1.264,  0.800,  0.934,  0.800,0.00000,  0.000,
mon_rep231013,2023-10-13T10:48:26,598.066,  0.400,1,0,247, 25.000, 14.525,  0.000,-23.077, 13.525, 13.800,  0.000, 14.825, 13.561,  1.264,  0.800,  0.934,  0.800,0.00000,  0.000,
mon_rep231013,2023-10-13T10:48:26,598.466,  0.400,1,0,247, 25.000, 14.525,  0.000,-23.077, 13.525, 13.800,  0.000, 14.825, 13.561,  1.264,  0.800,  0.934,  0.800,0.00000,  0.000,
mon_rep231013,2023-10-13T10:48:26,598.866,  0.400,1,0,247, 25.000, 14.525,  0.000,-23.077, 13.525, 13.800,  0.000, 14.825, 13.561,  1.264,  0.800,  0.934,  0.800,0.00000,  0.000,
mon_rep231013,2023-10-13T10:48:27,599.266,  0.400,1,0,247, 25.000, 14.525,  0.000,-23.077, 13.525, 13.800,  0.000, 14.825, 13.561,  1.264,  0.800,  0.935,  0.800,0.00000,  0.000,
mon_rep231013,2023-10-13T10:48:27,599.666,  0.400,1,0,247, 25.000, 14.525,  0.000,-23.077, 13.525, 13.800,  0.000, 14.825, 13.561,  1.264,  0.800,  0.935,  0.800,0.00000,  0.000,
mon_rep231013,2023-10-13T10:48:28,600.066,  0.400,1,0,247, 25.000, 14.525,  0.000,-23.077, 13.525, 13.800,  0.000, 14.825, 13.561,  1.264,  0.800,  0.935,  0.800,0.00000,  0.000,
mon_rep231013,2023-10-13T10:48:28,600.466,  0.400,1,0,247, 25.000, 14.525,  0.000,-23.077, 13.525, 13.800,  0.000, 14.825, 13.561,  1.264,  0.800,  0.935,  0.800,0.00000,  0.000,
mon_rep231013,2023-10-13T10:48:28,600.866,  0.400,1,0,247, 25.000, 14.525,  0.000,-23.077, 13.525, 13.800,  0.000, 14.825, 13.561,  1.264,  0.800,  0.935,  0.800,0.00000,  0.000,
mon_rep231013,2023-10-13T10:48:29,601.266,  0.400,1,0,247, 25.000, 14.525,  0.000,-23.077, 13.525, 13.800,  0.000, 14.825, 13.561,  1.264,  0.800,  0.935,  0.800,0.00000,  0.000,
mon_rep231013,2023-10-13T10:48:29,601.666,  0.400,1,0,247, 25.000, 14.525,  0.000,-23.077, 13.525, 13.800,  0.000, 14.825, 13.561,  1.264,  0.800,  0.935,  0.800,0.00000,  0.000,
mon_rep231013,2023-10-13T10:48:30,602.066,  0.400,1,0,247, 25.000, 14.525,  0.000,-23.077, 13.525, 13.800,  0.000, 14.825, 13.561,  1.264,  0.800,  0.935,  0.800,0.00000,  0.000,
mon_rep231013,2023-10-13T10:48:30,602.466,  0.400,1,0,247, 25.000, 14.525,  0.000,-23.077, 13.525, 13.800,  0.000, 14.825, 13.561,  1.264,  0.800,  0.935,  0.800,0.00000,  0.000,
mon_rep231013,2023-10-13T10:48:30,602.866,  0.400,1,0,247, 25.000, 14.525,  0.000,-23.077, 13.525, 13.800,  0.000, 14.825, 13.561,  1.264,  0.800,  0.935,  0.800,0.00000,  0.000,
mon_rep231013,2023-10-13T10:48:31,603.266,  0.400,1,0,247, 25.000, 14.525,  0.000,-23.077, 13.525, 13.800,  0.000, 14.825, 13.561,  1.264,  0.800,  0.936,  0.800,0.00000,  0.000,
mon_rep231013,2023-10-13T10:48:31,603.666,  0.400,1,0,247, 25.000, 14.525,  0.000,-23.077, 13.525, 13.800,  0.000, 14.825, 13.561,  1.264,  0.800,  0.936,  0.800,0.00000,  0.000,
mon_rep231013,2023-10-13T10:48:32,604.066,  0.400,1,0,247, 25.000, 14.525,  0.000,-23.077, 13.525, 13.800,  0.000, 14.825, 13.561,  1.264,  0.800,  0.936,  0.800,0.00000,  0.000,
mon_rep231013,2023-10-13T10:48:32,604.466,  0.400,1,0,247, 25.000, 14.525,  0.000,-23.077, 13.525, 13.800,  0.000, 14.825, 13.561,  1.264,  0.800,  0.936,  0.800,0.00000,  0.000,
mon_rep231013,2023-10-13T10:48:32,604.866,  0.400,1,0,247, 25.000, 14.525,  0.000,-23.077, 13.525, 13.800,  0.000, 14.825, 13.561,  1.264,  0.800,  0.936,  0.800,0.00000,  0.000,
mon_rep231013,2023-10-13T10:48:33,605.266,  0.400,1,0,247, 25.000, 14.525,  0.000,-23.077, 13.525, 13.800,  0.000, 14.825, 13.561,  1.264,  0.800,  0.937,  0.800,0.00000,  0.000,
mon_rep231013,2023-10-13T10:48:33,605.666,  0.400,1,0,247, 25.000, 14.525,  0.000,-23.077, 13.525, 13.800,  0.000, 14.825, 13.561,  1.264,  0.800,  0.937,  0.800,0.00000,  0.000,
mon_rep231013,2023-10-13T10:48:34,606.066,  0.400,1,0,247, 25.000, 14.525,  0.000,-23.077, 13.525, 13.800,  0.000, 14.825, 13.561,  1.264,  0.800,  0.937,  0.800,0.00000,  0.000,
mon_rep231013,2023-10-13T10:48:34,606.466,  0.400,1,0,247, 25.000, 14.525,  0.000,-23.077, 13.525, 13.800,  0.000, 14.825, 13.561,  1.264,  0.800,  0.937,  0.800,0.00000,  0.000,
mon_rep231013,2023-10-13T10:48:34,606.866,  0.400,1,0,247, 25.000, 14.525,  0.000,-23.077, 13.525, 13.800,  0.000, 14.825, 13.561,  1.264,  0.800,  0.937,  0.800,0.00000,  0.000,
mon_rep231013,2023-10-13T10:48:35,607.266,  0.400,1,0,247, 25.000, 14.525,  0.000,-23.077, 13.525, 13.800,  0.000, 14.825, 13.561,  1.264,  0.800,  0.937,  0.800,0.00000,  0.000,
mon_rep231013,2023-10-13T10:48:35,607.666,  0.400,1,0,247, 25.000, 14.525,  0.000,-23.077, 13.525, 13.800,  0.000, 14.825, 13.561,  1.264,  0.800,  0.937,  0.800,0.00000,  0.000,
mon_rep231013,2023-10-13T10:48:36,608.066,  0.400,1,0,247, 25.000, 14.525,  0.000,-23.077, 13.525, 13.800,  0.000, 14.825, 13.561,  1.264,  0.800,  0.937,  0.800,0.00000,  0.000,
mon_rep231013,2023-10-13T10:48:36,608.466,  0.400,1,0,247, 25.000, 14.525,  0.000,-23.077, 13.525, 13.800,  0.000, 14.825, 13.561,  1.264,  0.800,  0.937,  0.800,0.00000,  0.000,
mon_rep231013,2023-10-13T10:48:36,608.866,  0.400,1,0,247, 25.000, 14.525,  0.000,-23.077, 13.525, 13.800,  0.000, 14.825, 13.561,  1.264,  0.800,  0.937,  0.800,0.00000,  0.000,
mon_rep231013,2023-10-13T10:48:37,609.266,  0.400,1,0,247, 25.000, 14.525,  0.000,-23.077, 13.525, 13.800,  0.000, 14.825, 13.561,  1.264,  0.800,  0.938,  0.800,0.00000,  0.000,
mon_rep231013,2023-10-13T10:48:37,609.666,  0.400,1,0,247, 25.000, 14.525,  0.000,-23.077, 13.525, 13.800,  0.000, 14.825, 13.561,  1.264,  0.800,  0.938,  0.800,0.00000,  0.000,
mon_rep231013,2023-10-13T10:48:38,610.066,  0.400,1,0,247, 25.000, 14.525,  0.000,-23.077, 13.525, 13.800,  0.000, 14.825, 13.561,  1.264,  0.800,  0.938,  0.800,0.00000,  0.000,
mon_rep231013,2023-10-13T10:48:38,610.466,  0.400,1,0,247, 25.000, 14.525,  0.000,-23.077, 13.525, 13.800,  0.000, 14.825, 13.561,  1.264,  0.800,  0.938,  0.800,0.00000,  0.000,
mon_rep231013,2023-10-13T10:48:38,610.866,  0.400,1,0,247, 25.000, 14.525,  0.000,-23.077, 13.525, 13.800,  0.000, 14.825, 13.561,  1.264,  0.800,  0.938,  0.800,0.00000,  0.000,
mon_rep231013,2023-10-13T10:48:39,611.266,  0.400,1,0,247, 25.000, 14.525,  0.000,-23.077, 13.525, 13.800,  0.000, 14.825, 13.561,  1.264,  0.800,  0.938,  0.800,0.00000,  0.000,
mon_rep231013,2023-10-13T10:48:39,611.666,  0.400,1,0,247, 25.000, 14.525,  0.000,-23.077, 13.525, 13.800,  0.000, 14.825, 13.561,  1.264,  0.800,  0.938,  0.800,0.00000,  0.000,
mon_rep231013,2023-10-13T10:48:40,612.066,  0.400,1,0,247, 25.000, 14.525,  0.000,-23.077, 13.525, 13.800,  0.000, 14.825, 13.561,  1.264,  0.800,  0.938,  0.800,0.00000,  0.000,
mon_rep231013,2023-10-13T10:48:40,612.466,  0.400,1,0,247, 25.000, 14.525,  0.000,-23.077, 13.525, 13.800,  0.000, 14.825, 13.561,  1.264,  0.800,  0.938,  0.800,0.00000,  0.000,
mon_rep231013,2023-10-13T10:48:40,612.866,  0.400,1,0,247, 25.000, 14.525,  0.000,-23.077, 13.525, 13.800,  0.000, 14.825, 13.561,  1.264,  0.800,  0.938,  0.800,0.00000,  0.000,
mon_rep231013,2023-10-13T10:48:41,613.266,  0.400,1,0,247, 25.000, 14.525,  0.000,-23.077, 13.525, 13.800,  0.000, 14.825, 13.561,  1.264,  0.800,  0.939,  0.800,0.00000,  0.000,
mon_rep231013,2023-10-13T10:48:41,613.666,  0.400,1,0,247, 25.000, 14.525,  0.000,-23.077, 13.525, 13.800,  0.000, 14.825, 13.561,  1.264,  0.800,  0.939,  0.800,0.00000,  0.000,
mon_rep231013,2023-10-13T10:48:42,614.066,  0.400,1,0,247, 25.000, 14.525,  0.000,-23.077, 13.525, 13.800,  0.000, 14.825, 13.561,  1.264,  0.800,  0.939,  0.800,0.00000,  0.000,
mon_rep231013,2023-10-13T10:48:42,614.466,  0.400,1,0,247, 25.000, 14.525,  0.000,-23.077, 13.525, 13.800,  0.000, 14.825, 13.561,  1.264,  0.800,  0.939,  0.800,0.00000,  0.000,
mon_rep231013,2023-10-13T10:48:42,614.866,  0.400,1,0,247, 25.000, 14.525,  0.000,-23.077, 13.525, 13.800,  0.000, 14.825, 13.561,  1.264,  0.800,  0.939,  0.800,0.00000,  0.000,
mon_rep231013,2023-10-13T10:48:43,615.266,  0.400,1,0,247, 25.000, 14.525,  0.000,-23.077, 13.525, 13.800,  0.000, 14.825, 13.561,  1.264,  0.800,  0.939,  0.800,0.00000,  0.000,
mon_rep231013,2023-10-13T10:48:43,615.666,  0.400,1,0,247, 25.000, 14.525,  0.000,-23.077, 13.525, 13.800,  0.000, 14.825, 13.561,  1.264,  0.800,  0.939,  0.800,0.00000,  0.000,
mon_rep231013,2023-10-13T10:48:44,616.066,  0.400,1,0,247, 25.000, 14.525,  0.000,-23.077, 13.525, 13.800,  0.000, 14.825, 13.561,  1.264,  0.800,  0.939,  0.800,0.00000,  0.000,
mon_rep231013,2023-10-13T10:48:44,616.466,  0.400,1,0,247, 25.000, 14.525,  0.000,-23.077, 13.525, 13.800,  0.000, 14.825, 13.561,  1.264,  0.800,  0.939,  0.800,0.00000,  0.000,
mon_rep231013,2023-10-13T10:48:44,616.866,  0.400,1,0,247, 25.000, 14.525,  0.000,-23.077, 13.525, 13.800,  0.000, 14.825, 13.561,  1.264,  0.800,  0.939,  0.800,0.00000,  0.000,
mon_rep231013,2023-10-13T10:48:45,617.266,  0.400,1,0,247, 25.000, 14.525,  0.000,-23.077, 13.525, 13.800,  0.000, 14.825, 13.562,  1.263,  0.800,  0.940,  0.800,0.00000,  0.000,
mon_rep231013,2023-10-13T10:48:45,617.666,  0.400,1,0,247, 25.000, 14.525,  0.000,-23.077, 13.525, 13.800,  0.000, 14.825, 13.562,  1.263,  0.800,  0.940,  0.800,0.00000,  0.000,
mon_rep231013,2023-10-13T10:48:46,618.066,  0.400,1,0,247, 25.000, 14.525,  0.000,-23.077, 13.525, 13.800,  0.000, 14.825, 13.562,  1.263,  0.800,  0.940,  0.800,0.00000,  0.000,
mon_rep231013,2023-10-13T10:48:46,618.466,  0.400,1,0,247, 25.000, 14.525,  0.000,-23.077, 13.525, 13.800,  0.000, 14.825, 13.562,  1.263,  0.800,  0.940,  0.800,0.00000,  0.000,
mon_rep231013,2023-10-13T10:48:46,618.866,  0.400,1,0,247, 25.000, 14.525,  0.000,-23.077, 13.525, 13.800,  0.000, 14.825, 13.562,  1.263,  0.800,  0.940,  0.800,0.00000,  0.000,
mon_rep231013,2023-10-13T10:48:47,619.266,  0.400,1,0,247, 25.000, 14.525,  0.000,-23.077, 13.525, 13.800,  0.000, 14.825, 13.562,  1.263,  0.800,  0.941,  0.800,0.00000,  0.000,
mon_rep231013,2023-10-13T10:48:47,619.666,  0.400,1,0,247, 25.000, 14.525,  0.000,-23.077, 13.525, 13.800,  0.000, 14.825, 13.562,  1.263,  0.800,  0.941,  0.800,0.00000,  0.000,
mon_rep231013,2023-10-13T10:48:48,620.066,  0.400,1,0,247, 25.000, 14.525,  0.000,-23.077, 13.525, 13.800,  0.000, 14.825, 13.562,  1.263,  0.800,  0.941,  0.800,0.00000,  0.000,
mon_rep231013,2023-10-13T10:48:48,620.466,  0.400,1,0,247, 25.000, 14.525,  0.000,-23.077, 13.525, 13.800,  0.000, 14.825, 13.562,  1.263,  0.800,  0.941,  0.800,0.00000,  0.000,
mon_rep231013,2023-10-13T10:48:48,620.866,  0.400,1,0,247, 25.000, 14.525,  0.000,-23.077, 13.525, 13.800,  0.000, 14.825, 13.562,  1.263,  0.800,  0.941,  0.800,0.00000,  0.000,
mon_rep231013,2023-10-13T10:48:49,621.266,  0.400,1,0,247, 25.000, 14.525,  0.000,-23.077, 13.525, 13.800,  0.000, 14.825, 13.562,  1.263,  0.800,  0.941,  0.800,0.00000,  0.000,
mon_rep231013,2023-10-13T10:48:49,621.666,  0.400,1,0,247, 25.000, 14.525,  0.000,-23.077, 13.525, 13.800,  0.000, 14.825, 13.562,  1.263,  0.800,  0.941,  0.800,0.00000,  0.000,
mon_rep231013,2023-10-13T10:48:50,622.066,  0.400,1,0,247, 25.000, 14.525,  0.000,-23.077, 13.525, 13.800,  0.000, 14.825, 13.562,  1.263,  0.800,  0.941,  0.800,0.00000,  0.000,
mon_rep231013,2023-10-13T10:48:50,622.466,  0.400,1,0,247, 25.000, 14.525,  0.000,-23.077, 13.525, 13.800,  0.000, 14.825, 13.562,  1.263,  0.800,  0.941,  0.800,0.00000,  0.000,
mon_rep231013,2023-10-13T10:48:50,622.866,  0.400,1,0,247, 25.000, 14.525,  0.000,-23.077, 13.525, 13.800,  0.000, 14.825, 13.562,  1.263,  0.800,  0.941,  0.800,0.00000,  0.000,
mon_rep231013,2023-10-13T10:48:51,623.266,  0.400,1,0,247, 25.000, 14.525,  0.000,-23.077, 13.525, 13.800,  0.000, 14.825, 13.562,  1.263,  0.800,  0.942,  0.800,0.00000,  0.000,
mon_rep231013,2023-10-13T10:48:51,623.666,  0.400,1,0,247, 25.000, 14.525,  0.000,-23.077, 13.525, 13.800,  0.000, 14.825, 13.562,  1.263,  0.800,  0.942,  0.800,0.00000,  0.000,
mon_rep231013,2023-10-13T10:48:52,624.066,  0.400,1,0,247, 25.000, 14.525,  0.000,-23.077, 13.525, 13.800,  0.000, 14.825, 13.562,  1.263,  0.800,  0.942,  0.800,0.00000,  0.000,
mon_rep231013,2023-10-13T10:48:52,624.466,  0.400,1,0,247, 25.000, 14.525,  0.000,-23.077, 13.525, 13.800,  0.000, 14.825, 13.562,  1.263,  0.800,  0.942,  0.800,0.00000,  0.000,
mon_rep231013,2023-10-13T10:48:52,624.866,  0.400,1,0,247, 25.000, 14.525,  0.000,-23.077, 13.525, 13.800,  0.000, 14.825, 13.562,  1.263,  0.800,  0.942,  0.800,0.00000,  0.000,
mon_rep231013,2023-10-13T10:48:53,625.266,  0.400,1,0,247, 25.000, 14.525,  0.000,-23.077, 13.525, 13.800,  0.000, 14.825, 13.562,  1.263,  0.800,  0.942,  0.800,0.00000,  0.000,
mon_rep231013,2023-10-13T10:48:53,625.666,  0.400,1,0,247, 25.000, 14.525,  0.000,-23.077, 13.525, 13.800,  0.000, 14.825, 13.562,  1.263,  0.800,  0.942,  0.800,0.00000,  0.000,
mon_rep231013,2023-10-13T10:48:54,626.066,  0.400,1,0,247, 25.000, 14.525,  0.000,-23.077, 13.525, 13.800,  0.000, 14.825, 13.562,  1.263,  0.800,  0.942,  0.800,0.00000,  0.000,
mon_rep231013,2023-10-13T10:48:54,626.466,  0.400,1,0,247, 25.000, 14.525,  0.000,-23.077, 13.525, 13.800,  0.000, 14.825, 13.562,  1.263,  0.800,  0.942,  0.800,0.00000,  0.000,
mon_rep231013,2023-10-13T10:48:54,626.866,  0.400,1,0,247, 25.000, 14.525,  0.000,-23.077, 13.525, 13.800,  0.000, 14.825, 13.562,  1.263,  0.800,  0.942,  0.800,0.00000,  0.000,
mon_rep231013,2023-10-13T10:48:55,627.266,  0.400,1,0,247, 25.000, 14.525,  0.000,-23.077, 13.525, 13.800,  0.000, 14.825, 13.562,  1.263,  0.800,  0.943,  0.800,0.00000,  0.000,
mon_rep231013,2023-10-13T10:48:55,627.666,  0.400,1,0,247, 25.000, 14.525,  0.000,-23.077, 13.525, 13.800,  0.000, 14.825, 13.562,  1.263,  0.800,  0.943,  0.800,0.00000,  0.000,
mon_rep231013,2023-10-13T10:48:56,628.066,  0.400,1,0,247, 25.000, 14.525,  0.000,-23.077, 13.525, 13.800,  0.000, 14.825, 13.562,  1.263,  0.800,  0.943,  0.800,0.00000,  0.000,
mon_rep231013,2023-10-13T10:48:56,628.466,  0.400,1,0,247, 25.000, 14.525,  0.000,-23.077, 13.525, 13.800,  0.000, 14.825, 13.562,  1.263,  0.800,  0.943,  0.800,0.00000,  0.000,
mon_rep231013,2023-10-13T10:48:56,628.866,  0.400,1,0,247, 25.000, 14.525,  0.000,-23.077, 13.525, 13.800,  0.000, 14.825, 13.562,  1.263,  0.800,  0.943,  0.800,0.00000,  0.000,
mon_rep231013,2023-10-13T10:48:57,629.266,  0.400,1,0,247, 25.000, 14.525,  0.000,-23.077, 13.525, 13.800,  0.000, 14.825, 13.562,  1.263,  0.800,  0.944,  0.800,0.00000,  0.000,
mon_rep231013,2023-10-13T10:48:57,629.666,  0.400,1,0,247, 25.000, 14.525,  0.000,-23.077, 13.525, 13.800,  0.000, 14.825, 13.562,  1.263,  0.800,  0.944,  0.800,0.00000,  0.000,
mon_rep231013,2023-10-13T10:48:58,630.066,  0.400,1,0,247, 25.000, 14.525,  0.000,-23.077, 13.525, 13.800,  0.000, 14.825, 13.562,  1.263,  0.800,  0.944,  0.800,0.00000,  0.000,
mon_rep231013,2023-10-13T10:48:58,630.466,  0.400,1,0,247, 25.000, 14.525,  0.000,-23.077, 13.525, 13.800,  0.000, 14.825, 13.562,  1.263,  0.800,  0.944,  0.800,0.00000,  0.000,
mon_rep231013,2023-10-13T10:48:58,630.866,  0.400,1,0,247, 25.000, 14.525,  0.000,-23.077, 13.525, 13.800,  0.000, 14.825, 13.562,  1.263,  0.800,  0.944,  0.800,0.00000,  0.000,
mon_rep231013,2023-10-13T10:48:59,631.266,  0.400,1,0,247, 25.000, 14.525,  0.000,-23.077, 13.525, 13.800,  0.000, 14.825, 13.562,  1.263,  0.800,  0.944,  0.800,0.00000,  0.000,
mon_rep231013,2023-10-13T10:48:59,631.666,  0.400,1,0,247, 25.000, 14.525,  0.000,-23.077, 13.525, 13.800,  0.000, 14.825, 13.562,  1.263,  0.800,  0.944,  0.800,0.00000,  0.000,
mon_rep231013,2023-10-13T10:49:00,632.066,  0.400,1,0,247, 25.000, 14.525,  0.000,-23.077, 13.525, 13.800,  0.000, 14.825, 13.562,  1.263,  0.800,  0.944,  0.800,0.00000,  0.000,
mon_rep231013,2023-10-13T10:49:00,632.466,  0.400,1,0,247, 25.000, 14.525,  0.000,-23.077, 13.525, 13.800,  0.000, 14.825, 13.562,  1.263,  0.800,  0.944,  0.800,0.00000,  0.000,
mon_rep231013,2023-10-13T10:49:00,632.866,  0.400,1,0,247, 25.000, 14.525,  0.000,-23.077, 13.525, 13.800,  0.000, 14.825, 13.562,  1.263,  0.800,  0.944,  0.800,0.00000,  0.000,
mon_rep231013,2023-10-13T10:49:01,633.266,  0.400,1,0,247, 25.000, 14.525,  0.000,-23.077, 13.525, 13.800,  0.000, 14.825, 13.562,  1.263,  0.800,  0.945,  0.800,0.00000,  0.000,
mon_rep231013,2023-10-13T10:49:01,633.666,  0.400,1,0,247, 25.000, 14.525,  0.000,-23.077, 13.525, 13.800,  0.000, 14.825, 13.562,  1.263,  0.800,  0.945,  0.800,0.00000,  0.000,
mon_rep231013,2023-10-13T10:49:02,634.066,  0.400,1,0,247, 25.000, 14.525,  0.000,-23.077, 13.525, 13.800,  0.000, 14.825, 13.562,  1.263,  0.800,  0.945,  0.800,0.00000,  0.000,
mon_rep231013,2023-10-13T10:49:02,634.466,  0.400,1,0,247, 25.000, 14.525,  0.000,-23.077, 13.525, 13.800,  0.000, 14.825, 13.562,  1.263,  0.800,  0.945,  0.800,0.00000,  0.000,
mon_rep231013,2023-10-13T10:49:02,634.866,  0.400,1,0,247, 25.000, 14.525,  0.000,-23.077, 13.525, 13.800,  0.000, 14.825, 13.562,  1.263,  0.800,  0.945,  0.800,0.00000,  0.000,
mon_rep231013,2023-10-13T10:49:03,635.266,  0.400,1,0,247, 25.000, 14.525,  0.000,-23.077, 13.525, 13.800,  0.000, 14.825, 13.562,  1.263,  0.800,  0.945,  0.800,0.00000,  0.000,
mon_rep231013,2023-10-13T10:49:03,635.666,  0.400,1,0,247, 25.000, 14.525,  0.000,-23.077, 13.525, 13.800,  0.000, 14.825, 13.562,  1.263,  0.800,  0.945,  0.800,0.00000,  0.000,
mon_rep231013,2023-10-13T10:49:04,636.066,  0.400,1,0,247, 25.000, 14.525,  0.000,-23.077, 13.525, 13.800,  0.000, 14.825, 13.562,  1.263,  0.800,  0.945,  0.800,0.00000,  0.000,
mon_rep231013,2023-10-13T10:49:04,636.466,  0.400,1,0,247, 25.000, 14.525,  0.000,-23.077, 13.525, 13.800,  0.000, 14.825, 13.562,  1.263,  0.800,  0.945,  0.800,0.00000,  0.000,
mon_rep231013,2023-10-13T10:49:04,636.866,  0.400,1,0,247, 25.000, 14.525,  0.000,-23.077, 13.525, 13.800,  0.000, 14.825, 13.562,  1.263,  0.800,  0.945,  0.800,0.00000,  0.000,
mon_rep231013,2023-10-13T10:49:05,637.266,  0.400,1,0,247, 25.000, 14.525,  0.000,-23.077, 13.525, 13.800,  0.000, 14.825, 13.563,  1.262,  0.800,  0.946,  0.800,0.00000,  0.000,
mon_rep231013,2023-10-13T10:49:05,637.666,  0.400,1,0,247, 25.000, 14.525,  0.000,-23.077, 13.525, 13.800,  0.000, 14.825, 13.563,  1.262,  0.800,  0.946,  0.800,0.00000,  0.000,
mon_rep231013,2023-10-13T10:49:06,638.066,  0.400,1,0,247, 25.000, 14.525,  0.000,-23.077, 13.525, 13.800,  0.000, 14.825, 13.563,  1.262,  0.800,  0.946,  0.800,0.00000,  0.000,
mon_rep231013,2023-10-13T10:49:06,638.466,  0.400,1,0,247, 25.000, 14.525,  0.000,-23.077, 13.525, 13.800,  0.000, 14.825, 13.563,  1.262,  0.800,  0.946,  0.800,0.00000,  0.000,
mon_rep231013,2023-10-13T10:49:06,638.866,  0.400,1,0,247, 25.000, 14.525,  0.000,-23.077, 13.525, 13.800,  0.000, 14.825, 13.563,  1.262,  0.800,  0.946,  0.800,0.00000,  0.000,
mon_rep231013,2023-10-13T10:49:07,639.266,  0.400,1,0,247, 25.000, 14.525,  0.000,-23.077, 13.525, 13.800,  0.000, 14.825, 13.563,  1.262,  0.800,  0.946,  0.800,0.00000,  0.000,
mon_rep231013,2023-10-13T10:49:07,639.666,  0.400,1,0,247, 25.000, 14.525,  0.000,-23.077, 13.525, 13.800,  0.000, 14.825, 13.563,  1.262,  0.800,  0.946,  0.800,0.00000,  0.000,
mon_rep231013,2023-10-13T10:49:08,640.066,  0.400,1,0,247, 25.000, 14.525,  0.000,-23.077, 13.525, 13.800,  0.000, 14.825, 13.563,  1.262,  0.800,  0.946,  0.800,0.00000,  0.000,
mon_rep231013,2023-10-13T10:49:08,640.466,  0.400,1,0,247, 25.000, 14.525,  0.000,-23.077, 13.525, 13.800,  0.000, 14.825, 13.563,  1.262,  0.800,  0.946,  0.800,0.00000,  0.000,
mon_rep231013,2023-10-13T10:49:08,640.866,  0.400,1,0,247, 25.000, 14.525,  0.000,-23.077, 13.525, 13.800,  0.000, 14.825, 13.563,  1.262,  0.800,  0.946,  0.800,0.00000,  0.000,
mon_rep231013,2023-10-13T10:49:09,641.266,  0.400,1,0,247, 25.000, 14.525,  0.000,-23.077, 13.525, 13.800,  0.000, 14.825, 13.563,  1.262,  0.800,  0.947,  0.800,0.00000,  0.000,
mon_rep231013,2023-10-13T10:49:09,641.666,  0.400,1,0,247, 25.000, 14.525,  0.000,-23.077, 13.525, 13.800,  0.000, 14.825, 13.563,  1.262,  0.800,  0.947,  0.800,0.00000,  0.000,
mon_rep231013,2023-10-13T10:49:10,642.066,  0.400,1,0,247, 25.000, 14.525,  0.000,-23.077, 13.525, 13.800,  0.000, 14.825, 13.563,  1.262,  0.800,  0.947,  0.800,0.00000,  0.000,
mon_rep231013,2023-10-13T10:49:10,642.466,  0.400,1,0,247, 25.000, 14.525,  0.000,-23.077, 13.525, 13.800,  0.000, 14.825, 13.563,  1.262,  0.800,  0.947,  0.800,0.00000,  0.000,
mon_rep231013,2023-10-13T10:49:10,642.866,  0.400,1,0,247, 25.000, 14.525,  0.000,-23.077, 13.525, 13.800,  0.000, 14.825, 13.563,  1.262,  0.800,  0.947,  0.800,0.00000,  0.000,
mon_rep231013,2023-10-13T10:49:11,643.266,  0.400,1,0,247, 25.000, 14.525,  0.000,-23.077, 13.525, 13.800,  0.000, 14.825, 13.563,  1.262,  0.800,  0.948,  0.800,0.00000,  0.000,
mon_rep231013,2023-10-13T10:49:11,643.666,  0.400,1,0,247, 25.000, 14.525,  0.000,-23.077, 13.525, 13.800,  0.000, 14.825, 13.563,  1.262,  0.800,  0.948,  0.800,0.00000,  0.000,
mon_rep231013,2023-10-13T10:49:12,644.066,  0.400,1,0,247, 25.000, 14.525,  0.000,-23.077, 13.525, 13.800,  0.000, 14.825, 13.563,  1.262,  0.800,  0.948,  0.800,0.00000,  0.000,
mon_rep231013,2023-10-13T10:49:12,644.466,  0.400,1,0,247, 25.000, 14.525,  0.000,-23.077, 13.525, 13.800,  0.000, 14.825, 13.563,  1.262,  0.800,  0.948,  0.800,0.00000,  0.000,
mon_rep231013,2023-10-13T10:49:12,644.866,  0.400,1,0,247, 25.000, 14.525,  0.000,-23.077, 13.525, 13.800,  0.000, 14.825, 13.563,  1.262,  0.800,  0.948,  0.800,0.00000,  0.000,
mon_rep231013,2023-10-13T10:49:13,645.266,  0.400,1,0,247, 25.000, 14.525,  0.000,-23.077, 13.525, 13.800,  0.000, 14.825, 13.563,  1.262,  0.800,  0.948,  0.800,0.00000,  0.000,
mon_rep231013,2023-10-13T10:49:13,645.666,  0.400,1,0,247, 25.000, 14.525,  0.000,-23.077, 13.525, 13.800,  0.000, 14.825, 13.563,  1.262,  0.800,  0.948,  0.800,0.00000,  0.000,
mon_rep231013,2023-10-13T10:49:14,646.066,  0.400,1,0,247, 25.000, 14.525,  0.000,-23.077, 13.525, 13.800,  0.000, 14.825, 13.563,  1.262,  0.800,  0.948,  0.800,0.00000,  0.000,
mon_rep231013,2023-10-13T10:49:14,646.466,  0.400,1,0,247, 25.000, 14.525,  0.000,-23.077, 13.525, 13.800,  0.000, 14.825, 13.563,  1.262,  0.800,  0.948,  0.800,0.00000,  0.000,
mon_rep231013,2023-10-13T10:49:14,646.866,  0.400,1,0,247, 25.000, 14.525,  0.000,-23.077, 13.525, 13.800,  0.000, 14.825, 13.563,  1.262,  0.800,  0.948,  0.800,0.00000,  0.000,
mon_rep231013,2023-10-13T10:49:15,647.266,  0.400,1,0,247, 25.000, 14.525,  0.000,-23.077, 13.525, 13.800,  0.000, 14.825, 13.563,  1.262,  0.800,  0.949,  0.800,0.00000,  0.000,
mon_rep231013,2023-10-13T10:49:15,647.666,  0.400,1,0,247, 25.000, 14.525,  0.000,-23.077, 13.525, 13.800,  0.000, 14.825, 13.563,  1.262,  0.800,  0.949,  0.800,0.00000,  0.000,
mon_rep231013,2023-10-13T10:49:16,648.066,  0.400,1,0,247, 25.000, 14.525,  0.000,-23.077, 13.525, 13.800,  0.000, 14.825, 13.563,  1.262,  0.800,  0.949,  0.800,0.00000,  0.000,
mon_rep231013,2023-10-13T10:49:16,648.466,  0.400,1,0,247, 25.000, 14.525,  0.000,-23.077, 13.525, 13.800,  0.000, 14.825, 13.563,  1.262,  0.800,  0.949,  0.800,0.00000,  0.000,
mon_rep231013,2023-10-13T10:49:16,648.866,  0.400,1,0,247, 25.000, 14.525,  0.000,-23.077, 13.525, 13.800,  0.000, 14.825, 13.563,  1.262,  0.800,  0.949,  0.800,0.00000,  0.000,
mon_rep231013,2023-10-13T10:49:17,649.266,  0.400,1,0,247, 25.000, 14.525,  0.000,-23.077, 13.525, 13.800,  0.000, 14.825, 13.563,  1.262,  0.800,  0.949,  0.800,0.00000,  0.000,
mon_rep231013,2023-10-13T10:49:17,649.666,  0.400,1,0,247, 25.000, 14.525,  0.000,-23.077, 13.525, 13.800,  0.000, 14.825, 13.563,  1.262,  0.800,  0.949,  0.800,0.00000,  0.000,
mon_rep231013,2023-10-13T10:49:18,650.066,  0.400,1,0,247, 25.000, 14.525,  0.000,-23.077, 13.525, 13.800,  0.000, 14.825, 13.563,  1.262,  0.800,  0.949,  0.800,0.00000,  0.000,
mon_rep231013,2023-10-13T10:49:18,650.466,  0.400,1,0,247, 25.000, 14.525,  0.000,-23.077, 13.525, 13.800,  0.000, 14.825, 13.563,  1.262,  0.800,  0.949,  0.800,0.00000,  0.000,
mon_rep231013,2023-10-13T10:49:18,650.866,  0.400,1,0,247, 25.000, 14.525,  0.000,-23.077, 13.525, 13.800,  0.000, 14.825, 13.563,  1.262,  0.800,  0.949,  0.800,0.00000,  0.000,
mon_rep231013,2023-10-13T10:49:19,651.266,  0.400,1,0,247, 25.000, 14.525,  0.000,-23.077, 13.525, 13.800,  0.000, 14.825, 13.563,  1.262,  0.800,  0.950,  0.800,0.00000,  0.000,
mon_rep231013,2023-10-13T10:49:19,651.666,  0.400,1,0,247, 25.000, 14.525,  0.000,-23.077, 13.525, 13.800,  0.000, 14.825, 13.563,  1.262,  0.800,  0.950,  0.800,0.00000,  0.000,
mon_rep231013,2023-10-13T10:49:20,652.066,  0.400,1,0,247, 25.000, 14.525,  0.000,-23.077, 13.525, 13.800,  0.000, 14.825, 13.563,  1.262,  0.800,  0.950,  0.800,0.00000,  0.000,
mon_rep231013,2023-10-13T10:49:20,652.466,  0.400,1,0,247, 25.000, 14.525,  0.000,-23.077, 13.525, 13.800,  0.000, 14.825, 13.563,  1.262,  0.800,  0.950,  0.800,0.00000,  0.000,
mon_rep231013,2023-10-13T10:49:20,652.866,  0.400,1,0,247, 25.000, 14.525,  0.000,-23.077, 13.525, 13.800,  0.000, 14.825, 13.563,  1.262,  0.800,  0.950,  0.800,0.00000,  0.000,
mon_rep231013,2023-10-13T10:49:21,653.266,  0.400,1,0,247, 25.000, 14.525,  0.000,-23.077, 13.525, 13.800,  0.000, 14.825, 13.563,  1.262,  0.800,  0.951,  0.800,0.00000,  0.000,
mon_rep231013,2023-10-13T10:49:21,653.666,  0.400,1,0,247, 25.000, 14.525,  0.000,-23.077, 13.525, 13.800,  0.000, 14.825, 13.563,  1.262,  0.800,  0.951,  0.800,0.00000,  0.000,
mon_rep231013,2023-10-13T10:49:22,654.066,  0.400,1,0,247, 25.000, 14.525,  0.000,-23.077, 13.525, 13.800,  0.000, 14.825, 13.563,  1.262,  0.800,  0.951,  0.800,0.00000,  0.000,
mon_rep231013,2023-10-13T10:49:22,654.466,  0.400,1,0,247, 25.000, 14.525,  0.000,-23.077, 13.525, 13.800,  0.000, 14.825, 13.563,  1.262,  0.800,  0.951,  0.800,0.00000,  0.000,
mon_rep231013,2023-10-13T10:49:22,654.866,  0.400,1,0,247, 25.000, 14.525,  0.000,-23.077, 13.525, 13.800,  0.000, 14.825, 13.563,  1.262,  0.800,  0.951,  0.800,0.00000,  0.000,
mon_rep231013,2023-10-13T10:49:23,655.266,  0.400,1,0,247, 25.000, 14.525,  0.000,-23.077, 13.525, 13.800,  0.000, 14.825, 13.563,  1.262,  0.800,  0.951,  0.800,0.00000,  0.000,
mon_rep231013,2023-10-13T10:49:23,655.666,  0.400,1,0,247, 25.000, 14.525,  0.000,-23.077, 13.525, 13.800,  0.000, 14.825, 13.563,  1.262,  0.800,  0.951,  0.800,0.00000,  0.000,
mon_rep231013,2023-10-13T10:49:24,656.066,  0.400,1,0,247, 25.000, 14.525,  0.000,-23.077, 13.525, 13.800,  0.000, 14.825, 13.563,  1.262,  0.800,  0.951,  0.800,0.00000,  0.000,
mon_rep231013,2023-10-13T10:49:24,656.466,  0.400,1,0,247, 25.000, 14.525,  0.000,-23.077, 13.525, 13.800,  0.000, 14.825, 13.563,  1.262,  0.800,  0.951,  0.800,0.00000,  0.000,
mon_rep231013,2023-10-13T10:49:24,656.866,  0.400,1,0,247, 25.000, 14.525,  0.000,-23.077, 13.525, 13.800,  0.000, 14.825, 13.563,  1.262,  0.800,  0.951,  0.800,0.00000,  0.000,
mon_rep231013,2023-10-13T10:49:25,657.266,  0.400,1,0,247, 25.000, 14.525,  0.000,-23.077, 13.525, 13.800,  0.000, 14.825, 13.564,  1.261,  0.800,  0.952,  0.800,0.00000,  0.000,
mon_rep231013,2023-10-13T10:49:25,657.666,  0.400,1,0,247, 25.000, 14.525,  0.000,-23.077, 13.525, 13.800,  0.000, 14.825, 13.564,  1.261,  0.800,  0.952,  0.800,0.00000,  0.000,
mon_rep231013,2023-10-13T10:49:26,658.066,  0.400,1,0,247, 25.000, 14.525,  0.000,-23.077, 13.525, 13.800,  0.000, 14.825, 13.564,  1.261,  0.800,  0.952,  0.800,0.00000,  0.000,
mon_rep231013,2023-10-13T10:49:26,658.466,  0.400,1,0,247, 25.000, 14.525,  0.000,-23.077, 13.525, 13.800,  0.000, 14.825, 13.564,  1.261,  0.800,  0.952,  0.800,0.00000,  0.000,
mon_rep231013,2023-10-13T10:49:26,658.866,  0.400,1,0,247, 25.000, 14.525,  0.000,-23.077, 13.525, 13.800,  0.000, 14.825, 13.564,  1.261,  0.800,  0.952,  0.800,0.00000,  0.000,
mon_rep231013,2023-10-13T10:49:27,659.266,  0.400,1,0,247, 25.000, 14.525,  0.000,-23.077, 13.525, 13.800,  0.000, 14.825, 13.564,  1.261,  0.800,  0.953,  0.800,0.00000,  0.000,
mon_rep231013,2023-10-13T10:49:27,659.666,  0.400,1,0,247, 25.000, 14.525,  0.000,-23.077, 13.525, 13.800,  0.000, 14.825, 13.564,  1.261,  0.800,  0.953,  0.800,0.00000,  0.000,
mon_rep231013,2023-10-13T10:49:28,660.066,  0.400,1,0,247, 25.000, 14.525,  0.000,-23.077, 13.525, 13.800,  0.000, 14.825, 13.564,  1.261,  0.800,  0.953,  0.800,0.00000,  0.000,
mon_rep231013,2023-10-13T10:49:28,660.466,  0.400,1,0,247, 25.000, 14.525,  0.000,-23.077, 13.525, 13.800,  0.000, 14.825, 13.564,  1.261,  0.800,  0.953,  0.800,0.00000,  0.000,
mon_rep231013,2023-10-13T10:49:28,660.866,  0.400,1,0,247, 25.000, 14.525,  0.000,-23.077, 13.525, 13.800,  0.000, 14.825, 13.564,  1.261,  0.800,  0.953,  0.800,0.00000,  0.000,
mon_rep231013,2023-10-13T10:49:29,661.266,  0.400,1,0,247, 25.000, 14.525,  0.000,-23.077, 13.525, 13.800,  0.000, 14.825, 13.564,  1.261,  0.800,  0.953,  0.800,0.00000,  0.000,
mon_rep231013,2023-10-13T10:49:29,661.666,  0.400,1,0,247, 25.000, 14.525,  0.000,-23.077, 13.525, 13.800,  0.000, 14.825, 13.564,  1.261,  0.800,  0.953,  0.800,0.00000,  0.000,
mon_rep231013,2023-10-13T10:49:30,662.066,  0.400,1,0,247, 25.000, 14.525,  0.000,-23.077, 13.525, 13.800,  0.000, 14.825, 13.564,  1.261,  0.800,  0.953,  0.800,0.00000,  0.000,
mon_rep231013,2023-10-13T10:49:30,662.466,  0.400,1,0,247, 25.000, 14.525,  0.000,-23.077, 13.525, 13.800,  0.000, 14.825, 13.564,  1.261,  0.800,  0.953,  0.800,0.00000,  0.000,
mon_rep231013,2023-10-13T10:49:30,662.866,  0.400,1,0,247, 25.000, 14.525,  0.000,-23.077, 13.525, 13.800,  0.000, 14.825, 13.564,  1.261,  0.800,  0.953,  0.800,0.00000,  0.000,
mon_rep231013,2023-10-13T10:49:31,663.266,  0.400,1,0,247, 25.000, 14.525,  0.000,-23.077, 13.525, 13.800,  0.000, 14.825, 13.564,  1.261,  0.800,  0.954,  0.800,0.00000,  0.000,
mon_rep231013,2023-10-13T10:49:31,663.666,  0.400,1,0,247, 25.000, 14.525,  0.000,-23.077, 13.525, 13.800,  0.000, 14.825, 13.564,  1.261,  0.800,  0.954,  0.800,0.00000,  0.000,
mon_rep231013,2023-10-13T10:49:32,664.066,  0.400,1,0,247, 25.000, 14.525,  0.000,-23.077, 13.525, 13.800,  0.000, 14.825, 13.564,  1.261,  0.800,  0.954,  0.800,0.00000,  0.000,
mon_rep231013,2023-10-13T10:49:32,664.466,  0.400,1,0,247, 25.000, 14.525,  0.000,-23.077, 13.525, 13.800,  0.000, 14.825, 13.564,  1.261,  0.800,  0.954,  0.800,0.00000,  0.000,
mon_rep231013,2023-10-13T10:49:32,664.866,  0.400,1,0,247, 25.000, 14.525,  0.000,-23.077, 13.525, 13.800,  0.000, 14.825, 13.564,  1.261,  0.800,  0.954,  0.800,0.00000,  0.000,
mon_rep231013,2023-10-13T10:49:33,665.266,  0.400,1,0,247, 25.000, 14.525,  0.000,-23.077, 13.525, 13.800,  0.000, 14.825, 13.564,  1.261,  0.800,  0.954,  0.800,0.00000,  0.000,
mon_rep231013,2023-10-13T10:49:33,665.666,  0.400,1,0,247, 25.000, 14.525,  0.000,-23.077, 13.525, 13.800,  0.000, 14.825, 13.564,  1.261,  0.800,  0.954,  0.800,0.00000,  0.000,
mon_rep231013,2023-10-13T10:49:34,666.066,  0.400,1,0,247, 25.000, 14.525,  0.000,-23.077, 13.525, 13.800,  0.000, 14.825, 13.564,  1.261,  0.800,  0.954,  0.800,0.00000,  0.000,
mon_rep231013,2023-10-13T10:49:34,666.466,  0.400,1,0,247, 25.000, 14.525,  0.000,-23.077, 13.525, 13.800,  0.000, 14.825, 13.564,  1.261,  0.800,  0.954,  0.800,0.00000,  0.000,
mon_rep231013,2023-10-13T10:49:34,666.866,  0.400,1,0,247, 25.000, 14.525,  0.000,-23.077, 13.525, 13.800,  0.000, 14.825, 13.564,  1.261,  0.800,  0.954,  0.800,0.00000,  0.000,
mon_rep231013,2023-10-13T10:49:35,667.266,  0.400,1,0,247, 25.000, 14.525,  0.000,-23.077, 13.525, 13.800,  0.000, 14.825, 13.564,  1.261,  0.800,  0.955,  0.800,0.00000,  0.000,
mon_rep231013,2023-10-13T10:49:35,667.666,  0.400,1,0,247, 25.000, 14.525,  0.000,-23.077, 13.525, 13.800,  0.000, 14.825, 13.564,  1.261,  0.800,  0.955,  0.800,0.00000,  0.000,
mon_rep231013,2023-10-13T10:49:36,668.066,  0.400,1,0,247, 25.000, 14.525,  0.000,-23.077, 13.525, 13.800,  0.000, 14.825, 13.564,  1.261,  0.800,  0.955,  0.800,0.00000,  0.000,
mon_rep231013,2023-10-13T10:49:36,668.466,  0.400,1,0,247, 25.000, 14.525,  0.000,-23.077, 13.525, 13.800,  0.000, 14.825, 13.564,  1.261,  0.800,  0.955,  0.800,0.00000,  0.000,
mon_rep231013,2023-10-13T10:49:36,668.866,  0.400,1,0,247, 25.000, 14.525,  0.000,-23.077, 13.525, 13.800,  0.000, 14.825, 13.564,  1.261,  0.800,  0.955,  0.800,0.00000,  0.000,
mon_rep231013,2023-10-13T10:49:37,669.266,  0.400,1,0,247, 25.000, 14.525,  0.000,-23.077, 13.525, 13.800,  0.000, 14.825, 13.564,  1.261,  0.800,  0.956,  0.800,0.00000,  0.000,
mon_rep231013,2023-10-13T10:49:37,669.666,  0.400,1,0,247, 25.000, 14.525,  0.000,-23.077, 13.525, 13.800,  0.000, 14.825, 13.564,  1.261,  0.800,  0.956,  0.800,0.00000,  0.000,
mon_rep231013,2023-10-13T10:49:38,670.066,  0.400,1,0,247, 25.000, 14.525,  0.000,-23.077, 13.525, 13.800,  0.000, 14.825, 13.564,  1.261,  0.800,  0.956,  0.800,0.00000,  0.000,
mon_rep231013,2023-10-13T10:49:38,670.466,  0.400,1,0,247, 25.000, 14.525,  0.000,-23.077, 13.525, 13.800,  0.000, 14.825, 13.564,  1.261,  0.800,  0.956,  0.800,0.00000,  0.000,
mon_rep231013,2023-10-13T10:49:38,670.866,  0.400,1,0,247, 25.000, 14.525,  0.000,-23.077, 13.525, 13.800,  0.000, 14.825, 13.564,  1.261,  0.800,  0.956,  0.800,0.00000,  0.000,
mon_rep231013,2023-10-13T10:49:39,671.266,  0.400,1,0,247, 25.000, 14.525,  0.000,-23.077, 13.525, 13.800,  0.000, 14.825, 13.564,  1.261,  0.800,  0.956,  0.800,0.00000,  0.000,
mon_rep231013,2023-10-13T10:49:39,671.666,  0.400,1,0,247, 25.000, 14.525,  0.000,-23.077, 13.525, 13.800,  0.000, 14.825, 13.564,  1.261,  0.800,  0.956,  0.800,0.00000,  0.000,
mon_rep231013,2023-10-13T10:49:40,672.066,  0.400,1,0,247, 25.000, 14.525,  0.000,-23.077, 13.525, 13.800,  0.000, 14.825, 13.564,  1.261,  0.800,  0.956,  0.800,0.00000,  0.000,
mon_rep231013,2023-10-13T10:49:40,672.466,  0.400,1,0,247, 25.000, 14.525,  0.000,-23.077, 13.525, 13.800,  0.000, 14.825, 13.564,  1.261,  0.800,  0.956,  0.800,0.00000,  0.000,
mon_rep231013,2023-10-13T10:49:40,672.866,  0.400,1,0,247, 25.000, 14.525,  0.000,-23.077, 13.525, 13.800,  0.000, 14.825, 13.564,  1.261,  0.800,  0.956,  0.800,0.00000,  0.000,
mon_rep231013,2023-10-13T10:49:41,673.266,  0.400,1,0,247, 25.000, 14.525,  0.000,-23.077, 13.525, 13.800,  0.000, 14.825, 13.564,  1.261,  0.800,  0.957,  0.800,0.00000,  0.000,
mon_rep231013,2023-10-13T10:49:41,673.666,  0.400,1,0,247, 25.000, 14.525,  0.000,-23.077, 13.525, 13.800,  0.000, 14.825, 13.564,  1.261,  0.800,  0.957,  0.800,0.00000,  0.000,
mon_rep231013,2023-10-13T10:49:42,674.066,  0.400,1,0,247, 25.000, 14.525,  0.000,-23.077, 13.525, 13.800,  0.000, 14.825, 13.564,  1.261,  0.800,  0.957,  0.800,0.00000,  0.000,
mon_rep231013,2023-10-13T10:49:42,674.466,  0.400,1,0,247, 25.000, 14.525,  0.000,-23.077, 13.525, 13.800,  0.000, 14.825, 13.564,  1.261,  0.800,  0.957,  0.800,0.00000,  0.000,
mon_rep231013,2023-10-13T10:49:42,674.866,  0.400,1,0,247, 25.000, 14.525,  0.000,-23.077, 13.525, 13.800,  0.000, 14.825, 13.564,  1.261,  0.800,  0.957,  0.800,0.00000,  0.000,
mon_rep231013,2023-10-13T10:49:43,675.266,  0.400,1,0,247, 25.000, 14.525,  0.000,-23.077, 13.525, 13.800,  0.000, 14.825, 13.564,  1.261,  0.800,  0.958,  0.800,0.00000,  0.000,
mon_rep231013,2023-10-13T10:49:43,675.666,  0.400,1,0,247, 25.000, 14.525,  0.000,-23.077, 13.525, 13.800,  0.000, 14.825, 13.564,  1.261,  0.800,  0.958,  0.800,0.00000,  0.000,
mon_rep231013,2023-10-13T10:49:44,676.066,  0.400,1,0,247, 25.000, 14.525,  0.000,-23.077, 13.525, 13.800,  0.000, 14.825, 13.564,  1.261,  0.800,  0.958,  0.800,0.00000,  0.000,
mon_rep231013,2023-10-13T10:49:44,676.466,  0.400,1,0,247, 25.000, 14.525,  0.000,-23.077, 13.525, 13.800,  0.000, 14.825, 13.564,  1.261,  0.800,  0.958,  0.800,0.00000,  0.000,
mon_rep231013,2023-10-13T10:49:44,676.866,  0.400,1,0,247, 25.000, 14.525,  0.000,-23.077, 13.525, 13.800,  0.000, 14.825, 13.564,  1.261,  0.800,  0.958,  0.800,0.00000,  0.000,
mon_rep231013,2023-10-13T10:49:45,677.266,  0.400,1,0,247, 25.000, 14.525,  0.000,-23.077, 13.525, 13.800,  0.000, 14.825, 13.565,  1.260,  0.800,  0.958,  0.800,0.00000,  0.000,
mon_rep231013,2023-10-13T10:49:45,677.666,  0.400,1,0,247, 25.000, 14.525,  0.000,-23.077, 13.525, 13.800,  0.000, 14.825, 13.565,  1.260,  0.800,  0.958,  0.800,0.00000,  0.000,
mon_rep231013,2023-10-13T10:49:46,678.066,  0.400,1,0,247, 25.000, 14.525,  0.000,-23.077, 13.525, 13.800,  0.000, 14.825, 13.565,  1.260,  0.800,  0.958,  0.800,0.00000,  0.000,
mon_rep231013,2023-10-13T10:49:46,678.466,  0.400,1,0,247, 25.000, 14.525,  0.000,-23.077, 13.525, 13.800,  0.000, 14.825, 13.565,  1.260,  0.800,  0.958,  0.800,0.00000,  0.000,
mon_rep231013,2023-10-13T10:49:46,678.866,  0.400,1,0,247, 25.000, 14.525,  0.000,-23.077, 13.525, 13.800,  0.000, 14.825, 13.565,  1.260,  0.800,  0.958,  0.800,0.00000,  0.000,
mon_rep231013,2023-10-13T10:49:47,679.266,  0.400,1,0,247, 25.000, 14.525,  0.000,-23.077, 13.525, 13.800,  0.000, 14.825, 13.565,  1.260,  0.800,  0.959,  0.800,0.00000,  0.000,
mon_rep231013,2023-10-13T10:49:47,679.666,  0.400,1,0,247, 25.000, 14.525,  0.000,-23.077, 13.525, 13.800,  0.000, 14.825, 13.565,  1.260,  0.800,  0.959,  0.800,0.00000,  0.000,
mon_rep231013,2023-10-13T10:49:48,680.066,  0.400,1,0,247, 25.000, 14.525,  0.000,-23.077, 13.525, 13.800,  0.000, 14.825, 13.565,  1.260,  0.800,  0.959,  0.800,0.00000,  0.000,
mon_rep231013,2023-10-13T10:49:48,680.466,  0.400,1,0,247, 25.000, 14.525,  0.000,-23.077, 13.525, 13.800,  0.000, 14.825, 13.565,  1.260,  0.800,  0.959,  0.800,0.00000,  0.000,
mon_rep231013,2023-10-13T10:49:48,680.866,  0.400,1,0,247, 25.000, 14.525,  0.000,-23.077, 13.525, 13.800,  0.000, 14.825, 13.565,  1.260,  0.800,  0.959,  0.800,0.00000,  0.000,
mon_rep231013,2023-10-13T10:49:49,681.266,  0.400,1,0,247, 25.000, 14.525,  0.000,-23.077, 13.525, 13.800,  0.000, 14.825, 13.565,  1.260,  0.800,  0.959,  0.800,0.00000,  0.000,
mon_rep231013,2023-10-13T10:49:49,681.666,  0.400,1,0,247, 25.000, 14.525,  0.000,-23.077, 13.525, 13.800,  0.000, 14.825, 13.565,  1.260,  0.800,  0.959,  0.800,0.00000,  0.000,
mon_rep231013,2023-10-13T10:49:50,682.066,  0.400,1,0,247, 25.000, 14.525,  0.000,-23.077, 13.525, 13.800,  0.000, 14.825, 13.565,  1.260,  0.800,  0.959,  0.800,0.00000,  0.000,
mon_rep231013,2023-10-13T10:49:50,682.466,  0.400,1,0,247, 25.000, 14.525,  0.000,-23.077, 13.525, 13.800,  0.000, 14.825, 13.565,  1.260,  0.800,  0.959,  0.800,0.00000,  0.000,
mon_rep231013,2023-10-13T10:49:50,682.866,  0.400,1,0,247, 25.000, 14.525,  0.000,-23.077, 13.525, 13.800,  0.000, 14.825, 13.565,  1.260,  0.800,  0.959,  0.800,0.00000,  0.000,
mon_rep231013,2023-10-13T10:49:51,683.266,  0.400,1,0,247, 25.000, 14.525,  0.000,-23.077, 13.525, 13.800,  0.000, 14.825, 13.565,  1.260,  0.800,  0.960,  0.800,0.00000,  0.000,
mon_rep231013,2023-10-13T10:49:51,683.666,  0.400,1,0,247, 25.000, 14.525,  0.000,-23.077, 13.525, 13.800,  0.000, 14.825, 13.565,  1.260,  0.800,  0.960,  0.800,0.00000,  0.000,
mon_rep231013,2023-10-13T10:49:52,684.066,  0.400,1,0,247, 25.000, 14.525,  0.000,-23.077, 13.525, 13.800,  0.000, 14.825, 13.565,  1.260,  0.800,  0.960,  0.800,0.00000,  0.000,
mon_rep231013,2023-10-13T10:49:52,684.466,  0.400,1,0,247, 25.000, 14.525,  0.000,-23.077, 13.525, 13.800,  0.000, 14.825, 13.565,  1.260,  0.800,  0.960,  0.800,0.00000,  0.000,
mon_rep231013,2023-10-13T10:49:52,684.866,  0.400,1,0,247, 25.000, 14.525,  0.000,-23.077, 13.525, 13.800,  0.000, 14.825, 13.565,  1.260,  0.800,  0.960,  0.800,0.00000,  0.000,
mon_rep231013,2023-10-13T10:49:53,685.266,  0.400,1,0,247, 25.000, 14.525,  0.000,-23.077, 13.525, 13.800,  0.000, 14.825, 13.565,  1.260,  0.800,  0.961,  0.800,0.00000,  0.000,
mon_rep231013,2023-10-13T10:49:53,685.666,  0.400,1,0,247, 25.000, 14.525,  0.000,-23.077, 13.525, 13.800,  0.000, 14.825, 13.565,  1.260,  0.800,  0.961,  0.800,0.00000,  0.000,
mon_rep231013,2023-10-13T10:49:54,686.066,  0.400,1,0,247, 25.000, 14.525,  0.000,-23.077, 13.525, 13.800,  0.000, 14.825, 13.565,  1.260,  0.800,  0.961,  0.800,0.00000,  0.000,
mon_rep231013,2023-10-13T10:49:54,686.466,  0.400,1,0,247, 25.000, 14.525,  0.000,-23.077, 13.525, 13.800,  0.000, 14.825, 13.565,  1.260,  0.800,  0.961,  0.800,0.00000,  0.000,
mon_rep231013,2023-10-13T10:49:54,686.866,  0.400,1,0,247, 25.000, 14.525,  0.000,-23.077, 13.525, 13.800,  0.000, 14.825, 13.565,  1.260,  0.800,  0.961,  0.800,0.00000,  0.000,
mon_rep231013,2023-10-13T10:49:55,687.266,  0.400,1,0,247, 25.000, 14.525,  0.000,-23.077, 13.525, 13.800,  0.000, 14.825, 13.565,  1.260,  0.800,  0.961,  0.800,0.00000,  0.000,
mon_rep231013,2023-10-13T10:49:55,687.666,  0.400,1,0,247, 25.000, 14.525,  0.000,-23.077, 13.525, 13.800,  0.000, 14.825, 13.565,  1.260,  0.800,  0.961,  0.800,0.00000,  0.000,
mon_rep231013,2023-10-13T10:49:56,688.066,  0.400,1,0,247, 25.000, 14.525,  0.000,-23.077, 13.525, 13.800,  0.000, 14.825, 13.565,  1.260,  0.800,  0.961,  0.800,0.00000,  0.000,
mon_rep231013,2023-10-13T10:49:56,688.466,  0.400,1,0,247, 25.000, 14.525,  0.000,-23.077, 13.525, 13.800,  0.000, 14.825, 13.565,  1.260,  0.800,  0.961,  0.800,0.00000,  0.000,
mon_rep231013,2023-10-13T10:49:56,688.866,  0.400,1,0,247, 25.000, 14.525,  0.000,-23.077, 13.525, 13.800,  0.000, 14.825, 13.565,  1.260,  0.800,  0.961,  0.800,0.00000,  0.000,
mon_rep231013,2023-10-13T10:49:57,689.266,  0.400,1,0,247, 25.000, 14.525,  0.000,-23.077, 13.525, 13.800,  0.000, 14.825, 13.565,  1.260,  0.800,  0.962,  0.800,0.00000,  0.000,
mon_rep231013,2023-10-13T10:49:57,689.666,  0.400,1,0,247, 25.000, 14.525,  0.000,-23.077, 13.525, 13.800,  0.000, 14.825, 13.565,  1.260,  0.800,  0.962,  0.800,0.00000,  0.000,
mon_rep231013,2023-10-13T10:49:58,690.066,  0.400,1,0,247, 25.000, 14.525,  0.000,-23.077, 13.525, 13.800,  0.000, 14.825, 13.565,  1.260,  0.800,  0.962,  0.800,0.00000,  0.000,
mon_rep231013,2023-10-13T10:49:58,690.466,  0.400,1,0,247, 25.000, 14.525,  0.000,-23.077, 13.525, 13.800,  0.000, 14.825, 13.565,  1.260,  0.800,  0.962,  0.800,0.00000,  0.000,
mon_rep231013,2023-10-13T10:49:58,690.866,  0.400,1,0,247, 25.000, 14.525,  0.000,-23.077, 13.525, 13.800,  0.000, 14.825, 13.565,  1.260,  0.800,  0.962,  0.800,0.00000,  0.000,
mon_rep231013,2023-10-13T10:49:59,691.266,  0.400,1,0,247, 25.000, 14.525,  0.000,-23.077, 13.525, 13.800,  0.000, 14.825, 13.565,  1.260,  0.800,  0.963,  0.800,0.00000,  0.000,
mon_rep231013,2023-10-13T10:49:59,691.666,  0.400,1,0,247, 25.000, 14.525,  0.000,-23.077, 13.525, 13.800,  0.000, 14.825, 13.565,  1.260,  0.800,  0.963,  0.800,0.00000,  0.000,
mon_rep231013,2023-10-13T10:50:00,692.066,  0.400,1,0,247, 25.000, 14.525,  0.000,-23.077, 13.525, 13.800,  0.000, 14.825, 13.565,  1.260,  0.800,  0.963,  0.800,0.00000,  0.000,
mon_rep231013,2023-10-13T10:50:00,692.466,  0.400,1,0,247, 25.000, 14.525,  0.000,-23.077, 13.525, 13.800,  0.000, 14.825, 13.565,  1.260,  0.800,  0.963,  0.800,0.00000,  0.000,
mon_rep231013,2023-10-13T10:50:00,692.866,  0.400,1,0,247, 25.000, 14.525,  0.000,-23.077, 13.525, 13.800,  0.000, 14.825, 13.565,  1.260,  0.800,  0.963,  0.800,0.00000,  0.000,
mon_rep231013,2023-10-13T10:50:01,693.266,  0.400,1,0,247, 25.000, 14.525,  0.000,-23.077, 13.525, 13.800,  0.000, 14.825, 13.565,  1.260,  0.800,  0.963,  0.800,0.00000,  0.000,
mon_rep231013,2023-10-13T10:50:01,693.666,  0.400,1,0,247, 25.000, 14.525,  0.000,-23.077, 13.525, 13.800,  0.000, 14.825, 13.565,  1.260,  0.800,  0.963,  0.800,0.00000,  0.000,
mon_rep231013,2023-10-13T10:50:02,694.066,  0.400,1,0,247, 25.000, 14.525,  0.000,-23.077, 13.525, 13.800,  0.000, 14.825, 13.565,  1.260,  0.800,  0.963,  0.800,0.00000,  0.000,
mon_rep231013,2023-10-13T10:50:02,694.466,  0.400,1,0,247, 25.000, 14.525,  0.000,-23.077, 13.525, 13.800,  0.000, 14.825, 13.565,  1.260,  0.800,  0.963,  0.800,0.00000,  0.000,
mon_rep231013,2023-10-13T10:50:02,694.866,  0.400,1,0,247, 25.000, 14.525,  0.000,-23.077, 13.525, 13.800,  0.000, 14.825, 13.565,  1.260,  0.800,  0.963,  0.800,0.00000,  0.000,
mon_rep231013,2023-10-13T10:50:03,695.266,  0.400,1,0,247, 25.000, 14.525,  0.000,-23.077, 13.525, 13.800,  0.000, 14.825, 13.566,  1.259,  0.800,  0.964,  0.800,0.00000,  0.000,
mon_rep231013,2023-10-13T10:50:03,695.666,  0.400,1,0,247, 25.000, 14.525,  0.000,-23.077, 13.525, 13.800,  0.000, 14.825, 13.566,  1.259,  0.800,  0.964,  0.800,0.00000,  0.000,
mon_rep231013,2023-10-13T10:50:04,696.066,  0.400,1,0,247, 25.000, 14.525,  0.000,-23.077, 13.525, 13.800,  0.000, 14.825, 13.566,  1.259,  0.800,  0.964,  0.800,0.00000,  0.000,
mon_rep231013,2023-10-13T10:50:04,696.466,  0.400,1,0,247, 25.000, 14.525,  0.000,-23.077, 13.525, 13.800,  0.000, 14.825, 13.566,  1.259,  0.800,  0.964,  0.800,0.00000,  0.000,
mon_rep231013,2023-10-13T10:50:04,696.866,  0.400,1,0,247, 25.000, 14.525,  0.000,-23.077, 13.525, 13.800,  0.000, 14.825, 13.566,  1.259,  0.800,  0.964,  0.800,0.00000,  0.000,
mon_rep231013,2023-10-13T10:50:05,697.266,  0.400,1,0,247, 25.000, 14.525,  0.000,-23.077, 13.525, 13.800,  0.000, 14.825, 13.566,  1.259,  0.800,  0.965,  0.800,0.00000,  0.000,
mon_rep231013,2023-10-13T10:50:05,697.666,  0.400,1,0,247, 25.000, 14.525,  0.000,-23.077, 13.525, 13.800,  0.000, 14.825, 13.566,  1.259,  0.800,  0.965,  0.800,0.00000,  0.000,
mon_rep231013,2023-10-13T10:50:06,698.066,  0.400,1,0,247, 25.000, 14.525,  0.000,-23.077, 13.525, 13.800,  0.000, 14.825, 13.566,  1.259,  0.800,  0.965,  0.800,0.00000,  0.000,
mon_rep231013,2023-10-13T10:50:06,698.466,  0.400,1,0,247, 25.000, 14.525,  0.000,-23.077, 13.525, 13.800,  0.000, 14.825, 13.566,  1.259,  0.800,  0.965,  0.800,0.00000,  0.000,
mon_rep231013,2023-10-13T10:50:06,698.866,  0.400,1,0,247, 25.000, 14.525,  0.000,-23.077, 13.525, 13.800,  0.000, 14.825, 13.566,  1.259,  0.800,  0.965,  0.800,0.00000,  0.000,
mon_rep231013,2023-10-13T10:50:07,699.266,  0.400,1,0,247, 25.000, 14.525,  0.000,-23.077, 13.525, 13.800,  0.000, 14.825, 13.566,  1.259,  0.800,  0.965,  0.800,0.00000,  0.000,
mon_rep231013,2023-10-13T10:50:07,699.666,  0.400,1,0,247, 25.000, 14.525,  0.000,-23.077, 13.525, 13.800,  0.000, 14.825, 13.566,  1.259,  0.800,  0.965,  0.800,0.00000,  0.000,
mon_rep231013,2023-10-13T10:50:08,700.066,  0.400,1,0,247, 25.000, 14.525,  0.000,-23.077, 13.525, 13.800,  0.000, 14.825, 13.566,  1.259,  0.800,  0.965,  0.800,0.00000,  0.000,
mon_rep231013,2023-10-13T10:50:08,700.466,  0.400,1,0,247, 25.000, 14.525,  0.000,-23.077, 13.525, 13.800,  0.000, 14.825, 13.566,  1.259,  0.800,  0.965,  0.800,0.00000,  0.000,
mon_rep231013,2023-10-13T10:50:08,700.866,  0.400,1,0,247, 25.000, 14.525,  0.000,-23.077, 13.525, 13.800,  0.000, 14.825, 13.566,  1.259,  0.800,  0.965,  0.800,0.00000,  0.000,
mon_rep231013,2023-10-13T10:50:09,701.266,  0.400,1,0,247, 25.000, 14.525,  0.000,-23.077, 13.525, 13.800,  0.000, 14.825, 13.566,  1.259,  0.800,  0.966,  0.800,0.00000,  0.000,
mon_rep231013,2023-10-13T10:50:09,701.666,  0.400,1,0,247, 25.000, 14.525,  0.000,-23.077, 13.525, 13.800,  0.000, 14.825, 13.566,  1.259,  0.800,  0.966,  0.800,0.00000,  0.000,
mon_rep231013,2023-10-13T10:50:10,702.066,  0.400,1,0,247, 25.000, 14.525,  0.000,-23.077, 13.525, 13.800,  0.000, 14.825, 13.566,  1.259,  0.800,  0.966,  0.800,0.00000,  0.000,
mon_rep231013,2023-10-13T10:50:10,702.466,  0.400,1,0,247, 25.000, 14.525,  0.000,-23.077, 13.525, 13.800,  0.000, 14.825, 13.566,  1.259,  0.800,  0.966,  0.800,0.00000,  0.000,
mon_rep231013,2023-10-13T10:50:10,702.866,  0.400,1,0,247, 25.000, 14.525,  0.000,-23.077, 13.525, 13.800,  0.000, 14.825, 13.566,  1.259,  0.800,  0.966,  0.800,0.00000,  0.000,
mon_rep231013,2023-10-13T10:50:11,703.266,  0.400,1,0,247, 25.000, 14.525,  0.000,-23.077, 13.525, 13.800,  0.000, 14.825, 13.566,  1.259,  0.800,  0.967,  0.800,0.00000,  0.000,
mon_rep231013,2023-10-13T10:50:11,703.666,  0.400,1,0,247, 25.000, 14.525,  0.000,-23.077, 13.525, 13.800,  0.000, 14.825, 13.566,  1.259,  0.800,  0.967,  0.800,0.00000,  0.000,
mon_rep231013,2023-10-13T10:50:12,704.066,  0.400,1,0,247, 25.000, 14.525,  0.000,-23.077, 13.525, 13.800,  0.000, 14.825, 13.566,  1.259,  0.800,  0.967,  0.800,0.00000,  0.000,
mon_rep231013,2023-10-13T10:50:12,704.466,  0.400,1,0,247, 25.000, 14.525,  0.000,-23.077, 13.525, 13.800,  0.000, 14.825, 13.566,  1.259,  0.800,  0.967,  0.800,0.00000,  0.000,
mon_rep231013,2023-10-13T10:50:12,704.866,  0.400,1,0,247, 25.000, 14.525,  0.000,-23.077, 13.525, 13.800,  0.000, 14.825, 13.566,  1.259,  0.800,  0.967,  0.800,0.00000,  0.000,
mon_rep231013,2023-10-13T10:50:13,705.266,  0.400,1,0,247, 25.000, 14.525,  0.000,-23.077, 13.525, 13.800,  0.000, 14.825, 13.566,  1.259,  0.800,  0.967,  0.800,0.00000,  0.000,
mon_rep231013,2023-10-13T10:50:13,705.666,  0.400,1,0,247, 25.000, 14.525,  0.000,-23.077, 13.525, 13.800,  0.000, 14.825, 13.566,  1.259,  0.800,  0.967,  0.800,0.00000,  0.000,
mon_rep231013,2023-10-13T10:50:14,706.066,  0.400,1,0,247, 25.000, 14.525,  0.000,-23.077, 13.525, 13.800,  0.000, 14.825, 13.566,  1.259,  0.800,  0.967,  0.800,0.00000,  0.000,
mon_rep231013,2023-10-13T10:50:14,706.466,  0.400,1,0,247, 25.000, 14.525,  0.000,-23.077, 13.525, 13.800,  0.000, 14.825, 13.566,  1.259,  0.800,  0.967,  0.800,0.00000,  0.000,
mon_rep231013,2023-10-13T10:50:14,706.866,  0.400,1,0,247, 25.000, 14.525,  0.000,-23.077, 13.525, 13.800,  0.000, 14.825, 13.566,  1.259,  0.800,  0.967,  0.800,0.00000,  0.000,
mon_rep231013,2023-10-13T10:50:15,707.266,  0.400,1,0,247, 25.000, 14.525,  0.000,-23.077, 13.525, 13.800,  0.000, 14.825, 13.566,  1.259,  0.800,  0.968,  0.800,0.00000,  0.000,
mon_rep231013,2023-10-13T10:50:15,707.666,  0.400,1,0,247, 25.000, 14.525,  0.000,-23.077, 13.525, 13.800,  0.000, 14.825, 13.566,  1.259,  0.800,  0.968,  0.800,0.00000,  0.000,
mon_rep231013,2023-10-13T10:50:16,708.066,  0.400,1,0,247, 25.000, 14.525,  0.000,-23.077, 13.525, 13.800,  0.000, 14.825, 13.566,  1.259,  0.800,  0.968,  0.800,0.00000,  0.000,
mon_rep231013,2023-10-13T10:50:16,708.466,  0.400,1,0,247, 25.000, 14.525,  0.000,-23.077, 13.525, 13.800,  0.000, 14.825, 13.566,  1.259,  0.800,  0.968,  0.800,0.00000,  0.000,
mon_rep231013,2023-10-13T10:50:16,708.866,  0.400,1,0,247, 25.000, 14.525,  0.000,-23.077, 13.525, 13.800,  0.000, 14.825, 13.566,  1.259,  0.800,  0.968,  0.800,0.00000,  0.000,
mon_rep231013,2023-10-13T10:50:17,709.266,  0.400,1,0,247, 25.000, 14.525,  0.000,-23.077, 13.525, 13.800,  0.000, 14.825, 13.566,  1.259,  0.800,  0.969,  0.800,0.00000,  0.000,
mon_rep231013,2023-10-13T10:50:17,709.666,  0.400,1,0,247, 25.000, 14.525,  0.000,-23.077, 13.525, 13.800,  0.000, 14.825, 13.566,  1.259,  0.800,  0.969,  0.800,0.00000,  0.000,
mon_rep231013,2023-10-13T10:50:18,710.066,  0.400,1,0,247, 25.000, 14.525,  0.000,-23.077, 13.525, 13.800,  0.000, 14.825, 13.566,  1.259,  0.800,  0.969,  0.800,0.00000,  0.000,
mon_rep231013,2023-10-13T10:50:18,710.466,  0.400,1,0,247, 25.000, 14.525,  0.000,-23.077, 13.525, 13.800,  0.000, 14.825, 13.566,  1.259,  0.800,  0.969,  0.800,0.00000,  0.000,
mon_rep231013,2023-10-13T10:50:18,710.866,  0.400,1,0,247, 25.000, 14.525,  0.000,-23.077, 13.525, 13.800,  0.000, 14.825, 13.566,  1.259,  0.800,  0.969,  0.800,0.00000,  0.000,
mon_rep231013,2023-10-13T10:50:19,711.266,  0.400,1,0,247, 25.000, 14.525,  0.000,-23.077, 13.525, 13.800,  0.000, 14.825, 13.566,  1.259,  0.800,  0.969,  0.800,0.00000,  0.000,
mon_rep231013,2023-10-13T10:50:19,711.666,  0.400,1,0,247, 25.000, 14.525,  0.000,-23.077, 13.525, 13.800,  0.000, 14.825, 13.566,  1.259,  0.800,  0.969,  0.800,0.00000,  0.000,
mon_rep231013,2023-10-13T10:50:20,712.066,  0.400,1,0,247, 25.000, 14.525,  0.000,-23.077, 13.525, 13.800,  0.000, 14.825, 13.566,  1.259,  0.800,  0.969,  0.800,0.00000,  0.000,
mon_rep231013,2023-10-13T10:50:20,712.466,  0.400,1,0,247, 25.000, 14.525,  0.000,-23.077, 13.525, 13.800,  0.000, 14.825, 13.566,  1.259,  0.800,  0.969,  0.800,0.00000,  0.000,
mon_rep231013,2023-10-13T10:50:20,712.866,  0.400,1,0,247, 25.000, 14.525,  0.000,-23.077, 13.525, 13.800,  0.000, 14.825, 13.566,  1.259,  0.800,  0.969,  0.800,0.00000,  0.000,
mon_rep231013,2023-10-13T10:50:21,713.266,  0.400,1,0,247, 25.000, 14.525,  0.000,-23.077, 13.525, 13.800,  0.000, 14.825, 13.567,  1.258,  0.800,  0.970,  0.800,0.00000,  0.000,
mon_rep231013,2023-10-13T10:50:21,713.666,  0.400,1,0,247, 25.000, 14.525,  0.000,-23.077, 13.525, 13.800,  0.000, 14.825, 13.567,  1.258,  0.800,  0.970,  0.800,0.00000,  0.000,
mon_rep231013,2023-10-13T10:50:22,714.066,  0.400,1,0,247, 25.000, 14.525,  0.000,-23.077, 13.525, 13.800,  0.000, 14.825, 13.567,  1.258,  0.800,  0.970,  0.800,0.00000,  0.000,
mon_rep231013,2023-10-13T10:50:22,714.466,  0.400,1,0,247, 25.000, 14.525,  0.000,-23.077, 13.525, 13.800,  0.000, 14.825, 13.567,  1.258,  0.800,  0.970,  0.800,0.00000,  0.000,
mon_rep231013,2023-10-13T10:50:22,714.866,  0.400,1,0,247, 25.000, 14.525,  0.000,-23.077, 13.525, 13.800,  0.000, 14.825, 13.567,  1.258,  0.800,  0.970,  0.800,0.00000,  0.000,
mon_rep231013,2023-10-13T10:50:23,715.266,  0.400,1,0,247, 25.000, 14.525,  0.000,-23.077, 13.525, 13.800,  0.000, 14.825, 13.567,  1.258,  0.800,  0.971,  0.800,0.00000,  0.000,
mon_rep231013,2023-10-13T10:50:23,715.666,  0.400,1,0,247, 25.000, 14.525,  0.000,-23.077, 13.525, 13.800,  0.000, 14.825, 13.567,  1.258,  0.800,  0.971,  0.800,0.00000,  0.000,
mon_rep231013,2023-10-13T10:50:24,716.066,  0.400,1,0,247, 25.000, 14.525,  0.000,-23.077, 13.525, 13.800,  0.000, 14.825, 13.567,  1.258,  0.800,  0.971,  0.800,0.00000,  0.000,
mon_rep231013,2023-10-13T10:50:24,716.466,  0.400,1,0,247, 25.000, 14.525,  0.000,-23.077, 13.525, 13.800,  0.000, 14.825, 13.567,  1.258,  0.800,  0.971,  0.800,0.00000,  0.000,
mon_rep231013,2023-10-13T10:50:24,716.866,  0.400,1,0,247, 25.000, 14.525,  0.000,-23.077, 13.525, 13.800,  0.000, 14.825, 13.567,  1.258,  0.800,  0.971,  0.800,0.00000,  0.000,
mon_rep231013,2023-10-13T10:50:25,717.266,  0.400,1,0,247, 25.000, 14.525,  0.000,-23.077, 13.525, 13.800,  0.000, 14.825, 13.567,  1.258,  0.800,  0.971,  0.800,0.00000,  0.000,
mon_rep231013,2023-10-13T10:50:25,717.666,  0.400,1,0,247, 25.000, 14.525,  0.000,-23.077, 13.525, 13.800,  0.000, 14.825, 13.567,  1.258,  0.800,  0.971,  0.800,0.00000,  0.000,
mon_rep231013,2023-10-13T10:50:26,718.066,  0.400,1,0,247, 25.000, 14.525,  0.000,-23.077, 13.525, 13.800,  0.000, 14.825, 13.567,  1.258,  0.800,  0.971,  0.800,0.00000,  0.000,
mon_rep231013,2023-10-13T10:50:26,718.466,  0.400,1,0,247, 25.000, 14.525,  0.000,-23.077, 13.525, 13.800,  0.000, 14.825, 13.567,  1.258,  0.800,  0.971,  0.800,0.00000,  0.000,
mon_rep231013,2023-10-13T10:50:26,718.866,  0.400,1,0,247, 25.000, 14.525,  0.000,-23.077, 13.525, 13.800,  0.000, 14.825, 13.567,  1.258,  0.800,  0.971,  0.800,0.00000,  0.000,
mon_rep231013,2023-10-13T10:50:27,719.266,  0.400,1,0,247, 25.000, 14.525,  0.000,-23.077, 13.525, 13.800,  0.000, 14.825, 13.567,  1.258,  0.800,  0.972,  0.800,0.00000,  0.000,
mon_rep231013,2023-10-13T10:50:27,719.666,  0.400,1,0,247, 25.000, 14.525,  0.000,-23.077, 13.525, 13.800,  0.000, 14.825, 13.567,  1.258,  0.800,  0.972,  0.800,0.00000,  0.000,
mon_rep231013,2023-10-13T10:50:28,720.066,  0.400,1,0,247, 25.000, 14.525,  0.000,-23.077, 13.525, 13.800,  0.000, 14.825, 13.567,  1.258,  0.800,  0.972,  0.800,0.00000,  0.000,
mon_rep231013,2023-10-13T10:50:28,720.466,  0.400,1,0,247, 25.000, 14.525,  0.000,-23.077, 13.525, 13.800,  0.000, 14.825, 13.567,  1.258,  0.800,  0.972,  0.800,0.00000,  0.000,
mon_rep231013,2023-10-13T10:50:28,720.866,  0.400,1,0,247, 25.000, 14.525,  0.000,-23.077, 13.525, 13.800,  0.000, 14.825, 13.567,  1.258,  0.800,  0.972,  0.800,0.00000,  0.000,
mon_rep231013,2023-10-13T10:50:29,721.266,  0.400,1,0,247, 25.000, 14.525,  0.000,-23.077, 13.525, 13.800,  0.000, 14.825, 13.567,  1.258,  0.800,  0.973,  0.800,0.00000,  0.000,
mon_rep231013,2023-10-13T10:50:29,721.666,  0.400,1,0,247, 25.000, 14.525,  0.000,-23.077, 13.525, 13.800,  0.000, 14.825, 13.567,  1.258,  0.800,  0.973,  0.800,0.00000,  0.000,
mon_rep231013,2023-10-13T10:50:30,722.066,  0.400,1,0,247, 25.000, 14.525,  0.000,-23.077, 13.525, 13.800,  0.000, 14.825, 13.567,  1.258,  0.800,  0.973,  0.800,0.00000,  0.000,
mon_rep231013,2023-10-13T10:50:30,722.466,  0.400,1,0,247, 25.000, 14.525,  0.000,-23.077, 13.525, 13.800,  0.000, 14.825, 13.567,  1.258,  0.800,  0.973,  0.800,0.00000,  0.000,
mon_rep231013,2023-10-13T10:50:30,722.866,  0.400,1,0,247, 25.000, 14.525,  0.000,-23.077, 13.525, 13.800,  0.000, 14.825, 13.567,  1.258,  0.800,  0.973,  0.800,0.00000,  0.000,
mon_rep231013,2023-10-13T10:50:31,723.266,  0.400,1,0,247, 25.000, 14.525,  0.000,-23.077, 13.525, 13.800,  0.000, 14.825, 13.567,  1.258,  0.800,  0.973,  0.800,0.00000,  0.000,
mon_rep231013,2023-10-13T10:50:31,723.666,  0.400,1,0,247, 25.000, 14.525,  0.000,-23.077, 13.525, 13.800,  0.000, 14.825, 13.567,  1.258,  0.800,  0.973,  0.800,0.00000,  0.000,
mon_rep231013,2023-10-13T10:50:32,724.066,  0.400,1,0,247, 25.000, 14.525,  0.000,-23.077, 13.525, 13.800,  0.000, 14.825, 13.567,  1.258,  0.800,  0.973,  0.800,0.00000,  0.000,
mon_rep231013,2023-10-13T10:50:32,724.466,  0.400,1,0,247, 25.000, 14.525,  0.000,-23.077, 13.525, 13.800,  0.000, 14.825, 13.567,  1.258,  0.800,  0.973,  0.800,0.00000,  0.000,
mon_rep231013,2023-10-13T10:50:32,724.866,  0.400,1,0,247, 25.000, 14.525,  0.000,-23.077, 13.525, 13.800,  0.000, 14.825, 13.567,  1.258,  0.800,  0.973,  0.800,0.00000,  0.000,
mon_rep231013,2023-10-13T10:50:33,725.266,  0.400,1,0,247, 25.000, 14.525,  0.000,-23.077, 13.525, 13.800,  0.000, 14.825, 13.567,  1.258,  0.800,  0.974,  0.800,0.00000,  0.000,
mon_rep231013,2023-10-13T10:50:33,725.666,  0.400,1,0,247, 25.000, 14.525,  0.000,-23.077, 13.525, 13.800,  0.000, 14.825, 13.567,  1.258,  0.800,  0.974,  0.800,0.00000,  0.000,
mon_rep231013,2023-10-13T10:50:34,726.066,  0.400,1,0,247, 25.000, 14.525,  0.000,-23.077, 13.525, 13.800,  0.000, 14.825, 13.567,  1.258,  0.800,  0.974,  0.800,0.00000,  0.000,
mon_rep231013,2023-10-13T10:50:34,726.466,  0.400,1,0,247, 25.000, 14.525,  0.000,-23.077, 13.525, 13.800,  0.000, 14.825, 13.567,  1.258,  0.800,  0.974,  0.800,0.00000,  0.000,
mon_rep231013,2023-10-13T10:50:34,726.866,  0.400,1,0,247, 25.000, 14.525,  0.000,-23.077, 13.525, 13.800,  0.000, 14.825, 13.567,  1.258,  0.800,  0.974,  0.800,0.00000,  0.000,
mon_rep231013,2023-10-13T10:50:35,727.266,  0.400,1,0,247, 25.000, 14.525,  0.000,-23.077, 13.525, 13.800,  0.000, 14.825, 13.567,  1.258,  0.800,  0.975,  0.800,0.00000,  0.000,
mon_rep231013,2023-10-13T10:50:35,727.666,  0.400,1,0,247, 25.000, 14.525,  0.000,-23.077, 13.525, 13.800,  0.000, 14.825, 13.567,  1.258,  0.800,  0.975,  0.800,0.00000,  0.000,
mon_rep231013,2023-10-13T10:50:36,728.066,  0.400,1,0,247, 25.000, 14.525,  0.000,-23.077, 13.525, 13.800,  0.000, 14.825, 13.567,  1.258,  0.800,  0.975,  0.800,0.00000,  0.000,
mon_rep231013,2023-10-13T10:50:36,728.466,  0.400,1,0,247, 25.000, 14.525,  0.000,-23.077, 13.525, 13.800,  0.000, 14.825, 13.567,  1.258,  0.800,  0.975,  0.800,0.00000,  0.000,
mon_rep231013,2023-10-13T10:50:36,728.866,  0.400,1,0,247, 25.000, 14.525,  0.000,-23.077, 13.525, 13.800,  0.000, 14.825, 13.567,  1.258,  0.800,  0.975,  0.800,0.00000,  0.000,
mon_rep231013,2023-10-13T10:50:37,729.266,  0.400,1,0,247, 25.000, 14.525,  0.000,-23.077, 13.525, 13.800,  0.000, 14.825, 13.567,  1.258,  0.800,  0.975,  0.800,0.00000,  0.000,
mon_rep231013,2023-10-13T10:50:37,729.666,  0.400,1,0,247, 25.000, 14.525,  0.000,-23.077, 13.525, 13.800,  0.000, 14.825, 13.567,  1.258,  0.800,  0.975,  0.800,0.00000,  0.000,
mon_rep231013,2023-10-13T10:50:38,730.066,  0.400,1,0,247, 25.000, 14.525,  0.000,-23.077, 13.525, 13.800,  0.000, 14.825, 13.567,  1.258,  0.800,  0.975,  0.800,0.00000,  0.000,
mon_rep231013,2023-10-13T10:50:38,730.466,  0.400,1,0,247, 25.000, 14.525,  0.000,-23.077, 13.525, 13.800,  0.000, 14.825, 13.567,  1.258,  0.800,  0.975,  0.800,0.00000,  0.000,
mon_rep231013,2023-10-13T10:50:38,730.866,  0.400,1,0,247, 25.000, 14.525,  0.000,-23.077, 13.525, 13.800,  0.000, 14.825, 13.567,  1.258,  0.800,  0.975,  0.800,0.00000,  0.000,
mon_rep231013,2023-10-13T10:50:39,731.266,  0.400,1,0,247, 25.000, 14.525,  0.000,-23.077, 13.525, 13.800,  0.000, 14.825, 13.568,  1.257,  0.800,  0.976,  0.800,0.00000,  0.000,
mon_rep231013,2023-10-13T10:50:39,731.666,  0.400,1,0,247, 25.000, 14.525,  0.000,-23.077, 13.525, 13.800,  0.000, 14.825, 13.568,  1.257,  0.800,  0.976,  0.800,0.00000,  0.000,
mon_rep231013,2023-10-13T10:50:40,732.066,  0.400,1,0,247, 25.000, 14.525,  0.000,-23.077, 13.525, 13.800,  0.000, 14.825, 13.568,  1.257,  0.800,  0.976,  0.800,0.00000,  0.000,
mon_rep231013,2023-10-13T10:50:40,732.466,  0.400,1,0,247, 25.000, 14.525,  0.000,-23.077, 13.525, 13.800,  0.000, 14.825, 13.568,  1.257,  0.800,  0.976,  0.800,0.00000,  0.000,
mon_rep231013,2023-10-13T10:50:40,732.866,  0.400,1,0,247, 25.000, 14.525,  0.000,-23.077, 13.525, 13.800,  0.000, 14.825, 13.568,  1.257,  0.800,  0.976,  0.800,0.00000,  0.000,
mon_rep231013,2023-10-13T10:50:41,733.266,  0.400,1,0,247, 25.000, 14.525,  0.000,-23.077, 13.525, 13.800,  0.000, 14.825, 13.568,  1.257,  0.800,  0.977,  0.800,0.00000,  0.000,
mon_rep231013,2023-10-13T10:50:41,733.666,  0.400,1,0,247, 25.000, 14.525,  0.000,-23.077, 13.525, 13.800,  0.000, 14.825, 13.568,  1.257,  0.800,  0.977,  0.800,0.00000,  0.000,
mon_rep231013,2023-10-13T10:50:42,734.066,  0.400,1,0,247, 25.000, 14.525,  0.000,-23.077, 13.525, 13.800,  0.000, 14.825, 13.568,  1.257,  0.800,  0.977,  0.800,0.00000,  0.000,
mon_rep231013,2023-10-13T10:50:42,734.466,  0.400,1,0,247, 25.000, 14.525,  0.000,-23.077, 13.525, 13.800,  0.000, 14.825, 13.568,  1.257,  0.800,  0.977,  0.800,0.00000,  0.000,
mon_rep231013,2023-10-13T10:50:42,734.866,  0.400,1,0,247, 25.000, 14.525,  0.000,-23.077, 13.525, 13.800,  0.000, 14.825, 13.568,  1.257,  0.800,  0.977,  0.800,0.00000,  0.000,
mon_rep231013,2023-10-13T10:50:43,735.266,  0.400,1,0,247, 25.000, 14.525,  0.000,-23.077, 13.525, 13.800,  0.000, 14.825, 13.568,  1.257,  0.800,  0.977,  0.800,0.00000,  0.000,
mon_rep231013,2023-10-13T10:50:43,735.666,  0.400,1,0,247, 25.000, 14.525,  0.000,-23.077, 13.525, 13.800,  0.000, 14.825, 13.568,  1.257,  0.800,  0.977,  0.800,0.00000,  0.000,
mon_rep231013,2023-10-13T10:50:44,736.066,  0.400,1,0,247, 25.000, 14.525,  0.000,-23.077, 13.525, 13.800,  0.000, 14.825, 13.568,  1.257,  0.800,  0.977,  0.800,0.00000,  0.000,
mon_rep231013,2023-10-13T10:50:44,736.466,  0.400,1,0,247, 25.000, 14.525,  0.000,-23.077, 13.525, 13.800,  0.000, 14.825, 13.568,  1.257,  0.800,  0.977,  0.800,0.00000,  0.000,
mon_rep231013,2023-10-13T10:50:44,736.866,  0.400,1,0,247, 25.000, 14.525,  0.000,-23.077, 13.525, 13.800,  0.000, 14.825, 13.568,  1.257,  0.800,  0.977,  0.800,0.00000,  0.000,
mon_rep231013,2023-10-13T10:50:45,737.266,  0.400,1,0,247, 25.000, 14.525,  0.000,-23.077, 13.525, 13.800,  0.000, 14.825, 13.568,  1.257,  0.800,  0.978,  0.800,0.00000,  0.000,
mon_rep231013,2023-10-13T10:50:45,737.666,  0.400,1,0,247, 25.000, 14.525,  0.000,-23.077, 13.525, 13.800,  0.000, 14.825, 13.568,  1.257,  0.800,  0.978,  0.800,0.00000,  0.000,
mon_rep231013,2023-10-13T10:50:46,738.066,  0.400,1,0,247, 25.000, 14.525,  0.000,-23.077, 13.525, 13.800,  0.000, 14.825, 13.568,  1.257,  0.800,  0.978,  0.800,0.00000,  0.000,
mon_rep231013,2023-10-13T10:50:46,738.466,  0.400,1,0,247, 25.000, 14.525,  0.000,-23.077, 13.525, 13.800,  0.000, 14.825, 13.568,  1.257,  0.800,  0.978,  0.800,0.00000,  0.000,
mon_rep231013,2023-10-13T10:50:46,738.866,  0.400,1,0,247, 25.000, 14.525,  0.000,-23.077, 13.525, 13.800,  0.000, 14.825, 13.568,  1.257,  0.800,  0.978,  0.800,0.00000,  0.000,
mon_rep231013,2023-10-13T10:50:47,739.266,  0.400,1,0,247, 25.000, 14.525,  0.000,-23.077, 13.525, 13.800,  0.000, 14.825, 13.568,  1.257,  0.800,  0.979,  0.800,0.00000,  0.000,
mon_rep231013,2023-10-13T10:50:47,739.666,  0.400,1,0,247, 25.000, 14.525,  0.000,-23.077, 13.525, 13.800,  0.000, 14.825, 13.568,  1.257,  0.800,  0.979,  0.800,0.00000,  0.000,
mon_rep231013,2023-10-13T10:50:48,740.066,  0.400,1,0,247, 25.000, 14.525,  0.000,-23.077, 13.525, 13.800,  0.000, 14.825, 13.568,  1.257,  0.800,  0.979,  0.800,0.00000,  0.000,
mon_rep231013,2023-10-13T10:50:48,740.466,  0.400,1,0,247, 25.000, 14.525,  0.000,-23.077, 13.525, 13.800,  0.000, 14.825, 13.568,  1.257,  0.800,  0.979,  0.800,0.00000,  0.000,
mon_rep231013,2023-10-13T10:50:48,740.866,  0.400,1,0,247, 25.000, 14.525,  0.000,-23.077, 13.525, 13.800,  0.000, 14.825, 13.568,  1.257,  0.800,  0.979,  0.800,0.00000,  0.000,
mon_rep231013,2023-10-13T10:50:49,741.266,  0.400,1,0,247, 25.000, 14.525,  0.000,-23.077, 13.525, 13.800,  0.000, 14.825, 13.568,  1.257,  0.800,  0.979,  0.800,0.00000,  0.000,
mon_rep231013,2023-10-13T10:50:49,741.666,  0.400,1,0,247, 25.000, 14.525,  0.000,-23.077, 13.525, 13.800,  0.000, 14.825, 13.568,  1.257,  0.800,  0.979,  0.800,0.00000,  0.000,
mon_rep231013,2023-10-13T10:50:50,742.066,  0.400,1,0,247, 25.000, 14.525,  0.000,-23.077, 13.525, 13.800,  0.000, 14.825, 13.568,  1.257,  0.800,  0.979,  0.800,0.00000,  0.000,
mon_rep231013,2023-10-13T10:50:50,742.466,  0.400,1,0,247, 25.000, 14.525,  0.000,-23.077, 13.525, 13.800,  0.000, 14.825, 13.568,  1.257,  0.800,  0.979,  0.800,0.00000,  0.000,
mon_rep231013,2023-10-13T10:50:50,742.866,  0.400,1,0,247, 25.000, 14.525,  0.000,-23.077, 13.525, 13.800,  0.000, 14.825, 13.568,  1.257,  0.800,  0.979,  0.800,0.00000,  0.000,
mon_rep231013,2023-10-13T10:50:51,743.266,  0.400,1,0,247, 25.000, 14.525,  0.000,-23.077, 13.525, 13.800,  0.000, 14.825, 13.568,  1.257,  0.800,  0.980,  0.800,0.00000,  0.000,
mon_rep231013,2023-10-13T10:50:51,743.666,  0.400,1,0,247, 25.000, 14.525,  0.000,-23.077, 13.525, 13.800,  0.000, 14.825, 13.568,  1.257,  0.800,  0.980,  0.800,0.00000,  0.000,
mon_rep231013,2023-10-13T10:50:52,744.066,  0.400,1,0,247, 25.000, 14.525,  0.000,-23.077, 13.525, 13.800,  0.000, 14.825, 13.568,  1.257,  0.800,  0.980,  0.800,0.00000,  0.000,
mon_rep231013,2023-10-13T10:50:52,744.466,  0.400,1,0,247, 25.000, 14.525,  0.000,-23.077, 13.525, 13.800,  0.000, 14.825, 13.568,  1.257,  0.800,  0.980,  0.800,0.00000,  0.000,
mon_rep231013,2023-10-13T10:50:52,744.866,  0.400,1,0,247, 25.000, 14.525,  0.000,-23.077, 13.525, 13.800,  0.000, 14.825, 13.568,  1.257,  0.800,  0.980,  0.800,0.00000,  0.000,
mon_rep231013,2023-10-13T10:50:53,745.266,  0.400,1,0,247, 25.000, 14.525,  0.000,-23.077, 13.525, 13.800,  0.000, 14.825, 13.568,  1.257,  0.800,  0.981,  0.800,0.00000,  0.000,
mon_rep231013,2023-10-13T10:50:53,745.666,  0.400,1,0,247, 25.000, 14.525,  0.000,-23.077, 13.525, 13.800,  0.000, 14.825, 13.568,  1.257,  0.800,  0.981,  0.800,0.00000,  0.000,
mon_rep231013,2023-10-13T10:50:54,746.066,  0.400,1,0,247, 25.000, 14.525,  0.000,-23.077, 13.525, 13.800,  0.000, 14.825, 13.568,  1.257,  0.800,  0.981,  0.800,0.00000,  0.000,
mon_rep231013,2023-10-13T10:50:54,746.466,  0.400,1,0,247, 25.000, 14.525,  0.000,-23.077, 13.525, 13.800,  0.000, 14.825, 13.568,  1.257,  0.800,  0.981,  0.800,0.00000,  0.000,
mon_rep231013,2023-10-13T10:50:54,746.866,  0.400,1,0,247, 25.000, 14.525,  0.000,-23.077, 13.525, 13.800,  0.000, 14.825, 13.568,  1.257,  0.800,  0.981,  0.800,0.00000,  0.000,
mon_rep231013,2023-10-13T10:50:55,747.266,  0.400,1,0,247, 25.000, 14.525,  0.000,-23.077, 13.525, 13.800,  0.000, 14.825, 13.568,  1.257,  0.800,  0.981,  0.800,0.00000,  0.000,
mon_rep231013,2023-10-13T10:50:55,747.666,  0.400,1,0,247, 25.000, 14.525,  0.000,-23.077, 13.525, 13.800,  0.000, 14.825, 13.568,  1.257,  0.800,  0.981,  0.800,0.00000,  0.000,
mon_rep231013,2023-10-13T10:50:56,748.066,  0.400,1,0,247, 25.000, 14.525,  0.000,-23.077, 13.525, 13.800,  0.000, 14.825, 13.568,  1.257,  0.800,  0.981,  0.800,0.00000,  0.000,
mon_rep231013,2023-10-13T10:50:56,748.466,  0.400,1,0,247, 25.000, 14.525,  0.000,-23.077, 13.525, 13.800,  0.000, 14.825, 13.568,  1.257,  0.800,  0.981,  0.800,0.00000,  0.000,
mon_rep231013,2023-10-13T10:50:56,748.866,  0.400,1,0,247, 25.000, 14.525,  0.000,-23.077, 13.525, 13.800,  0.000, 14.825, 13.568,  1.257,  0.800,  0.981,  0.800,0.00000,  0.000,
mon_rep231013,2023-10-13T10:50:57,749.266,  0.400,1,0,247, 25.000, 14.525,  0.000,-23.077, 13.525, 13.800,  0.000, 14.825, 13.569,  1.256,  0.800,  0.982,  0.800,0.00000,  0.000,
mon_rep231013,2023-10-13T10:50:57,749.666,  0.400,1,0,247, 25.000, 14.525,  0.000,-23.077, 13.525, 13.800,  0.000, 14.825, 13.569,  1.256,  0.800,  0.982,  0.800,0.00000,  0.000,
mon_rep231013,2023-10-13T10:50:58,750.066,  0.400,1,0,247, 25.000, 14.525,  0.000,-23.077, 13.525, 13.800,  0.000, 14.825, 13.569,  1.256,  0.800,  0.982,  0.800,0.00000,  0.000,
mon_rep231013,2023-10-13T10:50:58,750.466,  0.400,1,0,247, 25.000, 14.525,  0.000,-23.077, 13.525, 13.800,  0.000, 14.825, 13.569,  1.256,  0.800,  0.982,  0.800,0.00000,  0.000,
mon_rep231013,2023-10-13T10:50:58,750.866,  0.400,1,0,247, 25.000, 14.525,  0.000,-23.077, 13.525, 13.800,  0.000, 14.825, 13.569,  1.256,  0.800,  0.982,  0.800,0.00000,  0.000,
mon_rep231013,2023-10-13T10:50:59,751.266,  0.400,1,0,247, 25.000, 14.525,  0.000,-23.077, 13.525, 13.800,  0.000, 14.825, 13.569,  1.256,  0.800,  0.983,  0.800,0.00000,  0.000,
mon_rep231013,2023-10-13T10:50:59,751.666,  0.400,1,0,247, 25.000, 14.525,  0.000,-23.077, 13.525, 13.800,  0.000, 14.825, 13.569,  1.256,  0.800,  0.983,  0.800,0.00000,  0.000,
mon_rep231013,2023-10-13T10:51:00,752.066,  0.400,1,0,247, 25.000, 14.525,  0.000,-23.077, 13.525, 13.800,  0.000, 14.825, 13.569,  1.256,  0.800,  0.983,  0.800,0.00000,  0.000,
mon_rep231013,2023-10-13T10:51:00,752.466,  0.400,1,0,247, 25.000, 14.525,  0.000,-23.077, 13.525, 13.800,  0.000, 14.825, 13.569,  1.256,  0.800,  0.983,  0.800,0.00000,  0.000,
mon_rep231013,2023-10-13T10:51:00,752.866,  0.400,1,0,247, 25.000, 14.525,  0.000,-23.077, 13.525, 13.800,  0.000, 14.825, 13.569,  1.256,  0.800,  0.983,  0.800,0.00000,  0.000,
mon_rep231013,2023-10-13T10:51:01,753.266,  0.400,1,0,247, 25.000, 14.525,  0.000,-23.077, 13.525, 13.800,  0.000, 14.825, 13.569,  1.256,  0.800,  0.983,  0.800,0.00000,  0.000,
mon_rep231013,2023-10-13T10:51:01,753.666,  0.400,1,0,247, 25.000, 14.525,  0.000,-23.077, 13.525, 13.800,  0.000, 14.825, 13.569,  1.256,  0.800,  0.983,  0.800,0.00000,  0.000,
mon_rep231013,2023-10-13T10:51:02,754.066,  0.400,1,0,247, 25.000, 14.525,  0.000,-23.077, 13.525, 13.800,  0.000, 14.825, 13.569,  1.256,  0.800,  0.983,  0.800,0.00000,  0.000,
mon_rep231013,2023-10-13T10:51:02,754.466,  0.400,1,0,247, 25.000, 14.525,  0.000,-23.077, 13.525, 13.800,  0.000, 14.825, 13.569,  1.256,  0.800,  0.983,  0.800,0.00000,  0.000,
mon_rep231013,2023-10-13T10:51:02,754.866,  0.400,1,0,247, 25.000, 14.525,  0.000,-23.077, 13.525, 13.800,  0.000, 14.825, 13.569,  1.256,  0.800,  0.983,  0.800,0.00000,  0.000,
mon_rep231013,2023-10-13T10:51:03,755.266,  0.400,1,0,247, 25.000, 14.525,  0.000,-23.077, 13.525, 13.800,  0.000, 14.825, 13.569,  1.256,  0.800,  0.984,  0.800,0.00000,  0.000,
mon_rep231013,2023-10-13T10:51:03,755.666,  0.400,1,0,247, 25.000, 14.525,  0.000,-23.077, 13.525, 13.800,  0.000, 14.825, 13.569,  1.256,  0.800,  0.984,  0.800,0.00000,  0.000,
mon_rep231013,2023-10-13T10:51:04,756.066,  0.400,1,0,247, 25.000, 14.525,  0.000,-23.077, 13.525, 13.800,  0.000, 14.825, 13.569,  1.256,  0.800,  0.984,  0.800,0.00000,  0.000,
mon_rep231013,2023-10-13T10:51:04,756.466,  0.400,1,0,247, 25.000, 14.525,  0.000,-23.077, 13.525, 13.800,  0.000, 14.825, 13.569,  1.256,  0.800,  0.984,  0.800,0.00000,  0.000,
mon_rep231013,2023-10-13T10:51:04,756.866,  0.400,1,0,247, 25.000, 14.525,  0.000,-23.077, 13.525, 13.800,  0.000, 14.825, 13.569,  1.256,  0.800,  0.984,  0.800,0.00000,  0.000,
mon_rep231013,2023-10-13T10:51:05,757.266,  0.400,1,0,247, 25.000, 14.525,  0.000,-23.077, 13.525, 13.800,  0.000, 14.825, 13.569,  1.256,  0.800,  0.985,  0.800,0.00000,  0.000,
mon_rep231013,2023-10-13T10:51:05,757.666,  0.400,1,0,247, 25.000, 14.525,  0.000,-23.077, 13.525, 13.800,  0.000, 14.825, 13.569,  1.256,  0.800,  0.985,  0.800,0.00000,  0.000,
mon_rep231013,2023-10-13T10:51:06,758.066,  0.400,1,0,247, 25.000, 14.525,  0.000,-23.077, 13.525, 13.800,  0.000, 14.825, 13.569,  1.256,  0.800,  0.985,  0.800,0.00000,  0.000,
mon_rep231013,2023-10-13T10:51:06,758.466,  0.400,1,0,247, 25.000, 14.525,  0.000,-23.077, 13.525, 13.800,  0.000, 14.825, 13.569,  1.256,  0.800,  0.985,  0.800,0.00000,  0.000,
mon_rep231013,2023-10-13T10:51:06,758.866,  0.400,1,0,247, 25.000, 14.525,  0.000,-23.077, 13.525, 13.800,  0.000, 14.825, 13.569,  1.256,  0.800,  0.985,  0.800,0.00000,  0.000,
mon_rep231013,2023-10-13T10:51:07,759.266,  0.400,1,0,247, 25.000, 14.525,  0.000,-23.077, 13.525, 13.800,  0.000, 14.825, 13.569,  1.256,  0.800,  0.986,  0.800,0.00000,  0.000,
mon_rep231013,2023-10-13T10:51:07,759.666,  0.400,1,0,247, 25.000, 14.525,  0.000,-23.077, 13.525, 13.800,  0.000, 14.825, 13.569,  1.256,  0.800,  0.986,  0.800,0.00000,  0.000,
mon_rep231013,2023-10-13T10:51:08,760.066,  0.400,1,0,247, 25.000, 14.525,  0.000,-23.077, 13.525, 13.800,  0.000, 14.825, 13.569,  1.256,  0.800,  0.986,  0.800,0.00000,  0.000,
mon_rep231013,2023-10-13T10:51:08,760.466,  0.400,1,0,247, 25.000, 14.525,  0.000,-23.077, 13.525, 13.800,  0.000, 14.825, 13.569,  1.256,  0.800,  0.986,  0.800,0.00000,  0.000,
mon_rep231013,2023-10-13T10:51:08,760.866,  0.400,1,0,247, 25.000, 14.525,  0.000,-23.077, 13.525, 13.800,  0.000, 14.825, 13.569,  1.256,  0.800,  0.986,  0.800,0.00000,  0.000,
mon_rep231013,2023-10-13T10:51:09,761.266,  0.400,1,0,247, 25.000, 14.525,  0.000,-23.077, 13.525, 13.800,  0.000, 14.825, 13.569,  1.256,  0.800,  0.986,  0.800,0.00000,  0.000,
mon_rep231013,2023-10-13T10:51:09,761.666,  0.400,1,0,247, 25.000, 14.525,  0.000,-23.077, 13.525, 13.800,  0.000, 14.825, 13.569,  1.256,  0.800,  0.986,  0.800,0.00000,  0.000,
mon_rep231013,2023-10-13T10:51:10,762.066,  0.400,1,0,247, 25.000, 14.525,  0.000,-23.077, 13.525, 13.800,  0.000, 14.825, 13.569,  1.256,  0.800,  0.986,  0.800,0.00000,  0.000,
mon_rep231013,2023-10-13T10:51:10,762.466,  0.400,1,0,247, 25.000, 14.525,  0.000,-23.077, 13.525, 13.800,  0.000, 14.825, 13.569,  1.256,  0.800,  0.986,  0.800,0.00000,  0.000,
mon_rep231013,2023-10-13T10:51:10,762.866,  0.400,1,0,247, 25.000, 14.525,  0.000,-23.077, 13.525, 13.800,  0.000, 14.825, 13.569,  1.256,  0.800,  0.986,  0.800,0.00000,  0.000,
mon_rep231013,2023-10-13T10:51:11,763.266,  0.400,1,0,247, 25.000, 14.525,  0.000,-23.077, 13.525, 13.800,  0.000, 14.825, 13.569,  1.256,  0.800,  0.987,  0.800,0.00000,  0.000,
mon_rep231013,2023-10-13T10:51:11,763.666,  0.400,1,0,247, 25.000, 14.525,  0.000,-23.077, 13.525, 13.800,  0.000, 14.825, 13.569,  1.256,  0.800,  0.987,  0.800,0.00000,  0.000,
mon_rep231013,2023-10-13T10:51:12,764.066,  0.400,1,0,247, 25.000, 14.525,  0.000,-23.077, 13.525, 13.800,  0.000, 14.825, 13.569,  1.256,  0.800,  0.987,  0.800,0.00000,  0.000,
mon_rep231013,2023-10-13T10:51:12,764.466,  0.400,1,0,247, 25.000, 14.525,  0.000,-23.077, 13.525, 13.800,  0.000, 14.825, 13.569,  1.256,  0.800,  0.987,  0.800,0.00000,  0.000,
mon_rep231013,2023-10-13T10:51:12,764.866,  0.400,1,0,247, 25.000, 14.525,  0.000,-23.077, 13.525, 13.800,  0.000, 14.825, 13.569,  1.256,  0.800,  0.987,  0.800,0.00000,  0.000,
mon_rep231013,2023-10-13T10:51:13,765.266,  0.400,1,0,247, 25.000, 14.525,  0.000,-23.077, 13.525, 13.800,  0.000, 14.825, 13.570,  1.255,  0.800,  0.988,  0.800,0.00000,  0.000,
mon_rep231013,2023-10-13T10:51:13,765.666,  0.400,1,0,247, 25.000, 14.525,  0.000,-23.077, 13.525, 13.800,  0.000, 14.825, 13.570,  1.255,  0.800,  0.988,  0.800,0.00000,  0.000,
mon_rep231013,2023-10-13T10:51:14,766.066,  0.400,1,0,247, 25.000, 14.525,  0.000,-23.077, 13.525, 13.800,  0.000, 14.825, 13.570,  1.255,  0.800,  0.988,  0.800,0.00000,  0.000,
mon_rep231013,2023-10-13T10:51:14,766.466,  0.400,1,0,247, 25.000, 14.525,  0.000,-23.077, 13.525, 13.800,  0.000, 14.825, 13.570,  1.255,  0.800,  0.988,  0.800,0.00000,  0.000,
mon_rep231013,2023-10-13T10:51:14,766.866,  0.400,1,0,247, 25.000, 14.525,  0.000,-23.077, 13.525, 13.800,  0.000, 14.825, 13.570,  1.255,  0.800,  0.988,  0.800,0.00000,  0.000,
mon_rep231013,2023-10-13T10:51:15,767.266,  0.400,1,0,247, 25.000, 14.525,  0.000,-23.077, 13.525, 13.800,  0.000, 14.825, 13.570,  1.255,  0.800,  0.988,  0.800,0.00000,  0.000,
mon_rep231013,2023-10-13T10:51:15,767.666,  0.400,1,0,247, 25.000, 14.525,  0.000,-23.077, 13.525, 13.800,  0.000, 14.825, 13.570,  1.255,  0.800,  0.988,  0.800,0.00000,  0.000,
mon_rep231013,2023-10-13T10:51:16,768.066,  0.400,1,0,247, 25.000, 14.525,  0.000,-23.077, 13.525, 13.800,  0.000, 14.825, 13.570,  1.255,  0.800,  0.988,  0.800,0.00000,  0.000,
mon_rep231013,2023-10-13T10:51:16,768.466,  0.400,1,0,247, 25.000, 14.525,  0.000,-23.077, 13.525, 13.800,  0.000, 14.825, 13.570,  1.255,  0.800,  0.988,  0.800,0.00000,  0.000,
mon_rep231013,2023-10-13T10:51:16,768.866,  0.400,1,0,247, 25.000, 14.525,  0.000,-23.077, 13.525, 13.800,  0.000, 14.825, 13.570,  1.255,  0.800,  0.988,  0.800,0.00000,  0.000,
mon_rep231013,2023-10-13T10:51:17,769.266,  0.400,1,0,247, 25.000, 14.525,  0.000,-23.077, 13.525, 13.800,  0.000, 14.825, 13.570,  1.255,  0.800,  0.989,  0.800,0.00000,  0.000,
mon_rep231013,2023-10-13T10:51:17,769.666,  0.400,1,0,247, 25.000, 14.525,  0.000,-23.077, 13.525, 13.800,  0.000, 14.825, 13.570,  1.255,  0.800,  0.989,  0.800,0.00000,  0.000,
mon_rep231013,2023-10-13T10:51:18,770.066,  0.400,1,0,247, 25.000, 14.525,  0.000,-23.077, 13.525, 13.800,  0.000, 14.825, 13.570,  1.255,  0.800,  0.989,  0.800,0.00000,  0.000,
mon_rep231013,2023-10-13T10:51:18,770.466,  0.400,1,0,247, 25.000, 14.525,  0.000,-23.077, 13.525, 13.800,  0.000, 14.825, 13.570,  1.255,  0.800,  0.989,  0.800,0.00000,  0.000,
mon_rep231013,2023-10-13T10:51:18,770.866,  0.400,1,0,247, 25.000, 14.525,  0.000,-23.077, 13.525, 13.800,  0.000, 14.825, 13.570,  1.255,  0.800,  0.989,  0.800,0.00000,  0.000,
mon_rep231013,2023-10-13T10:51:19,771.266,  0.400,1,0,247, 25.000, 14.525,  0.000,-23.077, 13.525, 13.800,  0.000, 14.825, 13.570,  1.255,  0.800,  0.990,  0.800,0.00000,  0.000,
mon_rep231013,2023-10-13T10:51:19,771.666,  0.400,1,0,247, 25.000, 14.525,  0.000,-23.077, 13.525, 13.800,  0.000, 14.825, 13.570,  1.255,  0.800,  0.990,  0.800,0.00000,  0.000,
mon_rep231013,2023-10-13T10:51:20,772.066,  0.400,1,0,247, 25.000, 14.525,  0.000,-23.077, 13.525, 13.800,  0.000, 14.825, 13.570,  1.255,  0.800,  0.990,  0.800,0.00000,  0.000,
mon_rep231013,2023-10-13T10:51:20,772.466,  0.400,1,0,247, 25.000, 14.525,  0.000,-23.077, 13.525, 13.800,  0.000, 14.825, 13.570,  1.255,  0.800,  0.990,  0.800,0.00000,  0.000,
mon_rep231013,2023-10-13T10:51:20,772.866,  0.400,1,0,247, 25.000, 14.525,  0.000,-23.077, 13.525, 13.800,  0.000, 14.825, 13.570,  1.255,  0.800,  0.990,  0.800,0.00000,  0.000,
mon_rep231013,2023-10-13T10:51:21,773.266,  0.400,1,0,247, 25.000, 14.525,  0.000,-23.077, 13.525, 13.800,  0.000, 14.825, 13.570,  1.255,  0.800,  0.991,  0.800,0.00000,  0.000,
mon_rep231013,2023-10-13T10:51:21,773.666,  0.400,1,0,247, 25.000, 14.525,  0.000,-23.077, 13.525, 13.800,  0.000, 14.825, 13.570,  1.255,  0.800,  0.991,  0.800,0.00000,  0.000,
mon_rep231013,2023-10-13T10:51:22,774.066,  0.400,1,0,247, 25.000, 14.525,  0.000,-23.077, 13.525, 13.800,  0.000, 14.825, 13.570,  1.255,  0.800,  0.991,  0.800,0.00000,  0.000,
mon_rep231013,2023-10-13T10:51:22,774.466,  0.400,1,0,247, 25.000, 14.525,  0.000,-23.077, 13.525, 13.800,  0.000, 14.825, 13.570,  1.255,  0.800,  0.991,  0.800,0.00000,  0.000,
mon_rep231013,2023-10-13T10:51:22,774.866,  0.400,1,0,247, 25.000, 14.525,  0.000,-23.077, 13.525, 13.800,  0.000, 14.825, 13.570,  1.255,  0.800,  0.991,  0.800,0.00000,  0.000,
mon_rep231013,2023-10-13T10:51:23,775.266,  0.400,1,0,247, 25.000, 14.525,  0.000,-23.077, 13.525, 13.800,  0.000, 14.825, 13.598,  1.227,  0.800,  1.000,  0.800,0.00000,  0.000,
mon_rep231013,2023-10-13T10:51:23,775.666,  0.400,1,0,247, 25.000, 14.525,  0.000,-23.077, 13.525, 13.800,  0.000, 14.825, 13.598,  1.227,  0.800,  1.000,  0.800,0.00000,  0.000,
mon_rep231013,2023-10-13T10:51:24,776.066,  0.400,1,0,247, 25.000, 14.525,  0.000,-23.077, 13.525, 13.800,  0.000, 14.825, 13.598,  1.227,  0.800,  1.000,  0.800,0.00000,  0.000,
mon_rep231013,2023-10-13T10:51:24,776.466,  0.400,1,0,247, 25.000, 14.525,  0.000,-23.077, 13.525, 13.800,  0.000, 14.825, 13.598,  1.227,  0.800,  1.000,  0.800,0.00000,  0.000,
mon_rep231013,2023-10-13T10:51:24,776.866,  0.400,1,0,247, 25.000, 14.525,  0.000,-23.077, 13.525, 13.800,  0.000, 14.825, 13.598,  1.227,  0.800,  1.000,  0.800,0.00000,  0.000,
mon_rep231013,2023-10-13T10:51:25,777.266,  0.400,1,0,247, 25.000, 14.525,  0.000,-23.077, 13.525, 13.800,  0.000, 14.825, 14.300,  0.525,  0.800,  1.000,  0.800,0.00000,  0.000,
mon_rep231013,2023-10-13T10:51:25,777.666,  0.400,1,0,247, 25.000, 14.525,  0.000,-23.077, 13.525, 13.800,  0.000, 14.825, 14.300,  0.525,  0.800,  1.000,  0.800,0.00000,  0.000,
mon_rep231013,2023-10-13T10:51:26,778.066,  0.400,1,0,247, 25.000, 14.525,  0.000,-23.077, 13.525, 13.800,  0.000, 14.825, 14.300,  0.525,  0.800,  1.000,  0.800,0.00000,  0.000,
mon_rep231013,2023-10-13T10:51:26,778.466,  0.400,1,0,247, 25.000, 14.525,  0.000,-23.077, 13.525, 13.800,  0.000, 14.825, 14.300,  0.525,  0.800,  1.000,  0.800,0.00000,  0.000,
mon_rep231013,2023-10-13T10:51:26,778.866,  0.400,1,0,247, 25.000, 14.525,  0.000,-23.077, 13.525, 13.800,  0.000, 14.825, 14.300,  0.525,  0.800,  1.000,  0.800,0.00000,  0.000,
mon_rep231013,2023-10-13T10:51:27,779.266,  0.400,1,0,247, 25.000, 14.525,  0.000,-23.077, 13.525, 13.800,  0.000, 14.825, 14.300,  0.525,  0.800,  1.000,  0.800,0.00000,  0.000,
mon_rep231013,2023-10-13T10:51:27,779.666,  0.400,1,0,247, 25.000, 14.525,  0.000,-23.077, 13.525, 13.800,  0.000, 14.825, 14.300,  0.525,  0.800,  1.000,  0.800,0.00000,  0.000,
mon_rep231013,2023-10-13T10:51:28,780.066,  0.400,1,0,247, 25.000, 14.525,  0.000,-23.077, 13.525, 13.800,  0.000, 14.825, 14.300,  0.525,  0.800,  1.000,  0.800,0.00000,  0.000,
mon_rep231013,2023-10-13T10:51:28,780.466,  0.400,1,0,247, 25.000, 14.525,  0.000,-23.077, 13.525, 13.800,  0.000, 14.825, 14.300,  0.525,  0.800,  1.000,  0.800,0.00000,  0.000,
mon_rep231013,2023-10-13T10:51:28,780.866,  0.400,1,0,247, 25.000, 14.525,  0.000,-23.077, 13.525, 13.800,  0.000, 14.825, 14.300,  0.525,  0.800,  1.000,  0.800,0.00000,  0.000,
mon_rep231013,2023-10-13T10:51:29,781.266,  0.400,1,0,247, 25.000, 14.525,  0.000,-23.077, 13.525, 13.800,  0.000, 14.825, 14.300,  0.525,  0.800,  1.000,  0.800,0.00000,  0.000,
mon_rep231013,2023-10-13T10:51:29,781.666,  0.400,1,0,247, 25.000, 14.525,  0.000,-23.077, 13.525, 13.800,  0.000, 14.825, 14.300,  0.525,  0.800,  1.000,  0.800,0.00000,  0.000,
mon_rep231013,2023-10-13T10:51:30,782.066,  0.400,1,0,247, 25.000, 14.525,  0.000,-23.077, 13.525, 13.800,  0.000, 14.825, 14.300,  0.525,  0.800,  1.000,  0.800,0.00000,  0.000,
mon_rep231013,2023-10-13T10:51:30,782.466,  0.400,1,0,247, 25.000, 14.525,  0.000,-23.077, 13.525, 13.800,  0.000, 14.825, 14.300,  0.525,  0.800,  1.000,  0.800,0.00000,  0.000,
mon_rep231013,2023-10-13T10:51:30,782.866,  0.400,1,0,247, 25.000, 14.525,  0.000,-23.077, 13.525, 13.800,  0.000, 14.825, 14.300,  0.525,  0.800,  1.000,  0.800,0.00000,  0.000,
mon_rep231013,2023-10-13T10:51:31,783.266,  0.400,1,0,247, 25.000, 14.525,  0.000,-23.077, 13.525, 13.800,  0.000, 14.825, 14.300,  0.525,  0.800,  1.000,  0.800,0.00000,  0.000,
mon_rep231013,2023-10-13T10:51:31,783.666,  0.400,1,0,247, 25.000, 14.525,  0.000,-23.077, 13.525, 13.800,  0.000, 14.825, 14.300,  0.525,  0.800,  1.000,  0.800,0.00000,  0.000,
mon_rep231013,2023-10-13T10:51:32,784.066,  0.400,1,0,247, 25.000, 14.525,  0.000,-23.077, 13.525, 13.800,  0.000, 14.825, 14.300,  0.525,  0.800,  1.000,  0.800,0.00000,  0.000,
mon_rep231013,2023-10-13T10:51:32,784.466,  0.400,1,0,247, 25.000, 14.525,  0.000,-23.077, 13.525, 13.800,  0.000, 14.825, 14.300,  0.525,  0.800,  1.000,  0.800,0.00000,  0.000,
mon_rep231013,2023-10-13T10:51:32,784.866,  0.400,1,0,247, 25.000, 14.525,  0.000,-23.077, 13.525, 13.800,  0.000, 14.825, 14.300,  0.525,  0.800,  1.000,  0.800,0.00000,  0.000,
mon_rep231013,2023-10-13T10:51:33,785.266,  0.400,1,0,247, 25.000, 14.525,  0.000,-23.077, 13.525, 13.800,  0.000, 14.825, 14.300,  0.525,  0.800,  1.000,  0.800,0.00000,  0.000,
mon_rep231013,2023-10-13T10:51:33,785.666,  0.400,1,0,247, 25.000, 14.525,  0.000,-23.077, 13.525, 13.800,  0.000, 14.825, 14.300,  0.525,  0.800,  1.000,  0.800,0.00000,  0.000,
mon_rep231013,2023-10-13T10:51:34,786.066,  0.400,1,0,247, 25.000, 14.525,  0.000,-23.077, 13.525, 13.800,  0.000, 14.825, 14.300,  0.525,  0.800,  1.000,  0.800,0.00000,  0.000,
mon_rep231013,2023-10-13T10:51:34,786.466,  0.400,1,0,247, 25.000, 14.525,  0.000,-23.077, 13.525, 13.800,  0.000, 14.825, 14.300,  0.525,  0.800,  1.000,  0.800,0.00000,  0.000,
mon_rep231013,2023-10-13T10:51:34,786.866,  0.400,1,0,247, 25.000, 14.525,  0.000,-23.077, 13.525, 13.800,  0.000, 14.825, 14.300,  0.525,  0.800,  1.000,  0.800,0.00000,  0.000,
mon_rep231013,2023-10-13T10:51:35,787.266,  0.400,1,0,247, 25.000, 14.525,  0.000,-23.077, 13.525, 13.800,  0.000, 14.825, 14.300,  0.525,  0.800,  1.000,  0.800,0.00000,  0.000,
mon_rep231013,2023-10-13T10:51:35,787.666,  0.400,1,0,247, 25.000, 14.525,  0.000,-23.077, 13.525, 13.800,  0.000, 14.825, 14.300,  0.525,  0.800,  1.000,  0.800,0.00000,  0.000,
mon_rep231013,2023-10-13T10:51:36,788.066,  0.400,1,0,247, 25.000, 14.525,  0.000,-23.077, 13.525, 13.800,  0.000, 14.825, 14.300,  0.525,  0.800,  1.000,  0.800,0.00000,  0.000,
mon_rep231013,2023-10-13T10:51:36,788.466,  0.400,1,0,247, 25.000, 14.525,  0.000,-23.077, 13.525, 13.800,  0.000, 14.825, 14.300,  0.525,  0.800,  1.000,  0.800,0.00000,  0.000,
mon_rep231013,2023-10-13T10:51:36,788.866,  0.400,1,0,247, 25.000, 14.525,  0.000,-23.077, 13.525, 13.800,  0.000, 14.825, 14.300,  0.525,  0.800,  1.000,  0.800,0.00000,  0.000,
mon_rep231013,2023-10-13T10:51:37,789.266,  0.400,1,0,247, 25.000, 14.525,  0.000,-23.077, 13.525, 13.800,  0.000, 14.825, 14.300,  0.525,  0.800,  1.000,  0.800,0.00000,  0.000,
mon_rep231013,2023-10-13T10:51:37,789.666,  0.400,1,0,247, 25.000, 14.525,  0.000,-23.077, 13.525, 13.800,  0.000, 14.825, 14.300,  0.525,  0.800,  1.000,  0.800,0.00000,  0.000,
mon_rep231013,2023-10-13T10:51:38,790.066,  0.400,1,0,247, 25.000, 14.525,  0.000,-23.077, 13.525, 13.800,  0.000, 14.825, 14.300,  0.525,  0.800,  1.000,  0.800,0.00000,  0.000,
mon_rep231013,2023-10-13T10:51:38,790.466,  0.400,1,0,247, 25.000, 14.525,  0.000,-23.077, 13.525, 13.800,  0.000, 14.825, 14.300,  0.525,  0.800,  1.000,  0.800,0.00000,  0.000,
mon_rep231013,2023-10-13T10:51:38,790.866,  0.400,1,0,247, 25.000, 14.525,  0.000,-23.077, 13.525, 13.800,  0.000, 14.825, 14.300,  0.525,  0.800,  1.000,  0.800,0.00000,  0.000,
mon_rep231013,2023-10-13T10:51:39,791.266,  0.400,1,0,247, 25.000, 14.525,  0.000,-23.077, 13.525, 13.800,  0.000, 14.825, 14.300,  0.525,  0.800,  1.000,  0.800,0.00000,  0.000,
mon_rep231013,2023-10-13T10:51:39,791.666,  0.400,1,0,247, 25.000, 14.525,  0.000,-23.077, 13.525, 13.800,  0.000, 14.825, 14.300,  0.525,  0.800,  1.000,  0.800,0.00000,  0.000,
mon_rep231013,2023-10-13T10:51:40,792.066,  0.400,1,0,247, 25.000, 14.525,  0.000,-23.077, 13.525, 13.800,  0.000, 14.825, 14.300,  0.525,  0.800,  1.000,  0.800,0.00000,  0.000,
mon_rep231013,2023-10-13T10:51:40,792.466,  0.400,1,0,247, 25.000, 14.525,  0.000,-23.077, 13.525, 13.800,  0.000, 14.825, 14.300,  0.525,  0.800,  1.000,  0.800,0.00000,  0.000,
mon_rep231013,2023-10-13T10:51:40,792.866,  0.400,1,0,247, 25.000, 14.525,  0.000,-23.077, 13.525, 13.800,  0.000, 14.825, 14.300,  0.525,  0.800,  1.000,  0.800,0.00000,  0.000,
mon_rep231013,2023-10-13T10:51:41,793.266,  0.400,1,0,247, 25.000, 14.525,  0.000,-23.077, 13.525, 13.800,  0.000, 14.825, 14.300,  0.525,  0.800,  1.000,  0.800,0.00000,  0.000,
mon_rep231013,2023-10-13T10:51:41,793.666,  0.400,1,0,247, 25.000, 14.525,  0.000,-23.077, 13.525, 13.800,  0.000, 14.825, 14.300,  0.525,  0.800,  1.000,  0.800,0.00000,  0.000,
mon_rep231013,2023-10-13T10:51:42,794.066,  0.400,1,0,247, 25.000, 14.525,  0.000,-23.077, 13.525, 13.800,  0.000, 14.825, 14.300,  0.525,  0.800,  1.000,  0.800,0.00000,  0.000,
mon_rep231013,2023-10-13T10:51:42,794.466,  0.400,1,0,247, 25.000, 14.525,  0.000,-23.077, 13.525, 13.800,  0.000, 14.825, 14.300,  0.525,  0.800,  1.000,  0.800,0.00000,  0.000,
mon_rep231013,2023-10-13T10:51:42,794.866,  0.400,1,0,247, 25.000, 14.525,  0.000,-23.077, 13.525, 13.800,  0.000, 14.825, 14.300,  0.525,  0.800,  1.000,  0.800,0.00000,  0.000,
mon_rep231013,2023-10-13T10:51:43,795.266,  0.400,1,0,247, 25.000, 14.525,  0.000,-23.077, 13.525, 13.800,  0.000, 14.825, 14.300,  0.525,  0.800,  1.000,  0.800,0.00000,  0.000,
mon_rep231013,2023-10-13T10:51:43,795.666,  0.400,1,0,247, 25.000, 14.525,  0.000,-23.077, 13.525, 13.800,  0.000, 14.825, 14.300,  0.525,  0.800,  1.000,  0.800,0.00000,  0.000,
mon_rep231013,2023-10-13T10:51:44,796.066,  0.400,1,0,247, 25.000, 14.525,  0.000,-23.077, 13.525, 13.800,  0.000, 14.825, 14.300,  0.525,  0.800,  1.000,  0.800,0.00000,  0.000,
mon_rep231013,2023-10-13T10:51:44,796.466,  0.400,1,0,247, 25.000, 14.525,  0.000,-23.077, 13.525, 13.800,  0.000, 14.825, 14.300,  0.525,  0.800,  1.000,  0.800,0.00000,  0.000,
mon_rep231013,2023-10-13T10:51:44,796.866,  0.400,1,0,247, 25.000, 14.525,  0.000,-23.077, 13.525, 13.800,  0.000, 14.825, 14.300,  0.525,  0.800,  1.000,  0.800,0.00000,  0.000,
mon_rep231013,2023-10-13T10:51:45,797.266,  0.400,1,0,247, 25.000, 14.525,  0.000,-23.077, 13.525, 13.800,  0.000, 14.825, 14.300,  0.525,  0.800,  1.000,  0.800,0.00000,  0.000,
mon_rep231013,2023-10-13T10:51:45,797.666,  0.400,1,0,247, 25.000, 14.525,  0.000,-23.077, 13.525, 13.800,  0.000, 14.825, 14.300,  0.525,  0.800,  1.000,  0.800,0.00000,  0.000,
mon_rep231013,2023-10-13T10:51:46,798.066,  0.400,1,0,247, 25.000, 14.525,  0.000,-23.077, 13.525, 13.800,  0.000, 14.825, 14.300,  0.525,  0.800,  1.000,  0.800,0.00000,  0.000,
mon_rep231013,2023-10-13T10:51:46,798.466,  0.400,1,0,247, 25.000, 14.525,  0.000,-23.077, 13.525, 13.800,  0.000, 14.825, 14.300,  0.525,  0.800,  1.000,  0.800,0.00000,  0.000,
mon_rep231013,2023-10-13T10:51:46,798.866,  0.400,1,0,247, 25.000, 14.525,  0.000,-23.077, 13.525, 13.800,  0.000, 14.825, 14.300,  0.525,  0.800,  1.000,  0.800,0.00000,  0.000,
mon_rep231013,2023-10-13T10:51:47,799.266,  0.400,1,0,247, 25.000, 14.525,  0.000,-23.077, 13.525, 13.800,  0.000, 14.825, 14.300,  0.525,  0.800,  1.000,  0.800,0.00000,  0.000,
mon_rep231013,2023-10-13T10:51:47,799.666,  0.400,1,0,247, 25.000, 14.525,  0.000,-23.077, 13.525, 13.800,  0.000, 14.825, 14.300,  0.525,  0.800,  1.000,  0.800,0.00000,  0.000,
mon_rep231013,2023-10-13T10:51:48,800.066,  0.400,1,0,247, 25.000, 14.525,  0.000,-23.077, 13.525, 13.800,  0.000, 14.825, 14.300,  0.525,  0.800,  1.000,  0.800,0.00000,  0.000,
mon_rep231013,2023-10-13T10:51:48,800.466,  0.400,1,0,247, 25.000, 14.525,  0.000,-23.077, 13.525, 13.800,  0.000, 14.825, 14.300,  0.525,  0.800,  1.000,  0.800,0.00000,  0.000,
mon_rep231013,2023-10-13T10:51:48,800.866,  0.400,1,0,247, 25.000, 14.525,  0.000,-23.077, 13.525, 13.800,  0.000, 14.825, 14.300,  0.525,  0.800,  1.000,  0.800,0.00000,  0.000,
mon_rep231013,2023-10-13T10:51:49,801.266,  0.400,1,0,247, 25.000, 14.525,  0.000,-23.077, 13.525, 13.800,  0.000, 14.825, 14.300,  0.525,  0.800,  1.000,  0.800,0.00000,  0.000,
mon_rep231013,2023-10-13T10:51:49,801.666,  0.400,1,0,247, 25.000, 14.525,  0.000,-23.077, 13.525, 13.800,  0.000, 14.825, 14.300,  0.525,  0.800,  1.000,  0.800,0.00000,  0.000,
mon_rep231013,2023-10-13T10:51:50,802.066,  0.400,1,0,247, 25.000, 14.525,  0.000,-23.077, 13.525, 13.800,  0.000, 14.825, 14.300,  0.525,  0.800,  1.000,  0.800,0.00000,  0.000,
mon_rep231013,2023-10-13T10:51:50,802.466,  0.400,1,0,247, 25.000, 14.525,  0.000,-23.077, 13.525, 13.800,  0.000, 14.825, 14.300,  0.525,  0.800,  1.000,  0.800,0.00000,  0.000,
mon_rep231013,2023-10-13T10:51:50,802.866,  0.400,1,0,247, 25.000, 14.525,  0.000,-23.077, 13.525, 13.800,  0.000, 14.825, 14.300,  0.525,  0.800,  1.000,  0.800,0.00000,  0.000,
mon_rep231013,2023-10-13T10:51:51,803.266,  0.400,1,0,247, 25.000, 14.525,  0.000,-23.077, 13.525, 13.800,  0.000, 14.825, 14.300,  0.525,  0.800,  1.000,  0.800,0.00000,  0.000,
mon_rep231013,2023-10-13T10:51:51,803.666,  0.400,1,0,247, 25.000, 14.525,  0.000,-23.077, 13.525, 13.800,  0.000, 14.825, 14.300,  0.525,  0.800,  1.000,  0.800,0.00000,  0.000,
mon_rep231013,2023-10-13T10:51:52,804.066,  0.400,1,0,247, 25.000, 14.525,  0.000,-23.077, 13.525, 13.800,  0.000, 14.825, 14.300,  0.525,  0.800,  1.000,  0.800,0.00000,  0.000,
mon_rep231013,2023-10-13T10:51:52,804.466,  0.400,1,0,247, 25.000, 14.525,  0.000,-23.077, 13.525, 13.800,  0.000, 14.825, 14.300,  0.525,  0.800,  1.000,  0.800,0.00000,  0.000,
mon_rep231013,2023-10-13T10:51:52,804.866,  0.400,1,0,247, 25.000, 14.525,  0.000,-23.077, 13.525, 13.800,  0.000, 14.825, 14.300,  0.525,  0.800,  1.000,  0.800,0.00000,  0.000,
mon_rep231013,2023-10-13T10:51:53,805.266,  0.400,1,0,247, 25.000, 14.525,  0.000,-23.077, 13.525, 13.800,  0.000, 14.825, 14.300,  0.525,  0.800,  1.000,  0.800,0.00000,  0.000,
mon_rep231013,2023-10-13T10:51:53,805.666,  0.400,1,0,247, 25.000, 14.525,  0.000,-23.077, 13.525, 13.800,  0.000, 14.825, 14.300,  0.525,  0.800,  1.000,  0.800,0.00000,  0.000,
mon_rep231013,2023-10-13T10:51:54,806.066,  0.400,1,0,247, 25.000, 14.525,  0.000,-23.077, 13.525, 13.800,  0.000, 14.825, 14.300,  0.525,  0.800,  1.000,  0.800,0.00000,  0.000,
mon_rep231013,2023-10-13T10:51:54,806.466,  0.400,1,0,247, 25.000, 14.525,  0.000,-23.077, 13.525, 13.800,  0.000, 14.825, 14.300,  0.525,  0.800,  1.000,  0.800,0.00000,  0.000,
mon_rep231013,2023-10-13T10:51:54,806.866,  0.400,1,0,247, 25.000, 14.525,  0.000,-23.077, 13.525, 13.800,  0.000, 14.825, 14.300,  0.525,  0.800,  1.000,  0.800,0.00000,  0.000,
mon_rep231013,2023-10-13T10:51:55,807.266,  0.400,1,0,247, 25.000, 14.525,  0.000,-23.077, 13.525, 13.800,  0.000, 14.825, 14.300,  0.525,  0.800,  1.000,  0.800,0.00000,  0.000,
mon_rep231013,2023-10-13T10:51:55,807.666,  0.400,1,0,247, 25.000, 14.525,  0.000,-23.077, 13.525, 13.800,  0.000, 14.825, 14.300,  0.525,  0.800,  1.000,  0.800,0.00000,  0.000,
mon_rep231013,2023-10-13T10:51:56,808.066,  0.400,1,0,247, 25.000, 14.525,  0.000,-23.077, 13.525, 13.800,  0.000, 14.825, 14.300,  0.525,  0.800,  1.000,  0.800,0.00000,  0.000,
mon_rep231013,2023-10-13T10:51:56,808.466,  0.400,1,0,247, 25.000, 14.525,  0.000,-23.077, 13.525, 13.800,  0.000, 14.825, 14.300,  0.525,  0.800,  1.000,  0.800,0.00000,  0.000,
mon_rep231013,2023-10-13T10:51:56,808.866,  0.400,1,0,247, 25.000, 14.525,  0.000,-23.077, 13.525, 13.800,  0.000, 14.825, 14.300,  0.525,  0.800,  1.000,  0.800,0.00000,  0.000,
mon_rep231013,2023-10-13T10:51:57,809.266,  0.400,1,0,247, 25.000, 14.525,  0.000,-23.077, 13.525, 13.800,  0.000, 14.825, 14.300,  0.525,  0.800,  1.000,  0.800,0.00000,  0.000,
mon_rep231013,2023-10-13T10:51:57,809.666,  0.400,1,0,247, 25.000, 14.525,  0.000,-23.077, 13.525, 13.800,  0.000, 14.825, 14.300,  0.525,  0.800,  1.000,  0.800,0.00000,  0.000,
mon_rep231013,2023-10-13T10:51:58,810.066,  0.400,1,0,247, 25.000, 14.525,  0.000,-23.077, 13.525, 13.800,  0.000, 14.825, 14.300,  0.525,  0.800,  1.000,  0.800,0.00000,  0.000,
mon_rep231013,2023-10-13T10:51:58,810.466,  0.400,1,0,247, 25.000, 14.525,  0.000,-23.077, 13.525, 13.800,  0.000, 14.825, 14.300,  0.525,  0.800,  1.000,  0.800,0.00000,  0.000,
mon_rep231013,2023-10-13T10:51:58,810.866,  0.400,1,0,247, 25.000, 14.525,  0.000,-23.077, 13.525, 13.800,  0.000, 14.825, 14.300,  0.525,  0.800,  1.000,  0.800,0.00000,  0.000,
mon_rep231013,2023-10-13T10:51:59,811.266,  0.400,1,0,247, 25.000, 14.525,  0.000,-23.077, 13.525, 13.800,  0.000, 14.825, 14.300,  0.525,  0.800,  1.000,  0.800,0.00000,  0.000,
mon_rep231013,2023-10-13T10:51:59,811.666,  0.400,1,0,247, 25.000, 14.525,  0.000,-23.077, 13.525, 13.800,  0.000, 14.825, 14.300,  0.525,  0.800,  1.000,  0.800,0.00000,  0.000,
mon_rep231013,2023-10-13T10:52:00,812.066,  0.400,1,0,247, 25.000, 14.525,  0.000,-23.077, 13.525, 13.800,  0.000, 14.825, 14.300,  0.525,  0.800,  1.000,  0.800,0.00000,  0.000,
mon_rep231013,2023-10-13T10:52:00,812.466,  0.400,1,0,247, 25.000, 14.525,  0.000,-23.077, 13.525, 13.800,  0.000, 14.825, 14.300,  0.525,  0.800,  1.000,  0.800,0.00000,  0.000,
mon_rep231013,2023-10-13T10:52:00,812.866,  0.400,1,0,247, 25.000, 14.525,  0.000,-23.077, 13.525, 13.800,  0.000, 14.825, 14.300,  0.525,  0.800,  1.000,  0.800,0.00000,  0.000,
mon_rep231013,2023-10-13T10:52:01,813.266,  0.400,1,0,247, 25.000, 14.525,  0.000,-23.077, 13.525, 13.800,  0.000, 14.825, 14.300,  0.525,  0.800,  1.000,  0.800,0.00000,  0.000,
mon_rep231013,2023-10-13T10:52:01,813.666,  0.400,1,0,247, 25.000, 14.525,  0.000,-23.077, 13.525, 13.800,  0.000, 14.825, 14.300,  0.525,  0.800,  1.000,  0.800,0.00000,  0.000,
mon_rep231013,2023-10-13T10:52:02,814.066,  0.400,1,0,247, 25.000, 14.525,  0.000,-23.077, 13.525, 13.800,  0.000, 14.825, 14.300,  0.525,  0.800,  1.000,  0.800,0.00000,  0.000,
mon_rep231013,2023-10-13T10:52:02,814.466,  0.400,1,0,247, 25.000, 14.525,  0.000,-23.077, 13.525, 13.800,  0.000, 14.825, 14.300,  0.525,  0.800,  1.000,  0.800,0.00000,  0.000,
mon_rep231013,2023-10-13T10:52:02,814.866,  0.400,1,0,247, 25.000, 14.525,  0.000,-23.077, 13.525, 13.800,  0.000, 14.825, 14.300,  0.525,  0.800,  1.000,  0.800,0.00000,  0.000,
mon_rep231013,2023-10-13T10:52:03,815.266,  0.400,1,0,247, 25.000, 14.525,  0.000,-23.077, 13.525, 13.800,  0.000, 14.825, 14.300,  0.525,  0.800,  1.000,  0.800,0.00000,  0.000,
mon_rep231013,2023-10-13T10:52:03,815.666,  0.400,1,0,247, 25.000, 14.525,  0.000,-23.077, 13.525, 13.800,  0.000, 14.825, 14.300,  0.525,  0.800,  1.000,  0.800,0.00000,  0.000,
mon_rep231013,2023-10-13T10:52:04,816.066,  0.400,1,0,247, 25.000, 14.525,  0.000,-23.077, 13.525, 13.800,  0.000, 14.825, 14.300,  0.525,  0.800,  1.000,  0.800,0.00000,  0.000,
mon_rep231013,2023-10-13T10:52:04,816.466,  0.400,1,0,247, 25.000, 14.525,  0.000,-23.077, 13.525, 13.800,  0.000, 14.825, 14.300,  0.525,  0.800,  1.000,  0.800,0.00000,  0.000,
mon_rep231013,2023-10-13T10:52:04,816.866,  0.400,1,0,247, 25.000, 14.525,  0.000,-23.077, 13.525, 13.800,  0.000, 14.825, 14.300,  0.525,  0.800,  1.000,  0.800,0.00000,  0.000,
mon_rep231013,2023-10-13T10:52:05,817.266,  0.400,1,0,247, 25.000, 14.525,  0.000,-23.077, 13.525, 13.800,  0.000, 14.825, 14.300,  0.525,  0.800,  1.000,  0.800,0.00000,  0.000,
mon_rep231013,2023-10-13T10:52:05,817.666,  0.400,1,0,247, 25.000, 14.525,  0.000,-23.077, 13.525, 13.800,  0.000, 14.825, 14.300,  0.525,  0.800,  1.000,  0.800,0.00000,  0.000,
mon_rep231013,2023-10-13T10:52:06,818.066,  0.400,1,0,247, 25.000, 14.525,  0.000,-23.077, 13.525, 13.800,  0.000, 14.825, 14.300,  0.525,  0.800,  1.000,  0.800,0.00000,  0.000,
mon_rep231013,2023-10-13T10:52:06,818.466,  0.400,1,0,247, 25.000, 14.525,  0.000,-23.077, 13.525, 13.800,  0.000, 14.825, 14.300,  0.525,  0.800,  1.000,  0.800,0.00000,  0.000,
mon_rep231013,2023-10-13T10:52:06,818.866,  0.400,1,0,247, 25.000, 14.525,  0.000,-23.077, 13.525, 13.800,  0.000, 14.825, 14.300,  0.525,  0.800,  1.000,  0.800,0.00000,  0.000,
mon_rep231013,2023-10-13T10:52:07,819.266,  0.400,1,0,247, 25.000, 14.525,  0.000,-23.077, 13.525, 13.800,  0.000, 14.825, 14.300,  0.525,  0.800,  1.000,  0.800,0.00000,  0.000,
mon_rep231013,2023-10-13T10:52:07,819.666,  0.400,1,0,247, 25.000, 14.525,  0.000,-23.077, 13.525, 13.800,  0.000, 14.825, 14.300,  0.525,  0.800,  1.000,  0.800,0.00000,  0.000,
mon_rep231013,2023-10-13T10:52:08,820.066,  0.400,1,0,247, 25.000, 14.525,  0.000,-23.077, 13.525, 13.800,  0.000, 14.825, 14.300,  0.525,  0.800,  1.000,  0.800,0.00000,  0.000,
mon_rep231013,2023-10-13T10:52:08,820.466,  0.400,1,0,247, 25.000, 14.525,  0.000,-23.077, 13.525, 13.800,  0.000, 14.825, 14.300,  0.525,  0.800,  1.000,  0.800,0.00000,  0.000,
mon_rep231013,2023-10-13T10:52:08,820.866,  0.400,1,0,247, 25.000, 14.525,  0.000,-23.077, 13.525, 13.800,  0.000, 14.825, 14.300,  0.525,  0.800,  1.000,  0.800,0.00000,  0.000,
mon_rep231013,2023-10-13T10:52:09,821.266,  0.400,1,0,247, 25.000, 14.525,  0.000,-23.077, 13.525, 13.800,  0.000, 14.825, 14.300,  0.525,  0.800,  1.000,  0.800,0.00000,  0.000,
mon_rep231013,2023-10-13T10:52:09,821.666,  0.400,1,0,247, 25.000, 14.525,  0.000,-23.077, 13.525, 13.800,  0.000, 14.825, 14.300,  0.525,  0.800,  1.000,  0.800,0.00000,  0.000,
mon_rep231013,2023-10-13T10:52:10,822.066,  0.400,1,0,247, 25.000, 14.525,  0.000,-23.077, 13.525, 13.800,  0.000, 14.825, 14.300,  0.525,  0.800,  1.000,  0.800,0.00000,  0.000,
mon_rep231013,2023-10-13T10:52:10,822.466,  0.400,1,0,247, 25.000, 14.525,  0.000,-23.077, 13.525, 13.800,  0.000, 14.825, 14.300,  0.525,  0.800,  1.000,  0.800,0.00000,  0.000,
mon_rep231013,2023-10-13T10:52:10,822.866,  0.400,1,0,247, 25.000, 14.525,  0.000,-23.077, 13.525, 13.800,  0.000, 14.825, 14.300,  0.525,  0.800,  1.000,  0.800,0.00000,  0.000,
mon_rep231013,2023-10-13T10:52:11,823.266,  0.400,1,0,247, 25.000, 14.525,  0.000,-23.077, 13.525, 13.800,  0.000, 14.825, 14.300,  0.525,  0.800,  1.000,  0.800,0.00000,  0.000,
mon_rep231013,2023-10-13T10:52:11,823.666,  0.400,1,0,247, 25.000, 14.525,  0.000,-23.077, 13.525, 13.800,  0.000, 14.825, 14.300,  0.525,  0.800,  1.000,  0.800,0.00000,  0.000,
mon_rep231013,2023-10-13T10:52:12,824.066,  0.400,1,0,247, 25.000, 14.525,  0.000,-23.077, 13.525, 13.800,  0.000, 14.825, 14.300,  0.525,  0.800,  1.000,  0.800,0.00000,  0.000,
mon_rep231013,2023-10-13T10:52:12,824.466,  0.400,1,0,247, 25.000, 14.525,  0.000,-23.077, 13.525, 13.800,  0.000, 14.825, 14.300,  0.525,  0.800,  1.000,  0.800,0.00000,  0.000,
mon_rep231013,2023-10-13T10:52:12,824.866,  0.400,1,0,247, 25.000, 14.525,  0.000,-23.077, 13.525, 13.800,  0.000, 14.825, 14.300,  0.525,  0.800,  1.000,  0.800,0.00000,  0.000,
mon_rep231013,2023-10-13T10:52:13,825.266,  0.400,1,0,247, 25.000, 14.525,  0.000,-23.077, 13.525, 13.800,  0.000, 14.825, 14.300,  0.525,  0.800,  1.000,  0.800,0.00000,  0.000,
mon_rep231013,2023-10-13T10:52:13,825.666,  0.400,1,0,247, 25.000, 14.525,  0.000,-23.077, 13.525, 13.800,  0.000, 14.825, 14.300,  0.525,  0.800,  1.000,  0.800,0.00000,  0.000,
mon_rep231013,2023-10-13T10:52:14,826.066,  0.400,1,0,247, 25.000, 14.525,  0.000,-23.077, 13.525, 13.800,  0.000, 14.825, 14.300,  0.525,  0.800,  1.000,  0.800,0.00000,  0.000,
mon_rep231013,2023-10-13T10:52:14,826.466,  0.400,1,0,247, 25.000, 14.525,  0.000,-23.077, 13.525, 13.800,  0.000, 14.825, 14.300,  0.525,  0.800,  1.000,  0.800,0.00000,  0.000,
mon_rep231013,2023-10-13T10:52:14,826.866,  0.400,1,0,247, 25.000, 14.525,  0.000,-23.077, 13.525, 13.800,  0.000, 14.825, 14.300,  0.525,  0.800,  1.000,  0.800,0.00000,  0.000,
mon_rep231013,2023-10-13T10:52:15,827.266,  0.400,1,0,247, 25.000, 14.525,  0.000,-23.077, 13.525, 13.800,  0.000, 14.825, 14.300,  0.525,  0.800,  1.000,  0.800,0.00000,  0.000,
mon_rep231013,2023-10-13T10:52:15,827.666,  0.400,1,0,247, 25.000, 14.525,  0.000,-23.077, 13.525, 13.800,  0.000, 14.825, 14.300,  0.525,  0.800,  1.000,  0.800,0.00000,  0.000,
mon_rep231013,2023-10-13T10:52:16,828.066,  0.400,1,0,247, 25.000, 14.525,  0.000,-23.077, 13.525, 13.800,  0.000, 14.825, 14.300,  0.525,  0.800,  1.000,  0.800,0.00000,  0.000,
mon_rep231013,2023-10-13T10:52:16,828.466,  0.400,1,0,247, 25.000, 14.525,  0.000,-23.077, 13.525, 13.800,  0.000, 14.825, 14.300,  0.525,  0.800,  1.000,  0.800,0.00000,  0.000,
mon_rep231013,2023-10-13T10:52:16,828.866,  0.400,1,0,247, 25.000, 14.525,  0.000,-23.077, 13.525, 13.800,  0.000, 14.825, 14.300,  0.525,  0.800,  1.000,  0.800,0.00000,  0.000,
mon_rep231013,2023-10-13T10:52:17,829.266,  0.400,1,0,247, 25.000, 14.525,  0.000,-23.077, 13.525, 13.800,  0.000, 14.825, 14.300,  0.525,  0.800,  1.000,  0.800,0.00000,  0.000,
mon_rep231013,2023-10-13T10:52:17,829.666,  0.400,1,0,247, 25.000, 14.525,  0.000,-23.077, 13.525, 13.800,  0.000, 14.825, 14.300,  0.525,  0.800,  1.000,  0.800,0.00000,  0.000,
mon_rep231013,2023-10-13T10:52:18,830.066,  0.400,1,0,247, 25.000, 14.525,  0.000,-23.077, 13.525, 13.800,  0.000, 14.825, 14.300,  0.525,  0.800,  1.000,  0.800,0.00000,  0.000,
mon_rep231013,2023-10-13T10:52:18,830.466,  0.400,1,0,247, 25.000, 14.525,  0.000,-23.077, 13.525, 13.800,  0.000, 14.825, 14.300,  0.525,  0.800,  1.000,  0.800,0.00000,  0.000,
mon_rep231013,2023-10-13T10:52:18,830.866,  0.400,1,0,247, 25.000, 14.525,  0.000,-23.077, 13.525, 13.800,  0.000, 14.825, 14.300,  0.525,  0.800,  1.000,  0.800,0.00000,  0.000,
mon_rep231013,2023-10-13T10:52:19,831.266,  0.400,1,0,247, 25.000, 14.525,  0.000,-23.077, 13.525, 13.800,  0.000, 14.825, 14.300,  0.525,  0.800,  1.000,  0.800,0.00000,  0.000,
mon_rep231013,2023-10-13T10:52:19,831.666,  0.400,1,0,247, 25.000, 14.525,  0.000,-23.077, 13.525, 13.800,  0.000, 14.825, 14.300,  0.525,  0.800,  1.000,  0.800,0.00000,  0.000,
mon_rep231013,2023-10-13T10:52:20,832.066,  0.400,1,0,247, 25.000, 14.525,  0.000,-23.077, 13.525, 13.800,  0.000, 14.825, 14.300,  0.525,  0.800,  1.000,  0.800,0.00000,  0.000,
mon_rep231013,2023-10-13T10:52:20,832.466,  0.400,1,0,247, 25.000, 14.525,  0.000,-23.077, 13.525, 13.800,  0.000, 14.825, 14.300,  0.525,  0.800,  1.000,  0.800,0.00000,  0.000,
mon_rep231013,2023-10-13T10:52:20,832.866,  0.400,1,0,247, 25.000, 14.525,  0.000,-23.077, 13.525, 13.800,  0.000, 14.825, 14.300,  0.525,  0.800,  1.000,  0.800,0.00000,  0.000,
mon_rep231013,2023-10-13T10:52:21,833.266,  0.400,1,0,247, 25.000, 14.525,  0.000,-23.077, 13.525, 13.800,  0.000, 14.825, 14.300,  0.525,  0.800,  1.000,  0.800,0.00000,  0.000,
mon_rep231013,2023-10-13T10:52:21,833.666,  0.400,1,0,247, 25.000, 14.525,  0.000,-23.077, 13.525, 13.800,  0.000, 14.825, 14.300,  0.525,  0.800,  1.000,  0.800,0.00000,  0.000,
mon_rep231013,2023-10-13T10:52:22,834.066,  0.400,1,0,247, 25.000, 14.525,  0.000,-23.077, 13.525, 13.800,  0.000, 14.825, 14.300,  0.525,  0.800,  1.000,  0.800,0.00000,  0.000,
mon_rep231013,2023-10-13T10:52:22,834.466,  0.400,1,0,247, 25.000, 14.525,  0.000,-23.077, 13.525, 13.800,  0.000, 14.825, 14.300,  0.525,  0.800,  1.000,  0.800,0.00000,  0.000,
mon_rep231013,2023-10-13T10:52:22,834.866,  0.400,1,0,247, 25.000, 14.525,  0.000,-23.077, 13.525, 13.800,  0.000, 14.825, 14.300,  0.525,  0.800,  1.000,  0.800,0.00000,  0.000,
mon_rep231013,2023-10-13T10:52:23,835.266,  0.400,1,0,247, 25.000, 14.525,  0.000,-23.077, 13.525, 13.800,  0.000, 14.825, 14.300,  0.525,  0.800,  1.000,  0.800,0.00000,  0.000,
mon_rep231013,2023-10-13T10:52:23,835.666,  0.400,1,0,247, 25.000, 14.525,  0.000,-23.077, 13.525, 13.800,  0.000, 14.825, 14.300,  0.525,  0.800,  1.000,  0.800,0.00000,  0.000,
mon_rep231013,2023-10-13T10:52:24,836.066,  0.400,1,0,247, 25.000, 14.525,  0.000,-23.077, 13.525, 13.800,  0.000, 14.825, 14.300,  0.525,  0.800,  1.000,  0.800,0.00000,  0.000,
mon_rep231013,2023-10-13T10:52:24,836.466,  0.400,1,0,247, 25.000, 14.525,  0.000,-23.077, 13.525, 13.800,  0.000, 14.825, 14.300,  0.525,  0.800,  1.000,  0.800,0.00000,  0.000,
mon_rep231013,2023-10-13T10:52:24,836.866,  0.400,1,0,247, 25.000, 14.525,  0.000,-23.077, 13.525, 13.800,  0.000, 14.825, 14.300,  0.525,  0.800,  1.000,  0.800,0.00000,  0.000,
mon_rep231013,2023-10-13T10:52:25,837.266,  0.400,1,0,247, 25.000, 14.525,  0.000,-23.077, 13.525, 13.800,  0.000, 14.825, 14.300,  0.525,  0.800,  1.000,  0.800,0.00000,  0.000,
mon_rep231013,2023-10-13T10:52:25,837.666,  0.400,1,0,247, 25.000, 14.525,  0.000,-23.077, 13.525, 13.800,  0.000, 14.825, 14.300,  0.525,  0.800,  1.000,  0.800,0.00000,  0.000,
mon_rep231013,2023-10-13T10:52:26,838.066,  0.400,1,0,247, 25.000, 14.525,  0.000,-23.077, 13.525, 13.800,  0.000, 14.825, 14.300,  0.525,  0.800,  1.000,  0.800,0.00000,  0.000,
mon_rep231013,2023-10-13T10:52:26,838.466,  0.400,1,0,247, 25.000, 14.525,  0.000,-23.077, 13.525, 13.800,  0.000, 14.825, 14.300,  0.525,  0.800,  1.000,  0.800,0.00000,  0.000,
mon_rep231013,2023-10-13T10:52:26,838.866,  0.400,1,0,247, 25.000, 14.525,  0.000,-23.077, 13.525, 13.800,  0.000, 14.825, 14.300,  0.525,  0.800,  1.000,  0.800,0.00000,  0.000,
mon_rep231013,2023-10-13T10:52:27,839.266,  0.400,1,0,247, 25.000, 14.525,  0.000,-23.077, 13.525, 13.800,  0.000, 14.825, 14.300,  0.525,  0.800,  1.000,  0.800,0.00000,  0.000,
mon_rep231013,2023-10-13T10:52:27,839.666,  0.400,1,0,247, 25.000, 14.525,  0.000,-23.077, 13.525, 13.800,  0.000, 14.825, 14.300,  0.525,  0.800,  1.000,  0.800,0.00000,  0.000,
mon_rep231013,2023-10-13T10:52:28,840.066,  0.400,1,0,247, 25.000, 14.525,  0.000,-23.077, 13.525, 13.800,  0.000, 14.825, 14.300,  0.525,  0.800,  1.000,  0.800,0.00000,  0.000,
mon_rep231013,2023-10-13T10:52:28,840.466,  0.400,1,0,247, 25.000, 14.525,  0.000,-23.077, 13.525, 13.800,  0.000, 14.825, 14.300,  0.525,  0.800,  1.000,  0.800,0.00000,  0.000,
mon_rep231013,2023-10-13T10:52:28,840.866,  0.400,1,0,247, 25.000, 14.525,  0.000,-23.077, 13.525, 13.800,  0.000, 14.825, 14.300,  0.525,  0.800,  1.000,  0.800,0.00000,  0.000,
mon_rep231013,2023-10-13T10:52:29,841.266,  0.400,1,0,247, 25.000, 14.525,  0.000,-23.077, 13.525, 13.800,  0.000, 14.825, 14.300,  0.525,  0.800,  1.000,  0.800,0.00000,  0.000,
mon_rep231013,2023-10-13T10:52:29,841.666,  0.400,1,0,247, 25.000, 14.525,  0.000,-23.077, 13.525, 13.800,  0.000, 14.825, 14.300,  0.525,  0.800,  1.000,  0.800,0.00000,  0.000,
mon_rep231013,2023-10-13T10:52:30,842.066,  0.400,1,0,247, 25.000, 14.525,  0.000,-23.077, 13.525, 13.800,  0.000, 14.825, 14.300,  0.525,  0.800,  1.000,  0.800,0.00000,  0.000,
mon_rep231013,2023-10-13T10:52:30,842.466,  0.400,1,0,247, 25.000, 14.525,  0.000,-23.077, 13.525, 13.800,  0.000, 14.825, 14.300,  0.525,  0.800,  1.000,  0.800,0.00000,  0.000,
mon_rep231013,2023-10-13T10:52:30,842.866,  0.400,1,0,247, 25.000, 14.525,  0.000,-23.077, 13.525, 13.800,  0.000, 14.825, 14.300,  0.525,  0.800,  1.000,  0.800,0.00000,  0.000,
mon_rep231013,2023-10-13T10:52:31,843.266,  0.400,1,0,247, 25.000, 14.525,  0.000,-23.077, 13.525, 13.800,  0.000, 14.825, 14.300,  0.525,  0.800,  1.000,  0.800,0.00000,  0.000,
mon_rep231013,2023-10-13T10:52:31,843.666,  0.400,1,0,247, 25.000, 14.525,  0.000,-23.077, 13.525, 13.800,  0.000, 14.825, 14.300,  0.525,  0.800,  1.000,  0.800,0.00000,  0.000,
mon_rep231013,2023-10-13T10:52:32,844.066,  0.400,1,0,247, 25.000, 14.525,  0.000,-23.077, 13.525, 13.800,  0.000, 14.825, 14.300,  0.525,  0.800,  1.000,  0.800,0.00000,  0.000,
mon_rep231013,2023-10-13T10:52:32,844.466,  0.400,1,0,247, 25.000, 14.525,  0.000,-23.077, 13.525, 13.800,  0.000, 14.825, 14.300,  0.525,  0.800,  1.000,  0.800,0.00000,  0.000,
mon_rep231013,2023-10-13T10:52:32,844.866,  0.400,1,0,247, 25.000, 14.525,  0.000,-23.077, 13.525, 13.800,  0.000, 14.825, 14.300,  0.525,  0.800,  1.000,  0.800,0.00000,  0.000,
mon_rep231013,2023-10-13T10:52:33,845.266,  0.400,1,0,247, 25.000, 14.525,  0.000,-23.077, 13.525, 13.800,  0.000, 14.825, 14.300,  0.525,  0.800,  1.000,  0.800,0.00000,  0.000,
mon_rep231013,2023-10-13T10:52:33,845.666,  0.400,1,0,247, 25.000, 14.525,  0.000,-23.077, 13.525, 13.800,  0.000, 14.825, 14.300,  0.525,  0.800,  1.000,  0.800,0.00000,  0.000,
mon_rep231013,2023-10-13T10:52:34,846.066,  0.400,1,0,247, 25.000, 14.525,  0.000,-23.077, 13.525, 13.800,  0.000, 14.825, 14.300,  0.525,  0.800,  1.000,  0.800,0.00000,  0.000,
mon_rep231013,2023-10-13T10:52:34,846.466,  0.400,1,0,247, 25.000, 14.525,  0.000,-23.077, 13.525, 13.800,  0.000, 14.825, 14.300,  0.525,  0.800,  1.000,  0.800,0.00000,  0.000,
mon_rep231013,2023-10-13T10:52:34,846.866,  0.400,1,0,247, 25.000, 14.525,  0.000,-23.077, 13.525, 13.800,  0.000, 14.825, 14.300,  0.525,  0.800,  1.000,  0.800,0.00000,  0.000,
mon_rep231013,2023-10-13T10:52:35,847.266,  0.400,1,0,247, 25.000, 14.525,  0.000,-23.077, 13.525, 13.800,  0.000, 14.825, 14.300,  0.525,  0.800,  1.000,  0.800,0.00000,  0.000,
mon_rep231013,2023-10-13T10:52:35,847.666,  0.400,1,0,247, 25.000, 14.525,  0.000,-23.077, 13.525, 13.800,  0.000, 14.825, 14.300,  0.525,  0.800,  1.000,  0.800,0.00000,  0.000,
mon_rep231013,2023-10-13T10:52:36,848.066,  0.400,1,0,247, 25.000, 14.525,  0.000,-23.077, 13.525, 13.800,  0.000, 14.825, 14.300,  0.525,  0.800,  1.000,  0.800,0.00000,  0.000,
mon_rep231013,2023-10-13T10:52:36,848.466,  0.400,1,0,247, 25.000, 14.525,  0.000,-23.077, 13.525, 13.800,  0.000, 14.825, 14.300,  0.525,  0.800,  1.000,  0.800,0.00000,  0.000,
mon_rep231013,2023-10-13T10:52:36,848.866,  0.400,1,0,247, 25.000, 14.525,  0.000,-23.077, 13.525, 13.800,  0.000, 14.825, 14.300,  0.525,  0.800,  1.000,  0.800,0.00000,  0.000,
mon_rep231013,2023-10-13T10:52:37,849.266,  0.400,1,0,247, 25.000, 14.525,  0.000,-23.077, 13.525, 13.800,  0.000, 14.825, 14.300,  0.525,  0.800,  1.000,  0.800,0.00000,  0.000,
mon_rep231013,2023-10-13T10:52:37,849.666,  0.400,1,0,247, 25.000, 14.525,  0.000,-23.077, 13.525, 13.800,  0.000, 14.825, 14.300,  0.525,  0.800,  1.000,  0.800,0.00000,  0.000,
mon_rep231013,2023-10-13T10:52:38,850.066,  0.400,1,0,247, 25.000, 14.525,  0.000,-23.077, 13.525, 13.800,  0.000, 14.825, 14.300,  0.525,  0.800,  1.000,  0.800,0.00000,  0.000,
mon_rep231013,2023-10-13T10:52:38,850.466,  0.400,1,0,247, 25.000, 14.525,  0.000,-23.077, 13.525, 13.800,  0.000, 14.825, 14.300,  0.525,  0.800,  1.000,  0.800,0.00000,  0.000,
mon_rep231013,2023-10-13T10:52:38,850.866,  0.400,1,0,247, 25.000, 14.525,  0.000,-23.077, 13.525, 13.800,  0.000, 14.825, 14.300,  0.525,  0.800,  1.000,  0.800,0.00000,  0.000,
mon_rep231013,2023-10-13T10:52:39,851.266,  0.400,1,0,247, 25.000, 14.525,  0.000,-23.077, 13.525, 13.800,  0.000, 14.825, 14.300,  0.525,  0.800,  1.000,  0.800,0.00000,  0.000,
mon_rep231013,2023-10-13T10:52:39,851.666,  0.400,1,0,247, 25.000, 14.525,  0.000,-23.077, 13.525, 13.800,  0.000, 14.825, 14.300,  0.525,  0.800,  1.000,  0.800,0.00000,  0.000,
mon_rep231013,2023-10-13T10:52:40,852.066,  0.400,1,0,247, 25.000, 14.525,  0.000,-23.077, 13.525, 13.800,  0.000, 14.825, 14.300,  0.525,  0.800,  1.000,  0.800,0.00000,  0.000,
mon_rep231013,2023-10-13T10:52:40,852.466,  0.400,1,0,247, 25.000, 14.525,  0.000,-23.077, 13.525, 13.800,  0.000, 14.825, 14.300,  0.525,  0.800,  1.000,  0.800,0.00000,  0.000,
mon_rep231013,2023-10-13T10:52:40,852.866,  0.400,1,0,247, 25.000, 14.525,  0.000,-23.077, 13.525, 13.800,  0.000, 14.825, 14.300,  0.525,  0.800,  1.000,  0.800,0.00000,  0.000,
mon_rep231013,2023-10-13T10:52:41,853.266,  0.400,1,0,247, 25.000, 14.525,  0.000,-23.077, 13.525, 13.800,  0.000, 14.825, 14.300,  0.525,  0.800,  1.000,  0.800,0.00000,  0.000,
mon_rep231013,2023-10-13T10:52:41,853.666,  0.400,1,0,247, 25.000, 14.525,  0.000,-23.077, 13.525, 13.800,  0.000, 14.825, 14.300,  0.525,  0.800,  1.000,  0.800,0.00000,  0.000,
mon_rep231013,2023-10-13T10:52:42,854.066,  0.400,1,0,247, 25.000, 14.525,  0.000,-23.077, 13.525, 13.800,  0.000, 14.825, 14.300,  0.525,  0.800,  1.000,  0.800,0.00000,  0.000,
mon_rep231013,2023-10-13T10:52:42,854.466,  0.400,1,0,247, 25.000, 14.525,  0.000,-23.077, 13.525, 13.800,  0.000, 14.825, 14.300,  0.525,  0.800,  1.000,  0.800,0.00000,  0.000,
mon_rep231013,2023-10-13T10:52:42,854.866,  0.400,1,0,247, 25.000, 14.525,  0.000,-23.077, 13.525, 13.800,  0.000, 14.825, 14.300,  0.525,  0.800,  1.000,  0.800,0.00000,  0.000,
mon_rep231013,2023-10-13T10:52:43,855.266,  0.400,1,0,247, 25.000, 14.525,  0.000,-23.077, 13.525, 13.800,  0.000, 14.825, 14.300,  0.525,  0.800,  1.000,  0.800,0.00000,  0.000,
mon_rep231013,2023-10-13T10:52:43,855.666,  0.400,1,0,247, 25.000, 14.525,  0.000,-23.077, 13.525, 13.800,  0.000, 14.825, 14.300,  0.525,  0.800,  1.000,  0.800,0.00000,  0.000,
mon_rep231013,2023-10-13T10:52:44,856.066,  0.400,1,0,247, 25.000, 14.525,  0.000,-23.077, 13.525, 13.800,  0.000, 14.825, 14.300,  0.525,  0.800,  1.000,  0.800,0.00000,  0.000,
mon_rep231013,2023-10-13T10:52:44,856.466,  0.400,1,0,247, 25.000, 14.525,  0.000,-23.077, 13.525, 13.800,  0.000, 14.825, 14.300,  0.525,  0.800,  1.000,  0.800,0.00000,  0.000,
mon_rep231013,2023-10-13T10:52:44,856.866,  0.400,1,0,247, 25.000, 14.525,  0.000,-23.077, 13.525, 13.800,  0.000, 14.825, 14.300,  0.525,  0.800,  1.000,  0.800,0.00000,  0.000,
mon_rep231013,2023-10-13T10:52:45,857.266,  0.400,1,0,247, 25.000, 14.525,  0.000,-23.077, 13.525, 13.800,  0.000, 14.825, 14.300,  0.525,  0.800,  1.000,  0.800,0.00000,  0.000,
mon_rep231013,2023-10-13T10:52:45,857.666,  0.400,1,0,247, 25.000, 14.525,  0.000,-23.077, 13.525, 13.800,  0.000, 14.825, 14.300,  0.525,  0.800,  1.000,  0.800,0.00000,  0.000,
mon_rep231013,2023-10-13T10:52:46,858.066,  0.400,1,0,247, 25.000, 14.525,  0.000,-23.077, 13.525, 13.800,  0.000, 14.825, 14.300,  0.525,  0.800,  1.000,  0.800,0.00000,  0.000,
mon_rep231013,2023-10-13T10:52:46,858.466,  0.400,1,0,247, 25.000, 14.525,  0.000,-23.077, 13.525, 13.800,  0.000, 14.825, 14.300,  0.525,  0.800,  1.000,  0.800,0.00000,  0.000,
mon_rep231013,2023-10-13T10:52:46,858.866,  0.400,1,0,247, 25.000, 14.525,  0.000,-23.077, 13.525, 13.800,  0.000, 14.825, 14.300,  0.525,  0.800,  1.000,  0.800,0.00000,  0.000,
mon_rep231013,2023-10-13T10:52:47,859.266,  0.400,1,0,247, 25.000, 14.525,  0.000,-23.077, 13.525, 13.800,  0.000, 14.825, 14.300,  0.525,  0.800,  1.000,  0.800,0.00000,  0.000,
mon_rep231013,2023-10-13T10:52:47,859.666,  0.400,1,0,247, 25.000, 14.525,  0.000,-23.077, 13.525, 13.800,  0.000, 14.825, 14.300,  0.525,  0.800,  1.000,  0.800,0.00000,  0.000,
mon_rep231013,2023-10-13T10:52:48,860.066,  0.400,1,0,247, 25.000, 14.525,  0.000,-23.077, 13.525, 13.800,  0.000, 14.825, 14.300,  0.525,  0.800,  1.000,  0.800,0.00000,  0.000,
mon_rep231013,2023-10-13T10:52:48,860.466,  0.400,1,0,247, 25.000, 14.525,  0.000,-23.077, 13.525, 13.800,  0.000, 14.825, 14.300,  0.525,  0.800,  1.000,  0.800,0.00000,  0.000,
mon_rep231013,2023-10-13T10:52:48,860.866,  0.400,1,0,247, 25.000, 14.525,  0.000,-23.077, 13.525, 13.800,  0.000, 14.825, 14.300,  0.525,  0.800,  1.000,  0.800,0.00000,  0.000,
mon_rep231013,2023-10-13T10:52:49,861.266,  0.400,1,0,247, 25.000, 14.525,  0.000,-23.077, 13.525, 13.800,  0.000, 14.825, 14.300,  0.525,  0.800,  1.000,  0.800,0.00000,  0.000,
mon_rep231013,2023-10-13T10:52:49,861.666,  0.400,1,0,247, 25.000, 14.525,  0.000,-23.077, 13.525, 13.800,  0.000, 14.825, 14.300,  0.525,  0.800,  1.000,  0.800,0.00000,  0.000,
mon_rep231013,2023-10-13T10:52:50,862.066,  0.400,1,0,247, 25.000, 14.525,  0.000,-23.077, 13.525, 13.800,  0.000, 14.825, 14.300,  0.525,  0.800,  1.000,  0.800,0.00000,  0.000,
mon_rep231013,2023-10-13T10:52:50,862.466,  0.400,1,0,247, 25.000, 14.525,  0.000,-23.077, 13.525, 13.800,  0.000, 14.825, 14.300,  0.525,  0.800,  1.000,  0.800,0.00000,  0.000,
mon_rep231013,2023-10-13T10:52:50,862.866,  0.400,1,0,247, 25.000, 14.525,  0.000,-23.077, 13.525, 13.800,  0.000, 14.825, 14.300,  0.525,  0.800,  1.000,  0.800,0.00000,  0.000,
mon_rep231013,2023-10-13T10:52:51,863.266,  0.400,1,0,247, 25.000, 14.525,  0.000,-23.077, 13.525, 13.800,  0.000, 14.825, 14.300,  0.525,  0.800,  1.000,  0.800,0.00000,  0.000,
mon_rep231013,2023-10-13T10:52:51,863.666,  0.400,1,0,247, 25.000, 14.525,  0.000,-23.077, 13.525, 13.800,  0.000, 14.825, 14.300,  0.525,  0.800,  1.000,  0.800,0.00000,  0.000,
mon_rep231013,2023-10-13T10:52:52,864.066,  0.400,1,0,247, 25.000, 14.525,  0.000,-23.077, 13.525, 13.800,  0.000, 14.825, 14.300,  0.525,  0.800,  1.000,  0.800,0.00000,  0.000,
mon_rep231013,2023-10-13T10:52:52,864.466,  0.400,1,0,247, 25.000, 14.525,  0.000,-23.077, 13.525, 13.800,  0.000, 14.825, 14.300,  0.525,  0.800,  1.000,  0.800,0.00000,  0.000,
mon_rep231013,2023-10-13T10:52:52,864.866,  0.400,1,0,247, 25.000, 14.525,  0.000,-23.077, 13.525, 13.800,  0.000, 14.825, 14.300,  0.525,  0.800,  1.000,  0.800,0.00000,  0.000,
mon_rep231013,2023-10-13T10:52:53,865.266,  0.400,1,0,247, 25.000, 14.525,  0.000,-23.077, 13.525, 13.800,  0.000, 14.825, 14.300,  0.525,  0.800,  1.000,  0.800,0.00000,  0.000,
mon_rep231013,2023-10-13T10:52:53,865.666,  0.400,1,0,247, 25.000, 14.525,  0.000,-23.077, 13.525, 13.800,  0.000, 14.825, 14.300,  0.525,  0.800,  1.000,  0.800,0.00000,  0.000,
mon_rep231013,2023-10-13T10:52:54,866.066,  0.400,1,0,247, 25.000, 14.525,  0.000,-23.077, 13.525, 13.800,  0.000, 14.825, 14.300,  0.525,  0.800,  1.000,  0.800,0.00000,  0.000,
mon_rep231013,2023-10-13T10:52:54,866.466,  0.400,1,0,247, 25.000, 14.525,  0.000,-23.077, 13.525, 13.800,  0.000, 14.825, 14.300,  0.525,  0.800,  1.000,  0.800,0.00000,  0.000,
mon_rep231013,2023-10-13T10:52:54,866.866,  0.400,1,0,247, 25.000, 14.525,  0.000,-23.077, 13.525, 13.800,  0.000, 14.825, 14.300,  0.525,  0.800,  1.000,  0.800,0.00000,  0.000,
mon_rep231013,2023-10-13T10:52:55,867.266,  0.400,1,0,247, 25.000, 14.525,  0.000,-23.077, 13.525, 13.800,  0.000, 14.825, 14.300,  0.525,  0.800,  1.000,  0.800,0.00000,  0.000,
mon_rep231013,2023-10-13T10:52:55,867.666,  0.400,1,0,247, 25.000, 14.525,  0.000,-23.077, 13.525, 13.800,  0.000, 14.825, 14.300,  0.525,  0.800,  1.000,  0.800,0.00000,  0.000,
mon_rep231013,2023-10-13T10:52:56,868.066,  0.400,1,0,247, 25.000, 14.525,  0.000,-23.077, 13.525, 13.800,  0.000, 14.825, 14.300,  0.525,  0.800,  1.000,  0.800,0.00000,  0.000,
mon_rep231013,2023-10-13T10:52:56,868.466,  0.400,1,0,247, 25.000, 14.525,  0.000,-23.077, 13.525, 13.800,  0.000, 14.825, 14.300,  0.525,  0.800,  1.000,  0.800,0.00000,  0.000,
mon_rep231013,2023-10-13T10:52:56,868.866,  0.400,1,0,247, 25.000, 14.525,  0.000,-23.077, 13.525, 13.800,  0.000, 14.825, 14.300,  0.525,  0.800,  1.000,  0.800,0.00000,  0.000,
mon_rep231013,2023-10-13T10:52:57,869.266,  0.400,1,0,247, 25.000, 14.525,  0.000,-23.077, 13.525, 13.800,  0.000, 14.825, 14.300,  0.525,  0.800,  1.000,  0.800,0.00000,  0.000,
mon_rep231013,2023-10-13T10:52:57,869.666,  0.400,1,0,247, 25.000, 14.525,  0.000,-23.077, 13.525, 13.800,  0.000, 14.825, 14.300,  0.525,  0.800,  1.000,  0.800,0.00000,  0.000,
mon_rep231013,2023-10-13T10:52:58,870.066,  0.400,1,0,247, 25.000, 14.525,  0.000,-23.077, 13.525, 13.800,  0.000, 14.825, 14.300,  0.525,  0.800,  1.000,  0.800,0.00000,  0.000,
mon_rep231013,2023-10-13T10:52:58,870.466,  0.400,1,0,247, 25.000, 14.525,  0.000,-23.077, 13.525, 13.800,  0.000, 14.825, 14.300,  0.525,  0.800,  1.000,  0.800,0.00000,  0.000,
mon_rep231013,2023-10-13T10:52:58,870.866,  0.400,1,0,247, 25.000, 14.525,  0.000,-23.077, 13.525, 13.800,  0.000, 14.825, 14.300,  0.525,  0.800,  1.000,  0.800,0.00000,  0.000,
mon_rep231013,2023-10-13T10:52:59,871.266,  0.400,1,0,247, 25.000, 14.525,  0.000,-23.077, 13.525, 13.800,  0.000, 14.825, 14.300,  0.525,  0.800,  1.000,  0.800,0.00000,  0.000,
mon_rep231013,2023-10-13T10:52:59,871.666,  0.400,1,0,247, 25.000, 14.525,  0.000,-23.077, 13.525, 13.800,  0.000, 14.825, 14.300,  0.525,  0.800,  1.000,  0.800,0.00000,  0.000,
mon_rep231013,2023-10-13T10:53:00,872.066,  0.400,1,0,247, 25.000, 14.525,  0.000,-23.077, 13.525, 13.800,  0.000, 14.825, 14.300,  0.525,  0.800,  1.000,  0.800,0.00000,  0.000,
mon_rep231013,2023-10-13T10:53:00,872.466,  0.400,1,0,247, 25.000, 14.525,  0.000,-23.077, 13.525, 13.800,  0.000, 14.825, 14.300,  0.525,  0.800,  1.000,  0.800,0.00000,  0.000,
mon_rep231013,2023-10-13T10:53:00,872.866,  0.400,1,0,247, 25.000, 14.525,  0.000,-23.077, 13.525, 13.800,  0.000, 14.825, 14.300,  0.525,  0.800,  1.000,  0.800,0.00000,  0.000,
mon_rep231013,2023-10-13T10:53:01,873.266,  0.400,1,0,247, 25.000, 14.525,  0.000,-23.077, 13.525, 13.800,  0.000, 14.825, 14.300,  0.525,  0.800,  1.000,  0.800,0.00000,  0.000,
mon_rep231013,2023-10-13T10:53:01,873.666,  0.400,1,0,247, 25.000, 14.525,  0.000,-23.077, 13.525, 13.800,  0.000, 14.825, 14.300,  0.525,  0.800,  1.000,  0.800,0.00000,  0.000,
mon_rep231013,2023-10-13T10:53:02,874.066,  0.400,1,0,247, 25.000, 14.525,  0.000,-23.077, 13.525, 13.800,  0.000, 14.825, 14.300,  0.525,  0.800,  1.000,  0.800,0.00000,  0.000,
mon_rep231013,2023-10-13T10:53:02,874.466,  0.400,1,0,247, 25.000, 14.525,  0.000,-23.077, 13.525, 13.800,  0.000, 14.825, 14.300,  0.525,  0.800,  1.000,  0.800,0.00000,  0.000,
mon_rep231013,2023-10-13T10:53:02,874.866,  0.400,1,0,247, 25.000, 14.525,  0.000,-23.077, 13.525, 13.800,  0.000, 14.825, 14.300,  0.525,  0.800,  1.000,  0.800,0.00000,  0.000,
mon_rep231013,2023-10-13T10:53:03,875.266,  0.400,1,0,247, 25.000, 14.525,  0.000,-23.077, 13.525, 13.800,  0.000, 14.825, 14.300,  0.525,  0.800,  1.000,  0.800,0.00000,  0.000,
mon_rep231013,2023-10-13T10:53:03,875.666,  0.400,1,0,247, 25.000, 14.525,  0.000,-23.077, 13.525, 13.800,  0.000, 14.825, 14.300,  0.525,  0.800,  1.000,  0.800,0.00000,  0.000,
mon_rep231013,2023-10-13T10:53:04,876.066,  0.400,1,0,247, 25.000, 14.525,  0.000,-23.077, 13.525, 13.800,  0.000, 14.825, 14.300,  0.525,  0.800,  1.000,  0.800,0.00000,  0.000,
mon_rep231013,2023-10-13T10:53:04,876.466,  0.400,1,0,247, 25.000, 14.525,  0.000,-23.077, 13.525, 13.800,  0.000, 14.825, 14.300,  0.525,  0.800,  1.000,  0.800,0.00000,  0.000,
mon_rep231013,2023-10-13T10:53:04,876.866,  0.400,1,0,247, 25.000, 14.525,  0.000,-23.077, 13.525, 13.800,  0.000, 14.825, 14.300,  0.525,  0.800,  1.000,  0.800,0.00000,  0.000,
mon_rep231013,2023-10-13T10:53:05,877.266,  0.400,1,0,247, 25.000, 14.525,  0.000,-23.077, 13.525, 13.800,  0.000, 14.825, 14.300,  0.525,  0.800,  1.000,  0.800,0.00000,  0.000,
mon_rep231013,2023-10-13T10:53:05,877.666,  0.400,1,0,247, 25.000, 14.525,  0.000,-23.077, 13.525, 13.800,  0.000, 14.825, 14.300,  0.525,  0.800,  1.000,  0.800,0.00000,  0.000,
mon_rep231013,2023-10-13T10:53:06,878.066,  0.400,1,0,247, 25.000, 14.525,  0.000,-23.077, 13.525, 13.800,  0.000, 14.825, 14.300,  0.525,  0.800,  1.000,  0.800,0.00000,  0.000,
mon_rep231013,2023-10-13T10:53:06,878.466,  0.400,1,0,247, 25.000, 14.525,  0.000,-23.077, 13.525, 13.800,  0.000, 14.825, 14.300,  0.525,  0.800,  1.000,  0.800,0.00000,  0.000,
mon_rep231013,2023-10-13T10:53:06,878.866,  0.400,1,0,247, 25.000, 14.525,  0.000,-23.077, 13.525, 13.800,  0.000, 14.825, 14.300,  0.525,  0.800,  1.000,  0.800,0.00000,  0.000,
mon_rep231013,2023-10-13T10:53:07,879.266,  0.400,1,0,247, 25.000, 14.525,  0.000,-23.077, 13.525, 13.800,  0.000, 14.825, 14.300,  0.525,  0.800,  1.000,  0.800,0.00000,  0.000,
mon_rep231013,2023-10-13T10:53:07,879.666,  0.400,1,0,247, 25.000, 14.525,  0.000,-23.077, 13.525, 13.800,  0.000, 14.825, 14.300,  0.525,  0.800,  1.000,  0.800,0.00000,  0.000,
mon_rep231013,2023-10-13T10:53:08,880.066,  0.400,1,0,247, 25.000, 14.525,  0.000,-23.077, 13.525, 13.800,  0.000, 14.825, 14.300,  0.525,  0.800,  1.000,  0.800,0.00000,  0.000,
mon_rep231013,2023-10-13T10:53:08,880.466,  0.400,1,0,247, 25.000, 14.525,  0.000,-23.077, 13.525, 13.800,  0.000, 14.825, 14.300,  0.525,  0.800,  1.000,  0.800,0.00000,  0.000,
mon_rep231013,2023-10-13T10:53:08,880.866,  0.400,1,0,247, 25.000, 14.525,  0.000,-23.077, 13.525, 13.800,  0.000, 14.825, 14.300,  0.525,  0.800,  1.000,  0.800,0.00000,  0.000,
mon_rep231013,2023-10-13T10:53:09,881.266,  0.400,1,0,247, 25.000, 14.525,  0.000,-23.077, 13.525, 13.800,  0.000, 14.825, 14.300,  0.525,  0.800,  1.000,  0.800,0.00000,  0.000,
mon_rep231013,2023-10-13T10:53:09,881.666,  0.400,1,0,247, 25.000, 14.525,  0.000,-23.077, 13.525, 13.800,  0.000, 14.825, 14.300,  0.525,  0.800,  1.000,  0.800,0.00000,  0.000,
mon_rep231013,2023-10-13T10:53:10,882.066,  0.400,1,0,247, 25.000, 14.525,  0.000,-23.077, 13.525, 13.800,  0.000, 14.825, 14.300,  0.525,  0.800,  1.000,  0.800,0.00000,  0.000,
mon_rep231013,2023-10-13T10:53:10,882.466,  0.400,1,0,247, 25.000, 14.525,  0.000,-23.077, 13.525, 13.800,  0.000, 14.825, 14.300,  0.525,  0.800,  1.000,  0.800,0.00000,  0.000,
mon_rep231013,2023-10-13T10:53:10,882.866,  0.400,1,0,247, 25.000, 14.525,  0.000,-23.077, 13.525, 13.800,  0.000, 14.825, 14.300,  0.525,  0.800,  1.000,  0.800,0.00000,  0.000,
mon_rep231013,2023-10-13T10:53:11,883.266,  0.400,1,0,247, 25.000, 14.525,  0.000,-23.077, 13.525, 13.800,  0.000, 14.825, 14.300,  0.525,  0.800,  1.000,  0.800,0.00000,  0.000,
mon_rep231013,2023-10-13T10:53:11,883.666,  0.400,1,0,247, 25.000, 14.525,  0.000,-23.077, 13.525, 13.800,  0.000, 14.825, 14.300,  0.525,  0.800,  1.000,  0.800,0.00000,  0.000,
mon_rep231013,2023-10-13T10:53:12,884.066,  0.400,1,0,247, 25.000, 14.525,  0.000,-23.077, 13.525, 13.800,  0.000, 14.825, 14.300,  0.525,  0.800,  1.000,  0.800,0.00000,  0.000,
mon_rep231013,2023-10-13T10:53:12,884.466,  0.400,1,0,247, 25.000, 14.525,  0.000,-23.077, 13.525, 13.800,  0.000, 14.825, 14.300,  0.525,  0.800,  1.000,  0.800,0.00000,  0.000,
mon_rep231013,2023-10-13T10:53:12,884.866,  0.400,1,0,247, 25.000, 14.525,  0.000,-23.077, 13.525, 13.800,  0.000, 14.825, 14.300,  0.525,  0.800,  1.000,  0.800,0.00000,  0.000,
mon_rep231013,2023-10-13T10:53:13,885.266,  0.400,1,0,247, 25.000, 14.525,  0.000,-23.077, 13.525, 13.800,  0.000, 14.825, 14.300,  0.525,  0.800,  1.000,  0.800,0.00000,  0.000,
mon_rep231013,2023-10-13T10:53:13,885.666,  0.400,1,0,247, 25.000, 14.525,  0.000,-23.077, 13.525, 13.800,  0.000, 14.825, 14.300,  0.525,  0.800,  1.000,  0.800,0.00000,  0.000,
mon_rep231013,2023-10-13T10:53:14,886.066,  0.400,1,0,247, 25.000, 14.525,  0.000,-23.077, 13.525, 13.800,  0.000, 14.825, 14.300,  0.525,  0.800,  1.000,  0.800,0.00000,  0.000,
mon_rep231013,2023-10-13T10:53:14,886.466,  0.400,1,0,247, 25.000, 14.525,  0.000,-23.077, 13.525, 13.800,  0.000, 14.825, 14.300,  0.525,  0.800,  1.000,  0.800,0.00000,  0.000,
mon_rep231013,2023-10-13T10:53:14,886.866,  0.400,1,0,247, 25.000, 14.525,  0.000,-23.077, 13.525, 13.800,  0.000, 14.825, 14.300,  0.525,  0.800,  1.000,  0.800,0.00000,  0.000,
mon_rep231013,2023-10-13T10:53:15,887.266,  0.400,1,0,247, 25.000, 14.525,  0.000,-23.077, 13.525, 13.800,  0.000, 14.825, 14.300,  0.525,  0.800,  1.000,  0.800,0.00000,  0.000,
mon_rep231013,2023-10-13T10:53:15,887.666,  0.400,1,0,247, 25.000, 14.525,  0.000,-23.077, 13.525, 13.800,  0.000, 14.825, 14.300,  0.525,  0.800,  1.000,  0.800,0.00000,  0.000,
mon_rep231013,2023-10-13T10:53:16,888.066,  0.400,1,0,247, 25.000, 14.525,  0.000,-23.077, 13.525, 13.800,  0.000, 14.825, 14.300,  0.525,  0.800,  1.000,  0.800,0.00000,  0.000,
mon_rep231013,2023-10-13T10:53:16,888.466,  0.400,1,0,247, 25.000, 14.525,  0.000,-23.077, 13.525, 13.800,  0.000, 14.825, 14.300,  0.525,  0.800,  1.000,  0.800,0.00000,  0.000,
mon_rep231013,2023-10-13T10:53:16,888.866,  0.400,1,0,247, 25.000, 14.525,  0.000,-23.077, 13.525, 13.800,  0.000, 14.825, 14.300,  0.525,  0.800,  1.000,  0.800,0.00000,  0.000,
mon_rep231013,2023-10-13T10:53:17,889.266,  0.400,1,0,247, 25.000, 14.525,  0.000,-23.077, 13.525, 13.800,  0.000, 14.825, 14.300,  0.525,  0.800,  1.000,  0.800,0.00000,  0.000,
mon_rep231013,2023-10-13T10:53:17,889.666,  0.400,1,0,247, 25.000, 14.525,  0.000,-23.077, 13.525, 13.800,  0.000, 14.825, 14.300,  0.525,  0.800,  1.000,  0.800,0.00000,  0.000,
mon_rep231013,2023-10-13T10:53:18,890.066,  0.400,1,0,247, 25.000, 14.525,  0.000,-23.077, 13.525, 13.800,  0.000, 14.825, 14.300,  0.525,  0.800,  1.000,  0.800,0.00000,  0.000,
mon_rep231013,2023-10-13T10:53:18,890.466,  0.400,1,0,247, 25.000, 14.525,  0.000,-23.077, 13.525, 13.800,  0.000, 14.825, 14.300,  0.525,  0.800,  1.000,  0.800,0.00000,  0.000,
mon_rep231013,2023-10-13T10:53:18,890.866,  0.400,1,0,247, 25.000, 14.525,  0.000,-23.077, 13.525, 13.800,  0.000, 14.825, 14.300,  0.525,  0.800,  1.000,  0.800,0.00000,  0.000,
mon_rep231013,2023-10-13T10:53:19,891.266,  0.400,1,0,247, 25.000, 14.525,  0.000,-23.077, 13.525, 13.800,  0.000, 14.825, 14.300,  0.525,  0.800,  1.000,  0.800,0.00000,  0.000,
mon_rep231013,2023-10-13T10:53:19,891.666,  0.400,1,0,247, 25.000, 14.525,  0.000,-23.077, 13.525, 13.800,  0.000, 14.825, 14.300,  0.525,  0.800,  1.000,  0.800,0.00000,  0.000,
mon_rep231013,2023-10-13T10:53:20,892.066,  0.400,1,0,247, 25.000, 14.525,  0.000,-23.077, 13.525, 13.800,  0.000, 14.825, 14.300,  0.525,  0.800,  1.000,  0.800,0.00000,  0.000,
mon_rep231013,2023-10-13T10:53:20,892.466,  0.400,1,0,247, 25.000, 14.525,  0.000,-23.077, 13.525, 13.800,  0.000, 14.825, 14.300,  0.525,  0.800,  1.000,  0.800,0.00000,  0.000,
mon_rep231013,2023-10-13T10:53:20,892.866,  0.400,1,0,247, 25.000, 14.525,  0.000,-23.077, 13.525, 13.800,  0.000, 14.825, 14.300,  0.525,  0.800,  1.000,  0.800,0.00000,  0.000,
mon_rep231013,2023-10-13T10:53:21,893.266,  0.400,1,0,247, 25.000, 14.525,  0.000,-23.077, 13.525, 13.800,  0.000, 14.825, 14.300,  0.525,  0.800,  1.000,  0.800,0.00000,  0.000,
mon_rep231013,2023-10-13T10:53:21,893.666,  0.400,1,0,247, 25.000, 14.525,  0.000,-23.077, 13.525, 13.800,  0.000, 14.825, 14.300,  0.525,  0.800,  1.000,  0.800,0.00000,  0.000,
mon_rep231013,2023-10-13T10:53:22,894.066,  0.400,1,0,247, 25.000, 14.525,  0.000,-23.077, 13.525, 13.800,  0.000, 14.825, 14.300,  0.525,  0.800,  1.000,  0.800,0.00000,  0.000,
mon_rep231013,2023-10-13T10:53:22,894.466,  0.400,1,0,247, 25.000, 14.525,  0.000,-23.077, 13.525, 13.800,  0.000, 14.825, 14.300,  0.525,  0.800,  1.000,  0.800,0.00000,  0.000,
mon_rep231013,2023-10-13T10:53:22,894.866,  0.400,1,0,247, 25.000, 14.525,  0.000,-23.077, 13.525, 13.800,  0.000, 14.825, 14.300,  0.525,  0.800,  1.000,  0.800,0.00000,  0.000,
mon_rep231013,2023-10-13T10:53:23,895.266,  0.400,1,0,247, 25.000, 14.525,  0.000,-23.077, 13.525, 13.800,  0.000, 14.825, 14.300,  0.525,  0.800,  1.000,  0.800,0.00000,  0.000,
mon_rep231013,2023-10-13T10:53:23,895.666,  0.400,1,0,247, 25.000, 14.525,  0.000,-23.077, 13.525, 13.800,  0.000, 14.825, 14.300,  0.525,  0.800,  1.000,  0.800,0.00000,  0.000,
mon_rep231013,2023-10-13T10:53:24,896.066,  0.400,1,0,247, 25.000, 14.525,  0.000,-23.077, 13.525, 13.800,  0.000, 14.825, 14.300,  0.525,  0.800,  1.000,  0.800,0.00000,  0.000,
mon_rep231013,2023-10-13T10:53:24,896.466,  0.400,1,0,247, 25.000, 14.525,  0.000,-23.077, 13.525, 13.800,  0.000, 14.825, 14.300,  0.525,  0.800,  1.000,  0.800,0.00000,  0.000,
mon_rep231013,2023-10-13T10:53:24,896.866,  0.400,1,0,247, 25.000, 14.525,  0.000,-23.077, 13.525, 13.800,  0.000, 14.825, 14.300,  0.525,  0.800,  1.000,  0.800,0.00000,  0.000,
mon_rep231013,2023-10-13T10:53:25,897.266,  0.400,1,0,247, 25.000, 14.525,  0.000,-23.077, 13.525, 13.800,  0.000, 14.825, 14.300,  0.525,  0.800,  1.000,  0.800,0.00000,  0.000,
mon_rep231013,2023-10-13T10:53:25,897.666,  0.400,1,0,247, 25.000, 14.525,  0.000,-23.077, 13.525, 13.800,  0.000, 14.825, 14.300,  0.525,  0.800,  1.000,  0.800,0.00000,  0.000,
mon_rep231013,2023-10-13T10:53:26,898.066,  0.400,1,0,247, 25.000, 14.525,  0.000,-23.077, 13.525, 13.800,  0.000, 14.825, 14.300,  0.525,  0.800,  1.000,  0.800,0.00000,  0.000,
mon_rep231013,2023-10-13T10:53:26,898.466,  0.400,1,0,247, 25.000, 14.525,  0.000,-23.077, 13.525, 13.800,  0.000, 14.825, 14.300,  0.525,  0.800,  1.000,  0.800,0.00000,  0.000,
mon_rep231013,2023-10-13T10:53:26,898.866,  0.400,1,0,247, 25.000, 14.525,  0.000,-23.077, 13.525, 13.800,  0.000, 14.825, 14.300,  0.525,  0.800,  1.000,  0.800,0.00000,  0.000,
mon_rep231013,2023-10-13T10:53:27,899.266,  0.400,1,0,247, 25.000, 14.525,  0.000,-23.077, 13.525, 13.800,  0.000, 14.825, 14.300,  0.525,  0.800,  1.000,  0.800,0.00000,  0.000,
mon_rep231013,2023-10-13T10:53:27,899.666,  0.400,1,0,247, 25.000, 14.525,  0.000,-23.077, 13.525, 13.800,  0.000, 14.825, 14.300,  0.525,  0.800,  1.000,  0.800,0.00000,  0.000,
mon_rep231013,2023-10-13T10:53:28,900.066,  0.400,1,0,247, 25.000, 14.525,  0.000,-23.077, 13.525, 13.800,  0.000, 14.825, 14.300,  0.525,  0.800,  1.000,  0.800,0.00000,  0.000,
mon_rep231013,2023-10-13T10:53:28,900.466,  0.400,1,0,247, 25.000, 14.525,  0.000,-23.077, 13.525, 13.800,  0.000, 14.825, 14.300,  0.525,  0.800,  1.000,  0.800,0.00000,  0.000,
mon_rep231013,2023-10-13T10:53:28,900.866,  0.400,1,0,247, 25.000, 14.525,  0.000,-23.077, 13.525, 13.800,  0.000, 14.825, 14.300,  0.525,  0.800,  1.000,  0.800,0.00000,  0.000,
mon_rep231013,2023-10-13T10:53:29,901.266,  0.400,1,0,247, 25.000, 14.525,  0.000,-23.077, 13.525, 13.800,  0.000, 14.825, 14.300,  0.525,  0.800,  1.000,  0.800,0.00000,  0.000,
mon_rep231013,2023-10-13T10:53:29,901.666,  0.400,1,0,247, 25.000, 14.525,  0.000,-23.077, 13.525, 13.800,  0.000, 14.825, 14.300,  0.525,  0.800,  1.000,  0.800,0.00000,  0.000,
mon_rep231013,2023-10-13T10:53:30,902.066,  0.400,1,0,247, 25.000, 14.525,  0.000,-23.077, 13.525, 13.800,  0.000, 14.825, 14.300,  0.525,  0.800,  1.000,  0.800,0.00000,  0.000,
mon_rep231013,2023-10-13T10:53:30,902.466,  0.400,1,0,247, 25.000, 14.525,  0.000,-23.077, 13.525, 13.800,  0.000, 14.825, 14.300,  0.525,  0.800,  1.000,  0.800,0.00000,  0.000,
mon_rep231013,2023-10-13T10:53:30,902.866,  0.400,1,0,247, 25.000, 14.525,  0.000,-23.077, 13.525, 13.800,  0.000, 14.825, 14.300,  0.525,  0.800,  1.000,  0.800,0.00000,  0.000,
mon_rep231013,2023-10-13T10:53:31,903.266,  0.400,1,0,247, 25.000, 14.525,  0.000,-23.077, 13.525, 13.800,  0.000, 14.825, 14.300,  0.525,  0.800,  1.000,  0.800,0.00000,  0.000,
mon_rep231013,2023-10-13T10:53:31,903.666,  0.400,1,0,247, 25.000, 14.525,  0.000,-23.077, 13.525, 13.800,  0.000, 14.825, 14.300,  0.525,  0.800,  1.000,  0.800,0.00000,  0.000,
mon_rep231013,2023-10-13T10:53:32,904.066,  0.400,1,0,247, 25.000, 14.525,  0.000,-23.077, 13.525, 13.800,  0.000, 14.825, 14.300,  0.525,  0.800,  1.000,  0.800,0.00000,  0.000,
mon_rep231013,2023-10-13T10:53:32,904.466,  0.400,1,0,247, 25.000, 14.525,  0.000,-23.077, 13.525, 13.800,  0.000, 14.825, 14.300,  0.525,  0.800,  1.000,  0.800,0.00000,  0.000,
mon_rep231013,2023-10-13T10:53:32,904.866,  0.400,1,0,247, 25.000, 14.525,  0.000,-23.077, 13.525, 13.800,  0.000, 14.825, 14.300,  0.525,  0.800,  1.000,  0.800,0.00000,  0.000,
mon_rep231013,2023-10-13T10:53:33,905.266,  0.400,1,0,247, 25.000, 14.525,  0.000,-23.077, 13.525, 13.800,  0.000, 14.825, 14.300,  0.525,  0.800,  1.000,  0.800,0.00000,  0.000,
mon_rep231013,2023-10-13T10:53:33,905.666,  0.400,1,0,247, 25.000, 14.525,  0.000,-23.077, 13.525, 13.800,  0.000, 14.825, 14.300,  0.525,  0.800,  1.000,  0.800,0.00000,  0.000,
mon_rep231013,2023-10-13T10:53:34,906.066,  0.400,1,0,247, 25.000, 14.525,  0.000,-23.077, 13.525, 13.800,  0.000, 14.825, 14.300,  0.525,  0.800,  1.000,  0.800,0.00000,  0.000,
mon_rep231013,2023-10-13T10:53:34,906.466,  0.400,1,0,247, 25.000, 14.525,  0.000,-23.077, 13.525, 13.800,  0.000, 14.825, 14.300,  0.525,  0.800,  1.000,  0.800,0.00000,  0.000,
mon_rep231013,2023-10-13T10:53:34,906.866,  0.400,1,0,247, 25.000, 14.525,  0.000,-23.077, 13.525, 13.800,  0.000, 14.825, 14.300,  0.525,  0.800,  1.000,  0.800,0.00000,  0.000,
mon_rep231013,2023-10-13T10:53:35,907.266,  0.400,1,0,247, 25.000, 14.525,  0.000,-23.077, 13.525, 13.800,  0.000, 14.825, 14.300,  0.525,  0.800,  1.000,  0.800,0.00000,  0.000,
mon_rep231013,2023-10-13T10:53:35,907.666,  0.400,1,0,247, 25.000, 14.525,  0.000,-23.077, 13.525, 13.800,  0.000, 14.825, 14.300,  0.525,  0.800,  1.000,  0.800,0.00000,  0.000,
mon_rep231013,2023-10-13T10:53:36,908.066,  0.400,1,0,247, 25.000, 14.525,  0.000,-23.077, 13.525, 13.800,  0.000, 14.825, 14.300,  0.525,  0.800,  1.000,  0.800,0.00000,  0.000,
mon_rep231013,2023-10-13T10:53:36,908.466,  0.400,1,0,247, 25.000, 14.525,  0.000,-23.077, 13.525, 13.800,  0.000, 14.825, 14.300,  0.525,  0.800,  1.000,  0.800,0.00000,  0.000,
mon_rep231013,2023-10-13T10:53:36,908.866,  0.400,1,0,247, 25.000, 14.525,  0.000,-23.077, 13.525, 13.800,  0.000, 14.825, 14.300,  0.525,  0.800,  1.000,  0.800,0.00000,  0.000,
mon_rep231013,2023-10-13T10:53:37,909.266,  0.400,1,0,247, 25.000, 14.525,  0.000,-23.077, 13.525, 13.800,  0.000, 14.825, 14.300,  0.525,  0.800,  1.000,  0.800,0.00000,  0.000,
mon_rep231013,2023-10-13T10:53:37,909.666,  0.400,1,0,247, 25.000, 14.525,  0.000,-23.077, 13.525, 13.800,  0.000, 14.825, 14.300,  0.525,  0.800,  1.000,  0.800,0.00000,  0.000,
mon_rep231013,2023-10-13T10:53:38,910.066,  0.400,1,0,247, 25.000, 14.525,  0.000,-23.077, 13.525, 13.800,  0.000, 14.825, 14.300,  0.525,  0.800,  1.000,  0.800,0.00000,  0.000,
mon_rep231013,2023-10-13T10:53:38,910.466,  0.400,1,0,247, 25.000, 14.525,  0.000,-23.077, 13.525, 13.800,  0.000, 14.825, 14.300,  0.525,  0.800,  1.000,  0.800,0.00000,  0.000,
mon_rep231013,2023-10-13T10:53:38,910.866,  0.400,1,0,247, 25.000, 14.525,  0.000,-23.077, 13.525, 13.800,  0.000, 14.825, 14.300,  0.525,  0.800,  1.000,  0.800,0.00000,  0.000,
mon_rep231013,2023-10-13T10:53:39,911.266,  0.400,1,0,247, 25.000, 14.525,  0.000,-23.077, 13.525, 13.800,  0.000, 14.825, 14.300,  0.525,  0.800,  1.000,  0.800,0.00000,  0.000,
mon_rep231013,2023-10-13T10:53:39,911.666,  0.400,1,0,247, 25.000, 14.525,  0.000,-23.077, 13.525, 13.800,  0.000, 14.825, 14.300,  0.525,  0.800,  1.000,  0.800,0.00000,  0.000,
mon_rep231013,2023-10-13T10:53:40,912.066,  0.400,1,0,247, 25.000, 14.525,  0.000,-23.077, 13.525, 13.800,  0.000, 14.825, 14.300,  0.525,  0.800,  1.000,  0.800,0.00000,  0.000,
mon_rep231013,2023-10-13T10:53:40,912.466,  0.400,1,0,247, 25.000, 14.525,  0.000,-23.077, 13.525, 13.800,  0.000, 14.825, 14.300,  0.525,  0.800,  1.000,  0.800,0.00000,  0.000,
mon_rep231013,2023-10-13T10:53:40,912.866,  0.400,1,0,247, 25.000, 14.525,  0.000,-23.077, 13.525, 13.800,  0.000, 14.825, 14.300,  0.525,  0.800,  1.000,  0.800,0.00000,  0.000,
mon_rep231013,2023-10-13T10:53:41,913.266,  0.400,1,0,247, 25.000, 14.525,  0.000,-23.077, 13.525, 13.800,  0.000, 14.825, 14.300,  0.525,  0.800,  1.000,  0.800,0.00000,  0.000,
mon_rep231013,2023-10-13T10:53:41,913.666,  0.400,1,0,247, 25.000, 14.525,  0.000,-23.077, 13.525, 13.800,  0.000, 14.825, 14.300,  0.525,  0.800,  1.000,  0.800,0.00000,  0.000,
mon_rep231013,2023-10-13T10:53:42,914.066,  0.400,1,0,247, 25.000, 14.525,  0.000,-23.077, 13.525, 13.800,  0.000, 14.825, 14.300,  0.525,  0.800,  1.000,  0.800,0.00000,  0.000,
mon_rep231013,2023-10-13T10:53:42,914.466,  0.400,1,0,247, 25.000, 14.525,  0.000,-23.077, 13.525, 13.800,  0.000, 14.825, 14.300,  0.525,  0.800,  1.000,  0.800,0.00000,  0.000,
mon_rep231013,2023-10-13T10:53:42,914.866,  0.400,1,0,247, 25.000, 14.525,  0.000,-23.077, 13.525, 13.800,  0.000, 14.825, 14.300,  0.525,  0.800,  1.000,  0.800,0.00000,  0.000,
mon_rep231013,2023-10-13T10:53:43,915.266,  0.400,1,0,247, 25.000, 14.525,  0.000,-23.077, 13.525, 13.800,  0.000, 14.825, 14.300,  0.525,  0.800,  1.000,  0.800,0.00000,  0.000,
mon_rep231013,2023-10-13T10:53:43,915.666,  0.400,1,0,247, 25.000, 14.525,  0.000,-23.077, 13.525, 13.800,  0.000, 14.825, 14.300,  0.525,  0.800,  1.000,  0.800,0.00000,  0.000,
mon_rep231013,2023-10-13T10:53:44,916.066,  0.400,1,0,247, 25.000, 14.525,  0.000,-23.077, 13.525, 13.800,  0.000, 14.825, 14.300,  0.525,  0.800,  1.000,  0.800,0.00000,  0.000,
mon_rep231013,2023-10-13T10:53:44,916.466,  0.400,1,0,247, 25.000, 14.525,  0.000,-23.077, 13.525, 13.800,  0.000, 14.825, 14.300,  0.525,  0.800,  1.000,  0.800,0.00000,  0.000,
mon_rep231013,2023-10-13T10:53:44,916.866,  0.400,1,0,247, 25.000, 14.525,  0.000,-23.077, 13.525, 13.800,  0.000, 14.825, 14.300,  0.525,  0.800,  1.000,  0.800,0.00000,  0.000,
mon_rep231013,2023-10-13T10:53:45,917.266,  0.400,1,0,247, 25.000, 14.525,  0.000,-23.077, 13.525, 13.800,  0.000, 14.825, 14.300,  0.525,  0.800,  1.000,  0.800,0.00000,  0.000,
mon_rep231013,2023-10-13T10:53:45,917.666,  0.400,1,0,247, 25.000, 14.525,  0.000,-23.077, 13.525, 13.800,  0.000, 14.825, 14.300,  0.525,  0.800,  1.000,  0.800,0.00000,  0.000,
mon_rep231013,2023-10-13T10:53:46,918.066,  0.400,1,0,247, 25.000, 14.525,  0.000,-23.077, 13.525, 13.800,  0.000, 14.825, 14.300,  0.525,  0.800,  1.000,  0.800,0.00000,  0.000,
mon_rep231013,2023-10-13T10:53:46,918.466,  0.400,1,0,247, 25.000, 14.525,  0.000,-23.077, 13.525, 13.800,  0.000, 14.825, 14.300,  0.525,  0.800,  1.000,  0.800,0.00000,  0.000,
mon_rep231013,2023-10-13T10:53:46,918.866,  0.400,1,0,247, 25.000, 14.525,  0.000,-23.077, 13.525, 13.800,  0.000, 14.825, 14.300,  0.525,  0.800,  1.000,  0.800,0.00000,  0.000,
mon_rep231013,2023-10-13T10:53:47,919.266,  0.400,1,0,247, 25.000, 14.525,  0.000,-23.077, 13.525, 13.800,  0.000, 14.825, 14.300,  0.525,  0.800,  1.000,  0.800,0.00000,  0.000,
mon_rep231013,2023-10-13T10:53:47,919.666,  0.400,1,0,247, 25.000, 14.525,  0.000,-23.077, 13.525, 13.800,  0.000, 14.825, 14.300,  0.525,  0.800,  1.000,  0.800,0.00000,  0.000,
mon_rep231013,2023-10-13T10:53:48,920.066,  0.400,1,0,247, 25.000, 14.525,  0.000,-23.077, 13.525, 13.800,  0.000, 14.825, 14.300,  0.525,  0.800,  1.000,  0.800,0.00000,  0.000,
mon_rep231013,2023-10-13T10:53:48,920.466,  0.400,1,0,247, 25.000, 14.525,  0.000,-23.077, 13.525, 13.800,  0.000, 14.825, 14.300,  0.525,  0.800,  1.000,  0.800,0.00000,  0.000,
mon_rep231013,2023-10-13T10:53:48,920.866,  0.400,1,0,247, 25.000, 14.525,  0.000,-23.077, 13.525, 13.800,  0.000, 14.825, 14.300,  0.525,  0.800,  1.000,  0.800,0.00000,  0.000,
mon_rep231013,2023-10-13T10:53:49,921.266,  0.400,1,0,247, 25.000, 14.525,  0.000,-23.077, 13.525, 13.800,  0.000, 14.825, 14.300,  0.525,  0.800,  1.000,  0.800,0.00000,  0.000,
mon_rep231013,2023-10-13T10:53:49,921.666,  0.400,1,0,247, 25.000, 14.525,  0.000,-23.077, 13.525, 13.800,  0.000, 14.825, 14.300,  0.525,  0.800,  1.000,  0.800,0.00000,  0.000,
mon_rep231013,2023-10-13T10:53:50,922.066,  0.400,1,0,247, 25.000, 14.525,  0.000,-23.077, 13.525, 13.800,  0.000, 14.825, 14.300,  0.525,  0.800,  1.000,  0.800,0.00000,  0.000,
mon_rep231013,2023-10-13T10:53:50,922.466,  0.400,1,0,247, 25.000, 14.525,  0.000,-23.077, 13.525, 13.800,  0.000, 14.825, 14.300,  0.525,  0.800,  1.000,  0.800,0.00000,  0.000,
mon_rep231013,2023-10-13T10:53:50,922.866,  0.400,1,0,247, 25.000, 14.525,  0.000,-23.077, 13.525, 13.800,  0.000, 14.825, 14.300,  0.525,  0.800,  1.000,  0.800,0.00000,  0.000,
mon_rep231013,2023-10-13T10:53:51,923.266,  0.400,1,0,247, 25.000, 14.525,  0.000,-23.077, 13.525, 13.800,  0.000, 14.825, 14.300,  0.525,  0.800,  1.000,  0.800,0.00000,  0.000,
mon_rep231013,2023-10-13T10:53:51,923.666,  0.400,1,0,247, 25.000, 14.525,  0.000,-23.077, 13.525, 13.800,  0.000, 14.825, 14.300,  0.525,  0.800,  1.000,  0.800,0.00000,  0.000,
mon_rep231013,2023-10-13T10:53:52,924.066,  0.400,1,0,247, 25.000, 14.525,  0.000,-23.077, 13.525, 13.800,  0.000, 14.825, 14.300,  0.525,  0.800,  1.000,  0.800,0.00000,  0.000,
mon_rep231013,2023-10-13T10:53:52,924.466,  0.400,1,0,247, 25.000, 14.525,  0.000,-23.077, 13.525, 13.800,  0.000, 14.825, 14.300,  0.525,  0.800,  1.000,  0.800,0.00000,  0.000,
mon_rep231013,2023-10-13T10:53:52,924.866,  0.400,1,0,247, 25.000, 14.525,  0.000,-23.077, 13.525, 13.800,  0.000, 14.825, 14.300,  0.525,  0.800,  1.000,  0.800,0.00000,  0.000,
mon_rep231013,2023-10-13T10:53:53,925.266,  0.400,1,0,247, 25.000, 14.525,  0.000,-23.077, 13.525, 13.800,  0.000, 14.825, 14.300,  0.525,  0.800,  1.000,  0.800,0.00000,  0.000,
mon_rep231013,2023-10-13T10:53:53,925.666,  0.400,1,0,247, 25.000, 14.525,  0.000,-23.077, 13.525, 13.800,  0.000, 14.825, 14.300,  0.525,  0.800,  1.000,  0.800,0.00000,  0.000,
mon_rep231013,2023-10-13T10:53:54,926.066,  0.400,1,0,247, 25.000, 14.525,  0.000,-23.077, 13.525, 13.800,  0.000, 14.825, 14.300,  0.525,  0.800,  1.000,  0.800,0.00000,  0.000,
mon_rep231013,2023-10-13T10:53:54,926.466,  0.400,1,0,247, 25.000, 14.525,  0.000,-23.077, 13.525, 13.800,  0.000, 14.825, 14.300,  0.525,  0.800,  1.000,  0.800,0.00000,  0.000,
mon_rep231013,2023-10-13T10:53:54,926.866,  0.400,1,0,247, 25.000, 14.525,  0.000,-23.077, 13.525, 13.800,  0.000, 14.825, 14.300,  0.525,  0.800,  1.000,  0.800,0.00000,  0.000,
mon_rep231013,2023-10-13T10:53:55,927.266,  0.400,1,0,247, 25.000, 14.525,  0.000,-23.077, 13.525, 13.800,  0.000, 14.825, 14.300,  0.525,  0.800,  1.000,  0.800,0.00000,  0.000,
mon_rep231013,2023-10-13T10:53:55,927.666,  0.400,1,0,247, 25.000, 14.525,  0.000,-23.077, 13.525, 13.800,  0.000, 14.825, 14.300,  0.525,  0.800,  1.000,  0.800,0.00000,  0.000,
mon_rep231013,2023-10-13T10:53:56,928.066,  0.400,1,0,247, 25.000, 14.525,  0.000,-23.077, 13.525, 13.800,  0.000, 14.825, 14.300,  0.525,  0.800,  1.000,  0.800,0.00000,  0.000,
mon_rep231013,2023-10-13T10:53:56,928.466,  0.400,1,0,247, 25.000, 14.525,  0.000,-23.077, 13.525, 13.800,  0.000, 14.825, 14.300,  0.525,  0.800,  1.000,  0.800,0.00000,  0.000,
mon_rep231013,2023-10-13T10:53:56,928.866,  0.400,1,0,247, 25.000, 14.525,  0.000,-23.077, 13.525, 13.800,  0.000, 14.825, 14.300,  0.525,  0.800,  1.000,  0.800,0.00000,  0.000,
mon_rep231013,2023-10-13T10:53:57,929.266,  0.400,1,0,247, 25.000, 14.525,  0.000,-23.077, 13.525, 13.800,  0.000, 14.825, 14.300,  0.525,  0.800,  1.000,  0.800,0.00000,  0.000,
mon_rep231013,2023-10-13T10:53:57,929.666,  0.400,1,0,247, 25.000, 14.525,  0.000,-23.077, 13.525, 13.800,  0.000, 14.825, 14.300,  0.525,  0.800,  1.000,  0.800,0.00000,  0.000,
mon_rep231013,2023-10-13T10:53:58,930.066,  0.400,1,0,247, 25.000, 14.525,  0.000,-23.077, 13.525, 13.800,  0.000, 14.825, 14.300,  0.525,  0.800,  1.000,  0.800,0.00000,  0.000,
mon_rep231013,2023-10-13T10:53:58,930.466,  0.400,1,0,247, 25.000, 14.525,  0.000,-23.077, 13.525, 13.800,  0.000, 14.825, 14.300,  0.525,  0.800,  1.000,  0.800,0.00000,  0.000,
mon_rep231013,2023-10-13T10:53:58,930.866,  0.400,1,0,247, 25.000, 14.525,  0.000,-23.077, 13.525, 13.800,  0.000, 14.825, 14.300,  0.525,  0.800,  1.000,  0.800,0.00000,  0.000,
mon_rep231013,2023-10-13T10:53:59,931.266,  0.400,1,0,247, 25.000, 14.525,  0.000,-23.077, 13.525, 13.800,  0.000, 14.825, 14.300,  0.525,  0.800,  1.000,  0.800,0.00000,  0.000,
mon_rep231013,2023-10-13T10:53:59,931.666,  0.400,1,0,247, 25.000, 14.525,  0.000,-23.077, 13.525, 13.800,  0.000, 14.825, 14.300,  0.525,  0.800,  1.000,  0.800,0.00000,  0.000,
mon_rep231013,2023-10-13T10:54:00,932.066,  0.400,1,0,247, 25.000, 14.525,  0.000,-23.077, 13.525, 13.800,  0.000, 14.825, 14.300,  0.525,  0.800,  1.000,  0.800,0.00000,  0.000,
mon_rep231013,2023-10-13T10:54:00,932.466,  0.400,1,0,247, 25.000, 14.525,  0.000,-23.077, 13.525, 13.800,  0.000, 14.825, 14.300,  0.525,  0.800,  1.000,  0.800,0.00000,  0.000,
mon_rep231013,2023-10-13T10:54:00,932.866,  0.400,1,0,247, 25.000, 14.525,  0.000,-23.077, 13.525, 13.800,  0.000, 14.825, 14.300,  0.525,  0.800,  1.000,  0.800,0.00000,  0.000,
mon_rep231013,2023-10-13T10:54:01,933.266,  0.400,1,0,247, 25.000, 14.525,  0.000,-23.077, 13.525, 13.800,  0.000, 14.825, 14.300,  0.525,  0.800,  1.000,  0.800,0.00000,  0.000,
mon_rep231013,2023-10-13T10:54:01,933.666,  0.400,1,0,247, 25.000, 14.525,  0.000,-23.077, 13.525, 13.800,  0.000, 14.825, 14.300,  0.525,  0.800,  1.000,  0.800,0.00000,  0.000,
mon_rep231013,2023-10-13T10:54:02,934.066,  0.400,1,0,247, 25.000, 14.525,  0.000,-23.077, 13.525, 13.800,  0.000, 14.825, 14.300,  0.525,  0.800,  1.000,  0.800,0.00000,  0.000,
mon_rep231013,2023-10-13T10:54:02,934.466,  0.400,1,0,247, 25.000, 14.525,  0.000,-23.077, 13.525, 13.800,  0.000, 14.825, 14.300,  0.525,  0.800,  1.000,  0.800,0.00000,  0.000,
mon_rep231013,2023-10-13T10:54:02,934.866,  0.400,1,0,247, 25.000, 14.525,  0.000,-23.077, 13.525, 13.800,  0.000, 14.825, 14.300,  0.525,  0.800,  1.000,  0.800,0.00000,  0.000,
mon_rep231013,2023-10-13T10:54:03,935.266,  0.400,1,0,247, 25.000, 14.525,  0.000,-23.077, 13.525, 13.800,  0.000, 14.825, 14.300,  0.525,  0.800,  1.000,  0.800,0.00000,  0.000,
mon_rep231013,2023-10-13T10:54:03,935.666,  0.400,1,0,247, 25.000, 14.525,  0.000,-23.077, 13.525, 13.800,  0.000, 14.825, 14.300,  0.525,  0.800,  1.000,  0.800,0.00000,  0.000,
mon_rep231013,2023-10-13T10:54:04,936.066,  0.400,1,0,247, 25.000, 14.525,  0.000,-23.077, 13.525, 13.800,  0.000, 14.825, 14.300,  0.525,  0.800,  1.000,  0.800,0.00000,  0.000,
mon_rep231013,2023-10-13T10:54:04,936.466,  0.400,1,0,247, 25.000, 14.525,  0.000,-23.077, 13.525, 13.800,  0.000, 14.825, 14.300,  0.525,  0.800,  1.000,  0.800,0.00000,  0.000,
mon_rep231013,2023-10-13T10:54:04,936.866,  0.400,1,0,247, 25.000, 14.525,  0.000,-23.077, 13.525, 13.800,  0.000, 14.825, 14.300,  0.525,  0.800,  1.000,  0.800,0.00000,  0.000,
mon_rep231013,2023-10-13T10:54:05,937.266,  0.400,1,0,247, 25.000, 14.525,  0.000,-23.077, 13.525, 13.800,  0.000, 14.825, 14.300,  0.525,  0.800,  1.000,  0.800,0.00000,  0.000,
mon_rep231013,2023-10-13T10:54:05,937.666,  0.400,1,0,247, 25.000, 14.525,  0.000,-23.077, 13.525, 13.800,  0.000, 14.825, 14.300,  0.525,  0.800,  1.000,  0.800,0.00000,  0.000,
mon_rep231013,2023-10-13T10:54:06,938.066,  0.400,1,0,247, 25.000, 14.525,  0.000,-23.077, 13.525, 13.800,  0.000, 14.825, 14.300,  0.525,  0.800,  1.000,  0.800,0.00000,  0.000,
mon_rep231013,2023-10-13T10:54:06,938.466,  0.400,1,0,247, 25.000, 14.525,  0.000,-23.077, 13.525, 13.800,  0.000, 14.825, 14.300,  0.525,  0.800,  1.000,  0.800,0.00000,  0.000,
mon_rep231013,2023-10-13T10:54:06,938.866,  0.400,1,0,247, 25.000, 14.525,  0.000,-23.077, 13.525, 13.800,  0.000, 14.825, 14.300,  0.525,  0.800,  1.000,  0.800,0.00000,  0.000,
mon_rep231013,2023-10-13T10:54:07,939.266,  0.400,1,0,247, 25.000, 14.525,  0.000,-23.077, 13.525, 13.800,  0.000, 14.825, 14.300,  0.525,  0.800,  1.000,  0.800,0.00000,  0.000,
mon_rep231013,2023-10-13T10:54:07,939.666,  0.400,1,0,247, 25.000, 14.525,  0.000,-23.077, 13.525, 13.800,  0.000, 14.825, 14.300,  0.525,  0.800,  1.000,  0.800,0.00000,  0.000,
mon_rep231013,2023-10-13T10:54:08,940.066,  0.400,1,0,247, 25.000, 14.525,  0.000,-23.077, 13.525, 13.800,  0.000, 14.825, 14.300,  0.525,  0.800,  1.000,  0.800,0.00000,  0.000,
mon_rep231013,2023-10-13T10:54:08,940.466,  0.400,1,0,247, 25.000, 14.525,  0.000,-23.077, 13.525, 13.800,  0.000, 14.825, 14.300,  0.525,  0.800,  1.000,  0.800,0.00000,  0.000,
mon_rep231013,2023-10-13T10:54:08,940.866,  0.400,1,0,247, 25.000, 14.525,  0.000,-23.077, 13.525, 13.800,  0.000, 14.825, 14.300,  0.525,  0.800,  1.000,  0.800,0.00000,  0.000,
mon_rep231013,2023-10-13T10:54:09,941.266,  0.400,1,0,247, 25.000, 14.525,  0.000,-23.077, 13.525, 13.800,  0.000, 14.825, 14.300,  0.525,  0.800,  1.000,  0.800,0.00000,  0.000,
mon_rep231013,2023-10-13T10:54:09,941.666,  0.400,1,0,247, 25.000, 14.525,  0.000,-23.077, 13.525, 13.800,  0.000, 14.825, 14.300,  0.525,  0.800,  1.000,  0.800,0.00000,  0.000,
mon_rep231013,2023-10-13T10:54:10,942.066,  0.400,1,0,247, 25.000, 14.525,  0.000,-23.077, 13.525, 13.800,  0.000, 14.825, 14.300,  0.525,  0.800,  1.000,  0.800,0.00000,  0.000,
mon_rep231013,2023-10-13T10:54:10,942.466,  0.400,1,0,247, 25.000, 14.525,  0.000,-23.077, 13.525, 13.800,  0.000, 14.825, 14.300,  0.525,  0.800,  1.000,  0.800,0.00000,  0.000,
mon_rep231013,2023-10-13T10:54:10,942.866,  0.400,1,0,247, 25.000, 14.525,  0.000,-23.077, 13.525, 13.800,  0.000, 14.825, 14.300,  0.525,  0.800,  1.000,  0.800,0.00000,  0.000,
mon_rep231013,2023-10-13T10:54:11,943.266,  0.400,1,0,247, 25.000, 14.525,  0.000,-23.077, 13.525, 13.800,  0.000, 14.825, 14.300,  0.525,  0.800,  1.000,  0.800,0.00000,  0.000,
mon_rep231013,2023-10-13T10:54:11,943.666,  0.400,1,0,247, 25.000, 14.525,  0.000,-23.077, 13.525, 13.800,  0.000, 14.825, 14.300,  0.525,  0.800,  1.000,  0.800,0.00000,  0.000,
mon_rep231013,2023-10-13T10:54:12,944.066,  0.400,1,0,247, 25.000, 14.525,  0.000,-23.077, 13.525, 13.800,  0.000, 14.825, 14.300,  0.525,  0.800,  1.000,  0.800,0.00000,  0.000,
mon_rep231013,2023-10-13T10:54:12,944.466,  0.400,1,0,247, 25.000, 14.525,  0.000,-23.077, 13.525, 13.800,  0.000, 14.825, 14.300,  0.525,  0.800,  1.000,  0.800,0.00000,  0.000,
mon_rep231013,2023-10-13T10:54:12,944.866,  0.400,1,0,247, 25.000, 14.525,  0.000,-23.077, 13.525, 13.800,  0.000, 14.825, 14.300,  0.525,  0.800,  1.000,  0.800,0.00000,  0.000,
mon_rep231013,2023-10-13T10:54:13,945.266,  0.400,1,0,247, 25.000, 14.525,  0.000,-23.077, 13.525, 13.800,  0.000, 14.825, 14.300,  0.525,  0.800,  1.000,  0.800,0.00000,  0.000,
mon_rep231013,2023-10-13T10:54:13,945.666,  0.400,1,0,247, 25.000, 14.525,  0.000,-23.077, 13.525, 13.800,  0.000, 14.825, 14.300,  0.525,  0.800,  1.000,  0.800,0.00000,  0.000,
mon_rep231013,2023-10-13T10:54:14,946.066,  0.400,1,0,247, 25.000, 14.525,  0.000,-23.077, 13.525, 13.800,  0.000, 14.825, 14.300,  0.525,  0.800,  1.000,  0.800,0.00000,  0.000,
mon_rep231013,2023-10-13T10:54:14,946.466,  0.400,1,0,247, 25.000, 14.525,  0.000,-23.077, 13.525, 13.800,  0.000, 14.825, 14.300,  0.525,  0.800,  1.000,  0.800,0.00000,  0.000,
mon_rep231013,2023-10-13T10:54:14,946.866,  0.400,1,0,247, 25.000, 14.525,  0.000,-23.077, 13.525, 13.800,  0.000, 14.825, 14.300,  0.525,  0.800,  1.000,  0.800,0.00000,  0.000,
mon_rep231013,2023-10-13T10:54:15,947.266,  0.400,1,0,247, 25.000, 14.525,  0.000,-23.077, 13.525, 13.800,  0.000, 14.825, 14.300,  0.525,  0.800,  1.000,  0.800,0.00000,  0.000,
mon_rep231013,2023-10-13T10:54:15,947.666,  0.400,1,0,247, 25.000, 14.525,  0.000,-23.077, 13.525, 13.800,  0.000, 14.825, 14.300,  0.525,  0.800,  1.000,  0.800,0.00000,  0.000,
mon_rep231013,2023-10-13T10:54:16,948.066,  0.400,1,0,247, 25.000, 14.525,  0.000,-23.077, 13.525, 13.800,  0.000, 14.825, 14.300,  0.525,  0.800,  1.000,  0.800,0.00000,  0.000,
mon_rep231013,2023-10-13T10:54:16,948.466,  0.400,1,0,247, 25.000, 14.525,  0.000,-23.077, 13.525, 13.800,  0.000, 14.825, 14.300,  0.525,  0.800,  1.000,  0.800,0.00000,  0.000,
mon_rep231013,2023-10-13T10:54:16,948.866,  0.400,1,0,247, 25.000, 14.525,  0.000,-23.077, 13.525, 13.800,  0.000, 14.825, 14.300,  0.525,  0.800,  1.000,  0.800,0.00000,  0.000,
mon_rep231013,2023-10-13T10:54:17,949.266,  0.400,1,0,247, 25.000, 14.525,  0.000,-23.077, 13.525, 13.800,  0.000, 14.825, 14.300,  0.525,  0.800,  1.000,  0.800,0.00000,  0.000,
mon_rep231013,2023-10-13T10:54:17,949.666,  0.400,1,0,247, 25.000, 14.525,  0.000,-23.077, 13.525, 13.800,  0.000, 14.825, 14.300,  0.525,  0.800,  1.000,  0.800,0.00000,  0.000,
mon_rep231013,2023-10-13T10:54:18,950.066,  0.400,1,0,247, 25.000, 14.525,  0.000,-23.077, 13.525, 13.800,  0.000, 14.825, 14.300,  0.525,  0.800,  1.000,  0.800,0.00000,  0.000,
mon_rep231013,2023-10-13T10:54:18,950.466,  0.400,1,0,247, 25.000, 14.525,  0.000,-23.077, 13.525, 13.800,  0.000, 14.825, 14.300,  0.525,  0.800,  1.000,  0.800,0.00000,  0.000,
mon_rep231013,2023-10-13T10:54:18,950.866,  0.400,1,0,247, 25.000, 14.525,  0.000,-23.077, 13.525, 13.800,  0.000, 14.825, 14.300,  0.525,  0.800,  1.000,  0.800,0.00000,  0.000,
mon_rep231013,2023-10-13T10:54:19,951.266,  0.400,1,0,247, 25.000, 14.525,  0.000,-23.077, 13.525, 13.800,  0.000, 14.825, 14.300,  0.525,  0.800,  1.000,  0.800,0.00000,  0.000,
mon_rep231013,2023-10-13T10:54:19,951.666,  0.400,1,0,247, 25.000, 14.525,  0.000,-23.077, 13.525, 13.800,  0.000, 14.825, 14.300,  0.525,  0.800,  1.000,  0.800,0.00000,  0.000,
mon_rep231013,2023-10-13T10:54:20,952.066,  0.400,1,0,247, 25.000, 14.525,  0.000,-23.077, 13.525, 13.800,  0.000, 14.825, 14.300,  0.525,  0.800,  1.000,  0.800,0.00000,  0.000,
mon_rep231013,2023-10-13T10:54:20,952.466,  0.400,1,0,247, 25.000, 14.525,  0.000,-23.077, 13.525, 13.800,  0.000, 14.825, 14.300,  0.525,  0.800,  1.000,  0.800,0.00000,  0.000,
mon_rep231013,2023-10-13T10:54:20,952.866,  0.400,1,0,247, 25.000, 14.525,  0.000,-23.077, 13.525, 13.800,  0.000, 14.825, 14.300,  0.525,  0.800,  1.000,  0.800,0.00000,  0.000,
mon_rep231013,2023-10-13T10:54:21,953.266,  0.400,1,0,247, 25.000, 14.525,  0.000,-23.077, 13.525, 13.800,  0.000, 14.825, 14.300,  0.525,  0.800,  1.000,  0.800,0.00000,  0.000,
mon_rep231013,2023-10-13T10:54:21,953.666,  0.400,1,0,247, 25.000, 14.525,  0.000,-23.077, 13.525, 13.800,  0.000, 14.825, 14.300,  0.525,  0.800,  1.000,  0.800,0.00000,  0.000,
mon_rep231013,2023-10-13T10:54:22,954.066,  0.400,1,0,247, 25.000, 14.525,  0.000,-23.077, 13.525, 13.800,  0.000, 14.825, 14.300,  0.525,  0.800,  1.000,  0.800,0.00000,  0.000,
mon_rep231013,2023-10-13T10:54:22,954.466,  0.400,1,0,247, 25.000, 14.525,  0.000,-23.077, 13.525, 13.800,  0.000, 14.825, 14.300,  0.525,  0.800,  1.000,  0.800,0.00000,  0.000,
mon_rep231013,2023-10-13T10:54:22,954.866,  0.400,1,0,247, 25.000, 14.525,  0.000,-23.077, 13.525, 13.800,  0.000, 14.825, 14.300,  0.525,  0.800,  1.000,  0.800,0.00000,  0.000,
mon_rep231013,2023-10-13T10:54:23,955.266,  0.400,1,0,247, 25.000, 14.525,  0.000,-23.077, 13.525, 13.800,  0.000, 14.825, 14.300,  0.525,  0.800,  1.000,  0.800,0.00000,  0.000,
mon_rep231013,2023-10-13T10:54:23,955.666,  0.400,1,0,247, 25.000, 14.525,  0.000,-23.077, 13.525, 13.800,  0.000, 14.825, 14.300,  0.525,  0.800,  1.000,  0.800,0.00000,  0.000,
mon_rep231013,2023-10-13T10:54:24,956.066,  0.400,1,0,247, 25.000, 14.525,  0.000,-23.077, 13.525, 13.800,  0.000, 14.825, 14.300,  0.525,  0.800,  1.000,  0.800,0.00000,  0.000,
mon_rep231013,2023-10-13T10:54:24,956.466,  0.400,1,0,247, 25.000, 14.525,  0.000,-23.077, 13.525, 13.800,  0.000, 14.825, 14.300,  0.525,  0.800,  1.000,  0.800,0.00000,  0.000,
mon_rep231013,2023-10-13T10:54:24,956.866,  0.400,1,0,247, 25.000, 14.525,  0.000,-23.077, 13.525, 13.800,  0.000, 14.825, 14.300,  0.525,  0.800,  1.000,  0.800,0.00000,  0.000,
mon_rep231013,2023-10-13T10:54:25,957.266,  0.400,1,0,247, 25.000, 14.525,  0.000,-23.077, 13.525, 13.800,  0.000, 14.825, 14.300,  0.525,  0.800,  1.000,  0.800,0.00000,  0.000,
mon_rep231013,2023-10-13T10:54:25,957.666,  0.400,1,0,247, 25.000, 14.525,  0.000,-23.077, 13.525, 13.800,  0.000, 14.825, 14.300,  0.525,  0.800,  1.000,  0.800,0.00000,  0.000,
mon_rep231013,2023-10-13T10:54:26,958.066,  0.400,1,0,247, 25.000, 14.525,  0.000,-23.077, 13.525, 13.800,  0.000, 14.825, 14.300,  0.525,  0.800,  1.000,  0.800,0.00000,  0.000,
mon_rep231013,2023-10-13T10:54:26,958.466,  0.400,1,0,247, 25.000, 14.525,  0.000,-23.077, 13.525, 13.800,  0.000, 14.825, 14.300,  0.525,  0.800,  1.000,  0.800,0.00000,  0.000,
mon_rep231013,2023-10-13T10:54:26,958.866,  0.400,1,0,247, 25.000, 14.525,  0.000,-23.077, 13.525, 13.800,  0.000, 14.825, 14.300,  0.525,  0.800,  1.000,  0.800,0.00000,  0.000,
mon_rep231013,2023-10-13T10:54:27,959.266,  0.400,1,0,247, 25.000, 14.525,  0.000,-23.077, 13.525, 13.800,  0.000, 14.825, 14.300,  0.525,  0.800,  1.000,  0.800,0.00000,  0.000,
mon_rep231013,2023-10-13T10:54:27,959.666,  0.400,1,0,247, 25.000, 14.525,  0.000,-23.077, 13.525, 13.800,  0.000, 14.825, 14.300,  0.525,  0.800,  1.000,  0.800,0.00000,  0.000,
mon_rep231013,2023-10-13T10:54:28,960.066,  0.400,1,0,247, 25.000, 14.525,  0.000,-23.077, 13.525, 13.800,  0.000, 14.825, 14.300,  0.525,  0.800,  1.000,  0.800,0.00000,  0.000,
mon_rep231013,2023-10-13T10:54:28,960.466,  0.400,1,0,247, 25.000, 14.525,  0.000,-23.077, 13.525, 13.800,  0.000, 14.825, 14.300,  0.525,  0.800,  1.000,  0.800,0.00000,  0.000,
mon_rep231013,2023-10-13T10:54:28,960.866,  0.400,1,0,247, 25.000, 14.525,  0.000,-23.077, 13.525, 13.800,  0.000, 14.825, 14.300,  0.525,  0.800,  1.000,  0.800,0.00000,  0.000,
mon_rep231013,2023-10-13T10:54:29,961.266,  0.400,1,0,247, 25.000, 14.525,  0.000,-23.077, 13.525, 13.800,  0.000, 14.825, 14.300,  0.525,  0.800,  1.000,  0.800,0.00000,  0.000,
mon_rep231013,2023-10-13T10:54:29,961.666,  0.400,1,0,247, 25.000, 14.525,  0.000,-23.077, 13.525, 13.800,  0.000, 14.825, 14.300,  0.525,  0.800,  1.000,  0.800,0.00000,  0.000,
mon_rep231013,2023-10-13T10:54:30,962.066,  0.400,1,0,247, 25.000, 14.525,  0.000,-23.077, 13.525, 13.800,  0.000, 14.825, 14.300,  0.525,  0.800,  1.000,  0.800,0.00000,  0.000,
mon_rep231013,2023-10-13T10:54:30,962.466,  0.400,1,0,247, 25.000, 14.525,  0.000,-23.077, 13.525, 13.800,  0.000, 14.825, 14.300,  0.525,  0.800,  1.000,  0.800,0.00000,  0.000,
mon_rep231013,2023-10-13T10:54:30,962.866,  0.400,1,0,247, 25.000, 14.525,  0.000,-23.077, 13.525, 13.800,  0.000, 14.825, 14.300,  0.525,  0.800,  1.000,  0.800,0.00000,  0.000,
mon_rep231013,2023-10-13T10:54:31,963.266,  0.400,1,0,247, 25.000, 14.525,  0.000,-23.077, 13.525, 13.800,  0.000, 14.825, 14.300,  0.525,  0.800,  1.000,  0.800,0.00000,  0.000,
mon_rep231013,2023-10-13T10:54:31,963.666,  0.400,1,0,247, 25.000, 14.525,  0.000,-23.077, 13.525, 13.800,  0.000, 14.825, 14.300,  0.525,  0.800,  1.000,  0.800,0.00000,  0.000,
mon_rep231013,2023-10-13T10:54:32,964.066,  0.400,1,0,247, 25.000, 14.525,  0.000,-23.077, 13.525, 13.800,  0.000, 14.825, 14.300,  0.525,  0.800,  1.000,  0.800,0.00000,  0.000,
mon_rep231013,2023-10-13T10:54:32,964.466,  0.400,1,0,247, 25.000, 14.525,  0.000,-23.077, 13.525, 13.800,  0.000, 14.825, 14.300,  0.525,  0.800,  1.000,  0.800,0.00000,  0.000,
mon_rep231013,2023-10-13T10:54:32,964.866,  0.400,1,0,247, 25.000, 14.525,  0.000,-23.077, 13.525, 13.800,  0.000, 14.825, 14.300,  0.525,  0.800,  1.000,  0.800,0.00000,  0.000,
mon_rep231013,2023-10-13T10:54:33,965.266,  0.400,1,0,247, 25.000, 14.525,  0.000,-23.077, 13.525, 13.800,  0.000, 14.825, 14.300,  0.525,  0.800,  1.000,  0.800,0.00000,  0.000,
mon_rep231013,2023-10-13T10:54:33,965.666,  0.400,1,0,247, 25.000, 14.525,  0.000,-23.077, 13.525, 13.800,  0.000, 14.825, 14.300,  0.525,  0.800,  1.000,  0.800,0.00000,  0.000,
mon_rep231013,2023-10-13T10:54:34,966.066,  0.400,1,0,247, 25.000, 14.525,  0.000,-23.077, 13.525, 13.800,  0.000, 14.825, 14.300,  0.525,  0.800,  1.000,  0.800,0.00000,  0.000,
mon_rep231013,2023-10-13T10:54:34,966.466,  0.400,1,0,247, 25.000, 14.525,  0.000,-23.077, 13.525, 13.800,  0.000, 14.825, 14.300,  0.525,  0.800,  1.000,  0.800,0.00000,  0.000,
mon_rep231013,2023-10-13T10:54:34,966.866,  0.400,1,0,247, 25.000, 14.525,  0.000,-23.077, 13.525, 13.800,  0.000, 14.825, 14.300,  0.525,  0.800,  1.000,  0.800,0.00000,  0.000,
mon_rep231013,2023-10-13T10:54:35,967.266,  0.400,1,0,247, 25.000, 14.525,  0.000,-23.077, 13.525, 13.800,  0.000, 14.825, 14.300,  0.525,  0.800,  1.000,  0.800,0.00000,  0.000,
mon_rep231013,2023-10-13T10:54:35,967.666,  0.400,1,0,247, 25.000, 14.525,  0.000,-23.077, 13.525, 13.800,  0.000, 14.825, 14.300,  0.525,  0.800,  1.000,  0.800,0.00000,  0.000,
mon_rep231013,2023-10-13T10:54:36,968.066,  0.400,1,0,247, 25.000, 14.525,  0.000,-23.077, 13.525, 13.800,  0.000, 14.825, 14.300,  0.525,  0.800,  1.000,  0.800,0.00000,  0.000,
mon_rep231013,2023-10-13T10:54:36,968.466,  0.400,1,0,247, 25.000, 14.525,  0.000,-23.077, 13.525, 13.800,  0.000, 14.825, 14.300,  0.525,  0.800,  1.000,  0.800,0.00000,  0.000,
mon_rep231013,2023-10-13T10:54:36,968.866,  0.400,1,0,247, 25.000, 14.525,  0.000,-23.077, 13.525, 13.800,  0.000, 14.825, 14.300,  0.525,  0.800,  1.000,  0.800,0.00000,  0.000,
mon_rep231013,2023-10-13T10:54:37,969.266,  0.400,1,0,247, 25.000, 14.525,  0.000,-23.077, 13.525, 13.800,  0.000, 14.825, 14.300,  0.525,  0.800,  1.000,  0.800,0.00000,  0.000,
mon_rep231013,2023-10-13T10:54:37,969.666,  0.400,1,0,247, 25.000, 14.525,  0.000,-23.077, 13.525, 13.800,  0.000, 14.825, 14.300,  0.525,  0.800,  1.000,  0.800,0.00000,  0.000,
mon_rep231013,2023-10-13T10:54:38,970.066,  0.400,1,0,247, 25.000, 14.525,  0.000,-23.077, 13.525, 13.800,  0.000, 14.825, 14.300,  0.525,  0.800,  1.000,  0.800,0.00000,  0.000,
mon_rep231013,2023-10-13T10:54:38,970.466,  0.400,1,0,247, 25.000, 14.525,  0.000,-23.077, 13.525, 13.800,  0.000, 14.825, 14.300,  0.525,  0.800,  1.000,  0.800,0.00000,  0.000,
mon_rep231013,2023-10-13T10:54:38,970.866,  0.400,1,0,247, 25.000, 14.525,  0.000,-23.077, 13.525, 13.800,  0.000, 14.825, 14.300,  0.525,  0.800,  1.000,  0.800,0.00000,  0.000,
mon_rep231013,2023-10-13T10:54:39,971.266,  0.400,1,0,247, 25.000, 14.525,  0.000,-23.077, 13.525, 13.800,  0.000, 14.825, 14.300,  0.525,  0.800,  1.000,  0.800,0.00000,  0.000,
mon_rep231013,2023-10-13T10:54:39,971.666,  0.400,1,0,247, 25.000, 14.525,  0.000,-23.077, 13.525, 13.800,  0.000, 14.825, 14.300,  0.525,  0.800,  1.000,  0.800,0.00000,  0.000,
mon_rep231013,2023-10-13T10:54:40,972.066,  0.400,1,0,247, 25.000, 14.525,  0.000,-23.077, 13.525, 13.800,  0.000, 14.825, 14.300,  0.525,  0.800,  1.000,  0.800,0.00000,  0.000,
mon_rep231013,2023-10-13T10:54:40,972.466,  0.400,1,0,247, 25.000, 14.525,  0.000,-23.077, 13.525, 13.800,  0.000, 14.825, 14.300,  0.525,  0.800,  1.000,  0.800,0.00000,  0.000,
mon_rep231013,2023-10-13T10:54:40,972.866,  0.400,1,0,247, 25.000, 14.525,  0.000,-23.077, 13.525, 13.800,  0.000, 14.825, 14.300,  0.525,  0.800,  1.000,  0.800,0.00000,  0.000,
mon_rep231013,2023-10-13T10:54:41,973.266,  0.400,1,0,247, 25.000, 14.525,  0.000,-23.077, 13.525, 13.800,  0.000, 14.825, 14.300,  0.525,  0.800,  1.000,  0.800,0.00000,  0.000,
mon_rep231013,2023-10-13T10:54:41,973.666,  0.400,1,0,247, 25.000, 14.525,  0.000,-23.077, 13.525, 13.800,  0.000, 14.825, 14.300,  0.525,  0.800,  1.000,  0.800,0.00000,  0.000,
mon_rep231013,2023-10-13T10:54:42,974.066,  0.400,1,0,247, 25.000, 14.525,  0.000,-23.077, 13.525, 13.800,  0.000, 14.825, 14.300,  0.525,  0.800,  1.000,  0.800,0.00000,  0.000,
mon_rep231013,2023-10-13T10:54:42,974.466,  0.400,1,0,247, 25.000, 14.525,  0.000,-23.077, 13.525, 13.800,  0.000, 14.825, 14.300,  0.525,  0.800,  1.000,  0.800,0.00000,  0.000,
mon_rep231013,2023-10-13T10:54:42,974.866,  0.400,1,0,247, 25.000, 14.525,  0.000,-23.077, 13.525, 13.800,  0.000, 14.825, 14.300,  0.525,  0.800,  1.000,  0.800,0.00000,  0.000,
mon_rep231013,2023-10-13T10:54:43,975.266,  0.400,1,0,247, 25.000, 14.525,  0.000,-23.077, 13.525, 13.800,  0.000, 14.825, 14.300,  0.525,  0.800,  1.000,  0.800,0.00000,  0.000,
mon_rep231013,2023-10-13T10:54:43,975.666,  0.400,1,0,247, 25.000, 14.525,  0.000,-23.077, 13.525, 13.800,  0.000, 14.825, 14.300,  0.525,  0.800,  1.000,  0.800,0.00000,  0.000,
mon_rep231013,2023-10-13T10:54:44,976.066,  0.400,1,0,247, 25.000, 14.525,  0.000,-23.077, 13.525, 13.800,  0.000, 14.825, 14.300,  0.525,  0.800,  1.000,  0.800,0.00000,  0.000,
mon_rep231013,2023-10-13T10:54:44,976.466,  0.400,1,0,247, 25.000, 14.525,  0.000,-23.077, 13.525, 13.800,  0.000, 14.825, 14.300,  0.525,  0.800,  1.000,  0.800,0.00000,  0.000,
mon_rep231013,2023-10-13T10:54:44,976.866,  0.400,1,0,247, 25.000, 14.525,  0.000,-23.077, 13.525, 13.800,  0.000, 14.825, 14.300,  0.525,  0.800,  1.000,  0.800,0.00000,  0.000,
mon_rep231013,2023-10-13T10:54:45,977.266,  0.400,1,0,247, 25.000, 14.525,  0.000,-23.077, 13.525, 13.800,  0.000, 14.825, 14.300,  0.525,  0.800,  1.000,  0.800,0.00000,  0.000,
mon_rep231013,2023-10-13T10:54:45,977.666,  0.400,1,0,247, 25.000, 14.525,  0.000,-23.077, 13.525, 13.800,  0.000, 14.825, 14.300,  0.525,  0.800,  1.000,  0.800,0.00000,  0.000,
mon_rep231013,2023-10-13T10:54:46,978.066,  0.400,1,0,247, 25.000, 14.525,  0.000,-23.077, 13.525, 13.800,  0.000, 14.825, 14.300,  0.525,  0.800,  1.000,  0.800,0.00000,  0.000,
mon_rep231013,2023-10-13T10:54:46,978.466,  0.400,1,0,247, 25.000, 14.525,  0.000,-23.077, 13.525, 13.800,  0.000, 14.825, 14.300,  0.525,  0.800,  1.000,  0.800,0.00000,  0.000,
mon_rep231013,2023-10-13T10:54:46,978.866,  0.400,1,0,247, 25.000, 14.525,  0.000,-23.077, 13.525, 13.800,  0.000, 14.825, 14.300,  0.525,  0.800,  1.000,  0.800,0.00000,  0.000,
mon_rep231013,2023-10-13T10:54:47,979.266,  0.400,1,0,247, 25.000, 14.525,  0.000,-23.077, 13.525, 13.800,  0.000, 14.825, 14.300,  0.525,  0.800,  1.000,  0.800,0.00000,  0.000,
mon_rep231013,2023-10-13T10:54:47,979.666,  0.400,1,0,247, 25.000, 14.525,  0.000,-23.077, 13.525, 13.800,  0.000, 14.825, 14.300,  0.525,  0.800,  1.000,  0.800,0.00000,  0.000,
mon_rep231013,2023-10-13T10:54:48,980.066,  0.400,1,0,247, 25.000, 14.525,  0.000,-23.077, 13.525, 13.800,  0.000, 14.825, 14.300,  0.525,  0.800,  1.000,  0.800,0.00000,  0.000,
mon_rep231013,2023-10-13T10:54:48,980.466,  0.400,1,0,247, 25.000, 14.525,  0.000,-23.077, 13.525, 13.800,  0.000, 14.825, 14.300,  0.525,  0.800,  1.000,  0.800,0.00000,  0.000,
mon_rep231013,2023-10-13T10:54:48,980.866,  0.400,1,0,247, 25.000, 14.525,  0.000,-23.077, 13.525, 13.800,  0.000, 14.825, 14.300,  0.525,  0.800,  1.000,  0.800,0.00000,  0.000,
mon_rep231013,2023-10-13T10:54:49,981.266,  0.400,1,0,247, 25.000, 14.525,  0.000,-23.077, 13.525, 13.800,  0.000, 14.825, 14.300,  0.525,  0.800,  1.000,  0.800,0.00000,  0.000,
mon_rep231013,2023-10-13T10:54:49,981.666,  0.400,1,0,247, 25.000, 14.525,  0.000,-23.077, 13.525, 13.800,  0.000, 14.825, 14.300,  0.525,  0.800,  1.000,  0.800,0.00000,  0.000,
mon_rep231013,2023-10-13T10:54:50,982.066,  0.400,1,0,247, 25.000, 14.525,  0.000,-23.077, 13.525, 13.800,  0.000, 14.825, 14.300,  0.525,  0.800,  1.000,  0.800,0.00000,  0.000,
mon_rep231013,2023-10-13T10:54:50,982.466,  0.400,1,0,247, 25.000, 14.525,  0.000,-23.077, 13.525, 13.800,  0.000, 14.825, 14.300,  0.525,  0.800,  1.000,  0.800,0.00000,  0.000,
mon_rep231013,2023-10-13T10:54:50,982.866,  0.400,1,0,247, 25.000, 14.525,  0.000,-23.077, 13.525, 13.800,  0.000, 14.825, 14.300,  0.525,  0.800,  1.000,  0.800,0.00000,  0.000,
mon_rep231013,2023-10-13T10:54:51,983.266,  0.400,1,0,247, 25.000, 14.525,  0.000,-23.077, 13.525, 13.800,  0.000, 14.825, 14.300,  0.525,  0.800,  1.000,  0.800,0.00000,  0.000,
mon_rep231013,2023-10-13T10:54:51,983.666,  0.400,1,0,247, 25.000, 14.525,  0.000,-23.077, 13.525, 13.800,  0.000, 14.825, 14.300,  0.525,  0.800,  1.000,  0.800,0.00000,  0.000,
mon_rep231013,2023-10-13T10:54:52,984.066,  0.400,1,0,247, 25.000, 14.525,  0.000,-23.077, 13.525, 13.800,  0.000, 14.825, 14.300,  0.525,  0.800,  1.000,  0.800,0.00000,  0.000,
mon_rep231013,2023-10-13T10:54:52,984.466,  0.400,1,0,247, 25.000, 14.525,  0.000,-23.077, 13.525, 13.800,  0.000, 14.825, 14.300,  0.525,  0.800,  1.000,  0.800,0.00000,  0.000,
mon_rep231013,2023-10-13T10:54:52,984.866,  0.400,1,0,247, 25.000, 14.525,  0.000,-23.077, 13.525, 13.800,  0.000, 14.825, 14.300,  0.525,  0.800,  1.000,  0.800,0.00000,  0.000,
mon_rep231013,2023-10-13T10:54:53,985.266,  0.400,1,0,247, 25.000, 14.525,  0.000,-23.077, 13.525, 13.800,  0.000, 14.825, 14.300,  0.525,  0.800,  1.000,  0.800,0.00000,  0.000,
mon_rep231013,2023-10-13T10:54:53,985.666,  0.400,1,0,247, 25.000, 14.525,  0.000,-23.077, 13.525, 13.800,  0.000, 14.825, 14.300,  0.525,  0.800,  1.000,  0.800,0.00000,  0.000,
mon_rep231013,2023-10-13T10:54:54,986.066,  0.400,1,0,247, 25.000, 14.525,  0.000,-23.077, 13.525, 13.800,  0.000, 14.825, 14.300,  0.525,  0.800,  1.000,  0.800,0.00000,  0.000,
mon_rep231013,2023-10-13T10:54:54,986.466,  0.400,1,0,247, 25.000, 14.525,  0.000,-23.077, 13.525, 13.800,  0.000, 14.825, 14.300,  0.525,  0.800,  1.000,  0.800,0.00000,  0.000,
mon_rep231013,2023-10-13T10:54:54,986.866,  0.400,1,0,247, 25.000, 14.525,  0.000,-23.077, 13.525, 13.800,  0.000, 14.825, 14.300,  0.525,  0.800,  1.000,  0.800,0.00000,  0.000,
mon_rep231013,2023-10-13T10:54:55,987.266,  0.400,1,0,247, 25.000, 14.525,  0.000,-23.077, 13.525, 13.800,  0.000, 14.825, 14.300,  0.525,  0.800,  1.000,  0.800,0.00000,  0.000,
mon_rep231013,2023-10-13T10:54:55,987.666,  0.400,1,0,247, 25.000, 14.525,  0.000,-23.077, 13.525, 13.800,  0.000, 14.825, 14.300,  0.525,  0.800,  1.000,  0.800,0.00000,  0.000,
mon_rep231013,2023-10-13T10:54:56,988.066,  0.400,1,0,247, 25.000, 14.525,  0.000,-23.077, 13.525, 13.800,  0.000, 14.825, 14.300,  0.525,  0.800,  1.000,  0.800,0.00000,  0.000,
mon_rep231013,2023-10-13T10:54:56,988.466,  0.400,1,0,247, 25.000, 14.525,  0.000,-23.077, 13.525, 13.800,  0.000, 14.825, 14.300,  0.525,  0.800,  1.000,  0.800,0.00000,  0.000,
mon_rep231013,2023-10-13T10:54:56,988.866,  0.400,1,0,247, 25.000, 14.525,  0.000,-23.077, 13.525, 13.800,  0.000, 14.825, 14.300,  0.525,  0.800,  1.000,  0.800,0.00000,  0.000,
mon_rep231013,2023-10-13T10:54:57,989.266,  0.400,1,0,247, 25.000, 14.525,  0.000,-23.077, 13.525, 13.800,  0.000, 14.825, 14.300,  0.525,  0.800,  1.000,  0.800,0.00000,  0.000,
mon_rep231013,2023-10-13T10:54:57,989.666,  0.400,1,0,247, 25.000, 14.525,  0.000,-23.077, 13.525, 13.800,  0.000, 14.825, 14.300,  0.525,  0.800,  1.000,  0.800,0.00000,  0.000,
mon_rep231013,2023-10-13T10:54:58,990.066,  0.400,1,0,247, 25.000, 14.525,  0.000,-23.077, 13.525, 13.800,  0.000, 14.825, 14.300,  0.525,  0.800,  1.000,  0.800,0.00000,  0.000,
mon_rep231013,2023-10-13T10:54:58,990.466,  0.400,1,0,247, 25.000, 14.525,  0.000,-23.077, 13.525, 13.800,  0.000, 14.825, 14.300,  0.525,  0.800,  1.000,  0.800,0.00000,  0.000,
mon_rep231013,2023-10-13T10:54:58,990.866,  0.400,1,0,247, 25.000, 14.525,  0.000,-23.077, 13.525, 13.800,  0.000, 14.825, 14.300,  0.525,  0.800,  1.000,  0.800,0.00000,  0.000,
mon_rep231013,2023-10-13T10:54:59,991.266,  0.400,1,0,247, 25.000, 14.525,  0.000,-23.077, 13.525, 13.800,  0.000, 14.825, 14.300,  0.525,  0.800,  1.000,  0.800,0.00000,  0.000,
mon_rep231013,2023-10-13T10:54:59,991.666,  0.400,1,0,247, 25.000, 14.525,  0.000,-23.077, 13.525, 13.800,  0.000, 14.825, 14.300,  0.525,  0.800,  1.000,  0.800,0.00000,  0.000,
mon_rep231013,2023-10-13T10:55:00,992.066,  0.400,1,0,247, 25.000, 14.525,  0.000,-23.077, 13.525, 13.800,  0.000, 14.825, 14.300,  0.525,  0.800,  1.000,  0.800,0.00000,  0.000,
mon_rep231013,2023-10-13T10:55:00,992.466,  0.400,1,0,247, 25.000, 14.525,  0.000,-23.077, 13.525, 13.800,  0.000, 14.825, 14.300,  0.525,  0.800,  1.000,  0.800,0.00000,  0.000,
mon_rep231013,2023-10-13T10:55:00,992.866,  0.400,1,0,247, 25.000, 14.525,  0.000,-23.077, 13.525, 13.800,  0.000, 14.825, 14.300,  0.525,  0.800,  1.000,  0.800,0.00000,  0.000,
mon_rep231013,2023-10-13T10:55:01,993.266,  0.400,1,0,247, 25.000, 14.525,  0.000,-23.077, 13.525, 13.800,  0.000, 14.825, 14.300,  0.525,  0.800,  1.000,  0.800,0.00000,  0.000,
mon_rep231013,2023-10-13T10:55:01,993.666,  0.400,1,0,247, 25.000, 14.525,  0.000,-23.077, 13.525, 13.800,  0.000, 14.825, 14.300,  0.525,  0.800,  1.000,  0.800,0.00000,  0.000,
mon_rep231013,2023-10-13T10:55:02,994.066,  0.400,1,0,247, 25.000, 14.525,  0.000,-23.077, 13.525, 13.800,  0.000, 14.825, 14.300,  0.525,  0.800,  1.000,  0.800,0.00000,  0.000,
mon_rep231013,2023-10-13T10:55:02,994.466,  0.400,1,0,247, 25.000, 14.525,  0.000,-23.077, 13.525, 13.800,  0.000, 14.825, 14.300,  0.525,  0.800,  1.000,  0.800,0.00000,  0.000,
mon_rep231013,2023-10-13T10:55:02,994.866,  0.400,1,0,247, 25.000, 14.525,  0.000,-23.077, 13.525, 13.800,  0.000, 14.825, 14.300,  0.525,  0.800,  1.000,  0.800,0.00000,  0.000,
mon_rep231013,2023-10-13T10:55:03,995.266,  0.400,1,0,247, 25.000, 14.525,  0.000,-23.077, 13.525, 13.800,  0.000, 14.825, 14.300,  0.525,  0.800,  1.000,  0.800,0.00000,  0.000,
mon_rep231013,2023-10-13T10:55:03,995.666,  0.400,1,0,247, 25.000, 14.525,  0.000,-23.077, 13.525, 13.800,  0.000, 14.825, 14.300,  0.525,  0.800,  1.000,  0.800,0.00000,  0.000,
mon_rep231013,2023-10-13T10:55:04,996.066,  0.400,1,0,247, 25.000, 14.525,  0.000,-23.077, 13.525, 13.800,  0.000, 14.825, 14.300,  0.525,  0.800,  1.000,  0.800,0.00000,  0.000,
mon_rep231013,2023-10-13T10:55:04,996.466,  0.400,1,0,247, 25.000, 14.525,  0.000,-23.077, 13.525, 13.800,  0.000, 14.825, 14.300,  0.525,  0.800,  1.000,  0.800,0.00000,  0.000,
mon_rep231013,2023-10-13T10:55:04,996.866,  0.400,1,0,247, 25.000, 14.525,  0.000,-23.077, 13.525, 13.800,  0.000, 14.825, 14.300,  0.525,  0.800,  1.000,  0.800,0.00000,  0.000,
mon_rep231013,2023-10-13T10:55:05,997.266,  0.400,1,0,247, 25.000, 14.525,  0.000,-23.077, 13.525, 13.800,  0.000, 14.825, 14.300,  0.525,  0.800,  1.000,  0.800,0.00000,  0.000,
mon_rep231013,2023-10-13T10:55:05,997.666,  0.400,1,0,247, 25.000, 14.525,  0.000,-23.077, 13.525, 13.800,  0.000, 14.825, 14.300,  0.525,  0.800,  1.000,  0.800,0.00000,  0.000,
mon_rep231013,2023-10-13T10:55:06,998.066,  0.400,1,0,247, 25.000, 14.525,  0.000,-23.077, 13.525, 13.800,  0.000, 14.825, 14.300,  0.525,  0.800,  1.000,  0.800,0.00000,  0.000,
mon_rep231013,2023-10-13T10:55:06,998.466,  0.400,1,0,247, 25.000, 14.525,  0.000,-23.077, 13.525, 13.800,  0.000, 14.825, 14.300,  0.525,  0.800,  1.000,  0.800,0.00000,  0.000,
mon_rep231013,2023-10-13T10:55:06,998.866,  0.400,1,0,247, 25.000, 14.525,  0.000,-23.077, 13.525, 13.800,  0.000, 14.825, 14.300,  0.525,  0.800,  1.000,  0.800,0.00000,  0.000,
mon_rep231013,2023-10-13T10:55:07,999.266,  0.400,1,0,247, 25.000, 14.525,  0.000,-23.077, 13.525, 13.800,  0.000, 14.825, 14.300,  0.525,  0.800,  1.000,  0.800,0.00000,  0.000,
mon_rep231013,2023-10-13T10:55:07,999.666,  0.400,1,0,247, 25.000, 14.525,  0.000,-23.077, 13.525, 13.800,  0.000, 14.825, 14.300,  0.525,  0.800,  1.000,  0.800,0.00000,  0.000,
mon_rep231013,2023-10-13T10:55:08,1000.066,  0.400,1,0,247, 25.000, 14.525,  0.000,-23.077, 13.525, 13.800,  0.000, 14.825, 14.300,  0.525,  0.800,  1.000,  0.800,0.00000,  0.000,
mon_rep231013,2023-10-13T10:55:08,1000.466,  0.400,1,0,247, 25.000, 14.525,  0.000,-23.077, 13.525, 13.800,  0.000, 14.825, 14.300,  0.525,  0.800,  1.000,  0.800,0.00000,  0.000,
mon_rep231013,2023-10-13T10:55:08,1000.866,  0.400,1,0,247, 25.000, 14.525,  0.000,-23.077, 13.525, 13.800,  0.000, 14.825, 14.300,  0.525,  0.800,  1.000,  0.800,0.00000,  0.000,
mon_rep231013,2023-10-13T10:55:09,1001.266,  0.400,1,0,247, 25.000, 14.525,  0.000,-23.077, 13.525, 13.800,  0.000, 14.825, 14.300,  0.525,  0.800,  1.000,  0.800,0.00000,  0.000,
mon_rep231013,2023-10-13T10:55:09,1001.666,  0.400,1,0,247, 25.000, 14.525,  0.000,-23.077, 13.525, 13.800,  0.000, 14.825, 14.300,  0.525,  0.800,  1.000,  0.800,0.00000,  0.000,
mon_rep231013,2023-10-13T10:55:10,1002.066,  0.400,1,0,247, 25.000, 14.525,  0.000,-23.077, 13.525, 13.800,  0.000, 14.825, 14.300,  0.525,  0.800,  1.000,  0.800,0.00000,  0.000,
mon_rep231013,2023-10-13T10:55:10,1002.466,  0.400,1,0,247, 25.000, 14.525,  0.000,-23.077, 13.525, 13.800,  0.000, 14.825, 14.300,  0.525,  0.800,  1.000,  0.800,0.00000,  0.000,
mon_rep231013,2023-10-13T10:55:10,1002.866,  0.400,1,0,247, 25.000, 14.525,  0.000,-23.077, 13.525, 13.800,  0.000, 14.825, 14.300,  0.525,  0.800,  1.000,  0.800,0.00000,  0.000,
mon_rep231013,2023-10-13T10:55:11,1003.266,  0.400,1,0,247, 25.000, 14.525,  0.000,-23.077, 13.525, 13.800,  0.000, 14.825, 14.300,  0.525,  0.800,  1.000,  0.800,0.00000,  0.000,
mon_rep231013,2023-10-13T10:55:11,1003.666,  0.400,1,0,247, 25.000, 14.525,  0.000,-23.077, 13.525, 13.800,  0.000, 14.825, 14.300,  0.525,  0.800,  1.000,  0.800,0.00000,  0.000,
mon_rep231013,2023-10-13T10:55:12,1004.066,  0.400,1,0,247, 25.000, 14.525,  0.000,-23.077, 13.525, 13.800,  0.000, 14.825, 14.300,  0.525,  0.800,  1.000,  0.800,0.00000,  0.000,
mon_rep231013,2023-10-13T10:55:12,1004.466,  0.400,1,0,247, 25.000, 14.525,  0.000,-23.077, 13.525, 13.800,  0.000, 14.825, 14.300,  0.525,  0.800,  1.000,  0.800,0.00000,  0.000,
mon_rep231013,2023-10-13T10:55:12,1004.866,  0.400,1,0,247, 25.000, 14.525,  0.000,-23.077, 13.525, 13.800,  0.000, 14.825, 14.300,  0.525,  0.800,  1.000,  0.800,0.00000,  0.000,
mon_rep231013,2023-10-13T10:55:13,1005.266,  0.400,1,0,247, 25.000, 14.525,  0.000,-23.077, 13.525, 13.800,  0.000, 14.825, 14.300,  0.525,  0.800,  1.000,  0.800,0.00000,  0.000,
mon_rep231013,2023-10-13T10:55:13,1005.666,  0.400,1,0,247, 25.000, 14.525,  0.000,-23.077, 13.525, 13.800,  0.000, 14.825, 14.300,  0.525,  0.800,  1.000,  0.800,0.00000,  0.000,
mon_rep231013,2023-10-13T10:55:14,1006.066,  0.400,1,0,247, 25.000, 14.525,  0.000,-23.077, 13.525, 13.800,  0.000, 14.825, 14.300,  0.525,  0.800,  1.000,  0.800,0.00000,  0.000,
mon_rep231013,2023-10-13T10:55:14,1006.466,  0.400,1,0,247, 25.000, 14.525,  0.000,-23.077, 13.525, 13.800,  0.000, 14.825, 14.300,  0.525,  0.800,  1.000,  0.800,0.00000,  0.000,
mon_rep231013,2023-10-13T10:55:14,1006.866,  0.400,1,0,247, 25.000, 14.525,  0.000,-23.077, 13.525, 13.800,  0.000, 14.825, 14.300,  0.525,  0.800,  1.000,  0.800,0.00000,  0.000,
mon_rep231013,2023-10-13T10:55:15,1007.266,  0.400,1,0,247, 25.000, 14.525,  0.000,-23.077, 13.525, 13.800,  0.000, 14.825, 14.300,  0.525,  0.800,  1.000,  0.800,0.00000,  0.000,
mon_rep231013,2023-10-13T10:55:15,1007.666,  0.400,1,0,247, 25.000, 14.525,  0.000,-23.077, 13.525, 13.800,  0.000, 14.825, 14.300,  0.525,  0.800,  1.000,  0.800,0.00000,  0.000,
mon_rep231013,2023-10-13T10:55:16,1008.066,  0.400,1,0,247, 25.000, 14.525,  0.000,-23.077, 13.525, 13.800,  0.000, 14.825, 14.300,  0.525,  0.800,  1.000,  0.800,0.00000,  0.000,
mon_rep231013,2023-10-13T10:55:16,1008.466,  0.400,1,0,247, 25.000, 14.525,  0.000,-23.077, 13.525, 13.800,  0.000, 14.825, 14.300,  0.525,  0.800,  1.000,  0.800,0.00000,  0.000,
mon_rep231013,2023-10-13T10:55:16,1008.866,  0.400,1,0,247, 25.000, 14.525,  0.000,-23.077, 13.525, 13.800,  0.000, 14.825, 14.300,  0.525,  0.800,  1.000,  0.800,0.00000,  0.000,
mon_rep231013,2023-10-13T10:55:17,1009.266,  0.400,1,0,247, 25.000, 14.525,  0.000,-23.077, 13.525, 13.800,  0.000, 14.825, 14.300,  0.525,  0.800,  1.000,  0.800,0.00000,  0.000,
mon_rep231013,2023-10-13T10:55:17,1009.666,  0.400,1,0,247, 25.000, 14.525,  0.000,-23.077, 13.525, 13.800,  0.000, 14.825, 14.300,  0.525,  0.800,  1.000,  0.800,0.00000,  0.000,
mon_rep231013,2023-10-13T10:55:18,1010.066,  0.400,1,0,247, 25.000, 14.525,  0.000,-23.077, 13.525, 13.800,  0.000, 14.825, 14.300,  0.525,  0.800,  1.000,  0.800,0.00000,  0.000,
mon_rep231013,2023-10-13T10:55:18,1010.466,  0.400,1,0,247, 25.000, 14.525,  0.000,-23.077, 13.525, 13.800,  0.000, 14.825, 14.300,  0.525,  0.800,  1.000,  0.800,0.00000,  0.000,
mon_rep231013,2023-10-13T10:55:18,1010.866,  0.400,1,0,247, 25.000, 14.525,  0.000,-23.077, 13.525, 13.800,  0.000, 14.825, 14.300,  0.525,  0.800,  1.000,  0.800,0.00000,  0.000,
mon_rep231013,2023-10-13T10:55:19,1011.266,  0.400,1,0,247, 25.000, 14.525,  0.000,-23.077, 13.525, 13.800,  0.000, 14.825, 14.300,  0.525,  0.800,  1.000,  0.800,0.00000,  0.000,
mon_rep231013,2023-10-13T10:55:19,1011.666,  0.400,1,0,247, 25.000, 14.525,  0.000,-23.077, 13.525, 13.800,  0.000, 14.825, 14.300,  0.525,  0.800,  1.000,  0.800,0.00000,  0.000,
mon_rep231013,2023-10-13T10:55:20,1012.066,  0.400,1,0,247, 25.000, 14.525,  0.000,-23.077, 13.525, 13.800,  0.000, 14.825, 14.300,  0.525,  0.800,  1.000,  0.800,0.00000,  0.000,
mon_rep231013,2023-10-13T10:55:20,1012.466,  0.400,1,0,247, 25.000, 14.525,  0.000,-23.077, 13.525, 13.800,  0.000, 14.825, 14.300,  0.525,  0.800,  1.000,  0.800,0.00000,  0.000,
mon_rep231013,2023-10-13T10:55:20,1012.866,  0.400,1,0,247, 25.000, 14.525,  0.000,-23.077, 13.525, 13.800,  0.000, 14.825, 14.300,  0.525,  0.800,  1.000,  0.800,0.00000,  0.000,
mon_rep231013,2023-10-13T10:55:21,1013.266,  0.400,1,0,247, 25.000, 14.525,  0.000,-23.077, 13.525, 13.800,  0.000, 14.825, 14.300,  0.525,  0.800,  1.000,  0.800,0.00000,  0.000,
mon_rep231013,2023-10-13T10:55:21,1013.666,  0.400,1,0,247, 25.000, 14.525,  0.000,-23.077, 13.525, 13.800,  0.000, 14.825, 14.300,  0.525,  0.800,  1.000,  0.800,0.00000,  0.000,
mon_rep231013,2023-10-13T10:55:22,1014.066,  0.400,1,0,247, 25.000, 14.525,  0.000,-23.077, 13.525, 13.800,  0.000, 14.825, 14.300,  0.525,  0.800,  1.000,  0.800,0.00000,  0.000,
mon_rep231013,2023-10-13T10:55:22,1014.466,  0.400,1,0,247, 25.000, 14.525,  0.000,-23.077, 13.525, 13.800,  0.000, 14.825, 14.300,  0.525,  0.800,  1.000,  0.800,0.00000,  0.000,
mon_rep231013,2023-10-13T10:55:22,1014.866,  0.400,1,0,247, 25.000, 14.525,  0.000,-23.077, 13.525, 13.800,  0.000, 14.825, 14.300,  0.525,  0.800,  1.000,  0.800,0.00000,  0.000,
mon_rep231013,2023-10-13T10:55:23,1015.266,  0.400,1,0,247, 25.000, 14.525,  0.000,-23.077, 13.525, 13.800,  0.000, 14.825, 14.300,  0.525,  0.800,  1.000,  0.800,0.00000,  0.000,
mon_rep231013,2023-10-13T10:55:23,1015.666,  0.400,1,0,247, 25.000, 14.525,  0.000,-23.077, 13.525, 13.800,  0.000, 14.825, 14.300,  0.525,  0.800,  1.000,  0.800,0.00000,  0.000,
mon_rep231013,2023-10-13T10:55:24,1016.066,  0.400,1,0,247, 25.000, 14.525,  0.000,-23.077, 13.525, 13.800,  0.000, 14.825, 14.300,  0.525,  0.800,  1.000,  0.800,0.00000,  0.000,
mon_rep231013,2023-10-13T10:55:24,1016.466,  0.400,1,0,247, 25.000, 14.525,  0.000,-23.077, 13.525, 13.800,  0.000, 14.825, 14.300,  0.525,  0.800,  1.000,  0.800,0.00000,  0.000,
mon_rep231013,2023-10-13T10:55:24,1016.866,  0.400,1,0,247, 25.000, 14.525,  0.000,-23.077, 13.525, 13.800,  0.000, 14.825, 14.300,  0.525,  0.800,  1.000,  0.800,0.00000,  0.000,
mon_rep231013,2023-10-13T10:55:25,1017.266,  0.400,1,0,247, 25.000, 14.525,  0.000,-23.077, 13.525, 13.800,  0.000, 14.825, 14.300,  0.525,  0.800,  1.000,  0.800,0.00000,  0.000,
mon_rep231013,2023-10-13T10:55:25,1017.666,  0.400,1,0,247, 25.000, 14.525,  0.000,-23.077, 13.525, 13.800,  0.000, 14.825, 14.300,  0.525,  0.800,  1.000,  0.800,0.00000,  0.000,
mon_rep231013,2023-10-13T10:55:26,1018.066,  0.400,1,0,247, 25.000, 14.525,  0.000,-23.077, 13.525, 13.800,  0.000, 14.825, 14.300,  0.525,  0.800,  1.000,  0.800,0.00000,  0.000,
mon_rep231013,2023-10-13T10:55:26,1018.466,  0.400,1,0,247, 25.000, 14.525,  0.000,-23.077, 13.525, 13.800,  0.000, 14.825, 14.300,  0.525,  0.800,  1.000,  0.800,0.00000,  0.000,
mon_rep231013,2023-10-13T10:55:26,1018.866,  0.400,1,0,247, 25.000, 14.525,  0.000,-23.077, 13.525, 13.800,  0.000, 14.825, 14.300,  0.525,  0.800,  1.000,  0.800,0.00000,  0.000,
mon_rep231013,2023-10-13T10:55:27,1019.266,  0.400,1,0,247, 25.000, 14.525,  0.000,-23.077, 13.525, 13.800,  0.000, 14.825, 14.300,  0.525,  0.800,  1.000,  0.800,0.00000,  0.000,
mon_rep231013,2023-10-13T10:55:27,1019.666,  0.400,1,0,247, 25.000, 14.525,  0.000,-23.077, 13.525, 13.800,  0.000, 14.825, 14.300,  0.525,  0.800,  1.000,  0.800,0.00000,  0.000,
mon_rep231013,2023-10-13T10:55:28,1020.066,  0.400,1,0,247, 25.000, 14.525,  0.000,-23.077, 13.525, 13.800,  0.000, 14.825, 14.300,  0.525,  0.800,  1.000,  0.800,0.00000,  0.000,
mon_rep231013,2023-10-13T10:55:28,1020.466,  0.400,1,0,247, 25.000, 14.525,  0.000,-23.077, 13.525, 13.800,  0.000, 14.825, 14.300,  0.525,  0.800,  1.000,  0.800,0.00000,  0.000,
mon_rep231013,2023-10-13T10:55:28,1020.866,  0.400,1,0,247, 25.000, 14.525,  0.000,-23.077, 13.525, 13.800,  0.000, 14.825, 14.300,  0.525,  0.800,  1.000,  0.800,0.00000,  0.000,
mon_rep231013,2023-10-13T10:55:29,1021.266,  0.400,1,0,247, 25.000, 14.525,  0.000,-23.077, 13.525, 13.800,  0.000, 14.825, 14.300,  0.525,  0.800,  1.000,  0.800,0.00000,  0.000,
mon_rep231013,2023-10-13T10:55:29,1021.666,  0.400,1,0,247, 25.000, 14.525,  0.000,-23.077, 13.525, 13.800,  0.000, 14.825, 14.300,  0.525,  0.800,  1.000,  0.800,0.00000,  0.000,
mon_rep231013,2023-10-13T10:55:30,1022.066,  0.400,1,0,247, 25.000, 14.525,  0.000,-23.077, 13.525, 13.800,  0.000, 14.825, 14.300,  0.525,  0.800,  1.000,  0.800,0.00000,  0.000,
mon_rep231013,2023-10-13T10:55:30,1022.466,  0.400,1,0,247, 25.000, 14.525,  0.000,-23.077, 13.525, 13.800,  0.000, 14.825, 14.300,  0.525,  0.800,  1.000,  0.800,0.00000,  0.000,
mon_rep231013,2023-10-13T10:55:30,1022.866,  0.400,1,0,247, 25.000, 14.525,  0.000,-23.077, 13.525, 13.800,  0.000, 14.825, 14.300,  0.525,  0.800,  1.000,  0.800,0.00000,  0.000,
mon_rep231013,2023-10-13T10:55:31,1023.266,  0.400,1,0,247, 25.000, 14.525,  0.000,-23.077, 13.525, 13.800,  0.000, 14.825, 14.300,  0.525,  0.800,  1.000,  0.800,0.00000,  0.000,
mon_rep231013,2023-10-13T10:55:31,1023.666,  0.400,1,0,247, 25.000, 14.525,  0.000,-23.077, 13.525, 13.800,  0.000, 14.825, 14.300,  0.525,  0.800,  1.000,  0.800,0.00000,  0.000,
mon_rep231013,2023-10-13T10:55:32,1024.066,  0.400,1,0,247, 25.000, 14.525,  0.000,-23.077, 13.525, 13.800,  0.000, 14.825, 14.300,  0.525,  0.800,  1.000,  0.800,0.00000,  0.000,
mon_rep231013,2023-10-13T10:55:32,1024.466,  0.400,1,0,247, 25.000, 14.525,  0.000,-23.077, 13.525, 13.800,  0.000, 14.825, 14.300,  0.525,  0.800,  1.000,  0.800,0.00000,  0.000,
mon_rep231013,2023-10-13T10:55:32,1024.866,  0.400,1,0,247, 25.000, 14.525,  0.000,-23.077, 13.525, 13.800,  0.000, 14.825, 14.300,  0.525,  0.800,  1.000,  0.800,0.00000,  0.000,
mon_rep231013,2023-10-13T10:55:33,1025.266,  0.400,1,0,247, 25.000, 14.525,  0.000,-23.077, 13.525, 13.800,  0.000, 14.825, 14.300,  0.525,  0.800,  1.000,  0.800,0.00000,  0.000,
mon_rep231013,2023-10-13T10:55:33,1025.666,  0.400,1,0,247, 25.000, 14.525,  0.000,-23.077, 13.525, 13.800,  0.000, 14.825, 14.300,  0.525,  0.800,  1.000,  0.800,0.00000,  0.000,
mon_rep231013,2023-10-13T10:55:34,1026.066,  0.400,1,0,247, 25.000, 14.525,  0.000,-23.077, 13.525, 13.800,  0.000, 14.825, 14.300,  0.525,  0.800,  1.000,  0.800,0.00000,  0.000,
mon_rep231013,2023-10-13T10:55:34,1026.466,  0.400,1,0,247, 25.000, 14.525,  0.000,-23.077, 13.525, 13.800,  0.000, 14.825, 14.300,  0.525,  0.800,  1.000,  0.800,0.00000,  0.000,
mon_rep231013,2023-10-13T10:55:34,1026.866,  0.400,1,0,247, 25.000, 14.525,  0.000,-23.077, 13.525, 13.800,  0.000, 14.825, 14.300,  0.525,  0.800,  1.000,  0.800,0.00000,  0.000,
mon_rep231013,2023-10-13T10:55:35,1027.266,  0.400,1,0,247, 25.000, 14.525,  0.000,-23.077, 13.525, 13.800,  0.000, 14.825, 14.300,  0.525,  0.800,  1.000,  0.800,0.00000,  0.000,
mon_rep231013,2023-10-13T10:55:35,1027.666,  0.400,1,0,247, 25.000, 14.525,  0.000,-23.077, 13.525, 13.800,  0.000, 14.825, 14.300,  0.525,  0.800,  1.000,  0.800,0.00000,  0.000,
mon_rep231013,2023-10-13T10:55:36,1028.066,  0.400,1,0,247, 25.000, 14.525,  0.000,-23.077, 13.525, 13.800,  0.000, 14.825, 14.300,  0.525,  0.800,  1.000,  0.800,0.00000,  0.000,
mon_rep231013,2023-10-13T10:55:36,1028.466,  0.400,1,0,247, 25.000, 14.525,  0.000,-23.077, 13.525, 13.800,  0.000, 14.825, 14.300,  0.525,  0.800,  1.000,  0.800,0.00000,  0.000,
mon_rep231013,2023-10-13T10:55:36,1028.866,  0.400,1,0,247, 25.000, 14.525,  0.000,-23.077, 13.525, 13.800,  0.000, 14.825, 14.300,  0.525,  0.800,  1.000,  0.800,0.00000,  0.000,
mon_rep231013,2023-10-13T10:55:37,1029.266,  0.400,1,0,247, 25.000, 14.525,  0.000,-23.077, 13.525, 13.800,  0.000, 14.825, 14.300,  0.525,  0.800,  1.000,  0.800,0.00000,  0.000,
mon_rep231013,2023-10-13T10:55:37,1029.666,  0.400,1,0,247, 25.000, 14.525,  0.000,-23.077, 13.525, 13.800,  0.000, 14.825, 14.300,  0.525,  0.800,  1.000,  0.800,0.00000,  0.000,
mon_rep231013,2023-10-13T10:55:38,1030.066,  0.400,1,0,247, 25.000, 14.525,  0.000,-23.077, 13.525, 13.800,  0.000, 14.825, 14.300,  0.525,  0.800,  1.000,  0.800,0.00000,  0.000,
mon_rep231013,2023-10-13T10:55:38,1030.466,  0.400,1,0,247, 25.000, 14.525,  0.000,-23.077, 13.525, 13.800,  0.000, 14.825, 14.300,  0.525,  0.800,  1.000,  0.800,0.00000,  0.000,
mon_rep231013,2023-10-13T10:55:38,1030.866,  0.400,1,0,247, 25.000, 14.525,  0.000,-23.077, 13.525, 13.800,  0.000, 14.825, 14.300,  0.525,  0.800,  1.000,  0.800,0.00000,  0.000,
mon_rep231013,2023-10-13T10:55:39,1031.266,  0.400,1,0,247, 25.000, 14.525,  0.000,-23.077, 13.525, 13.800,  0.000, 14.825, 14.300,  0.525,  0.800,  1.000,  0.800,0.00000,  0.000,
mon_rep231013,2023-10-13T10:55:39,1031.666,  0.400,1,0,247, 25.000, 14.525,  0.000,-23.077, 13.525, 13.800,  0.000, 14.825, 14.300,  0.525,  0.800,  1.000,  0.800,0.00000,  0.000,
mon_rep231013,2023-10-13T10:55:40,1032.066,  0.400,1,0,247, 25.000, 14.525,  0.000,-23.077, 13.525, 13.800,  0.000, 14.825, 14.300,  0.525,  0.800,  1.000,  0.800,0.00000,  0.000,
mon_rep231013,2023-10-13T10:55:40,1032.466,  0.400,1,0,247, 25.000, 14.525,  0.000,-23.077, 13.525, 13.800,  0.000, 14.825, 14.300,  0.525,  0.800,  1.000,  0.800,0.00000,  0.000,
mon_rep231013,2023-10-13T10:55:40,1032.866,  0.400,1,0,247, 25.000, 14.525,  0.000,-23.077, 13.525, 13.800,  0.000, 14.825, 14.300,  0.525,  0.800,  1.000,  0.800,0.00000,  0.000,
mon_rep231013,2023-10-13T10:55:41,1033.266,  0.400,1,0,247, 25.000, 14.525,  0.000,-23.077, 13.525, 13.800,  0.000, 14.825, 14.300,  0.525,  0.800,  1.000,  0.800,0.00000,  0.000,
mon_rep231013,2023-10-13T10:55:41,1033.666,  0.400,1,0,247, 25.000, 14.525,  0.000,-23.077, 13.525, 13.800,  0.000, 14.825, 14.300,  0.525,  0.800,  1.000,  0.800,0.00000,  0.000,
mon_rep231013,2023-10-13T10:55:42,1034.066,  0.400,1,0,247, 25.000, 14.525,  0.000,-23.077, 13.525, 13.800,  0.000, 14.825, 14.300,  0.525,  0.800,  1.000,  0.800,0.00000,  0.000,
mon_rep231013,2023-10-13T10:55:42,1034.466,  0.400,1,0,247, 25.000, 14.525,  0.000,-23.077, 13.525, 13.800,  0.000, 14.825, 14.300,  0.525,  0.800,  1.000,  0.800,0.00000,  0.000,
mon_rep231013,2023-10-13T10:55:42,1034.866,  0.400,1,0,247, 25.000, 14.525,  0.000,-23.077, 13.525, 13.800,  0.000, 14.825, 14.300,  0.525,  0.800,  1.000,  0.800,0.00000,  0.000,
mon_rep231013,2023-10-13T10:55:43,1035.266,  0.400,1,0,247, 25.000, 14.525,  0.000,-23.077, 13.525, 13.800,  0.000, 14.825, 14.300,  0.525,  0.800,  1.000,  0.800,0.00000,  0.000,
mon_rep231013,2023-10-13T10:55:43,1035.666,  0.400,1,0,247, 25.000, 14.525,  0.000,-23.077, 13.525, 13.800,  0.000, 14.825, 14.300,  0.525,  0.800,  1.000,  0.800,0.00000,  0.000,
mon_rep231013,2023-10-13T10:55:44,1036.066,  0.400,1,0,247, 25.000, 14.525,  0.000,-23.077, 13.525, 13.800,  0.000, 14.825, 14.300,  0.525,  0.800,  1.000,  0.800,0.00000,  0.000,
mon_rep231013,2023-10-13T10:55:44,1036.466,  0.400,1,0,247, 25.000, 14.525,  0.000,-23.077, 13.525, 13.800,  0.000, 14.825, 14.300,  0.525,  0.800,  1.000,  0.800,0.00000,  0.000,
mon_rep231013,2023-10-13T10:55:44,1036.866,  0.400,1,0,247, 25.000, 14.525,  0.000,-23.077, 13.525, 13.800,  0.000, 14.825, 14.300,  0.525,  0.800,  1.000,  0.800,0.00000,  0.000,
mon_rep231013,2023-10-13T10:55:45,1037.266,  0.400,1,0,247, 25.000, 14.525,  0.000,-23.077, 13.525, 13.800,  0.000, 14.825, 14.300,  0.525,  0.800,  1.000,  0.800,0.00000,  0.000,
mon_rep231013,2023-10-13T10:55:45,1037.666,  0.400,1,0,247, 25.000, 14.525,  0.000,-23.077, 13.525, 13.800,  0.000, 14.825, 14.300,  0.525,  0.800,  1.000,  0.800,0.00000,  0.000,
mon_rep231013,2023-10-13T10:55:46,1038.066,  0.400,1,0,247, 25.000, 14.525,  0.000,-23.077, 13.525, 13.800,  0.000, 14.825, 14.300,  0.525,  0.800,  1.000,  0.800,0.00000,  0.000,
mon_rep231013,2023-10-13T10:55:46,1038.466,  0.400,1,0,247, 25.000, 14.525,  0.000,-23.077, 13.525, 13.800,  0.000, 14.825, 14.300,  0.525,  0.800,  1.000,  0.800,0.00000,  0.000,
mon_rep231013,2023-10-13T10:55:46,1038.866,  0.400,1,0,247, 25.000, 14.525,  0.000,-23.077, 13.525, 13.800,  0.000, 14.825, 14.300,  0.525,  0.800,  1.000,  0.800,0.00000,  0.000,
mon_rep231013,2023-10-13T10:55:47,1039.266,  0.400,1,0,247, 25.000, 14.525,  0.000,-23.077, 13.525, 13.800,  0.000, 14.825, 14.300,  0.525,  0.800,  1.000,  0.800,0.00000,  0.000,
mon_rep231013,2023-10-13T10:55:47,1039.666,  0.400,1,0,247, 25.000, 14.525,  0.000,-23.077, 13.525, 13.800,  0.000, 14.825, 14.300,  0.525,  0.800,  1.000,  0.800,0.00000,  0.000,
mon_rep231013,2023-10-13T10:55:48,1040.066,  0.400,1,0,247, 25.000, 14.525,  0.000,-23.077, 13.525, 13.800,  0.000, 14.825, 14.300,  0.525,  0.800,  1.000,  0.800,0.00000,  0.000,
mon_rep231013,2023-10-13T10:55:48,1040.466,  0.400,1,0,247, 25.000, 14.525,  0.000,-23.077, 13.525, 13.800,  0.000, 14.825, 14.300,  0.525,  0.800,  1.000,  0.800,0.00000,  0.000,
mon_rep231013,2023-10-13T10:55:48,1040.866,  0.400,1,0,247, 25.000, 14.525,  0.000,-23.077, 13.525, 13.800,  0.000, 14.825, 14.300,  0.525,  0.800,  1.000,  0.800,0.00000,  0.000,
mon_rep231013,2023-10-13T10:55:49,1041.266,  0.400,1,0,247, 25.000, 14.525,  0.000,-23.077, 13.525, 13.800,  0.000, 14.825, 14.300,  0.525,  0.800,  1.000,  0.800,0.00000,  0.000,
mon_rep231013,2023-10-13T10:55:49,1041.666,  0.400,1,0,247, 25.000, 14.525,  0.000,-23.077, 13.525, 13.800,  0.000, 14.825, 14.300,  0.525,  0.800,  1.000,  0.800,0.00000,  0.000,
mon_rep231013,2023-10-13T10:55:50,1042.066,  0.400,1,0,247, 25.000, 14.525,  0.000,-23.077, 13.525, 13.800,  0.000, 14.825, 14.300,  0.525,  0.800,  1.000,  0.800,0.00000,  0.000,
mon_rep231013,2023-10-13T10:55:50,1042.466,  0.400,1,0,247, 25.000, 14.525,  0.000,-23.077, 13.525, 13.800,  0.000, 14.825, 14.300,  0.525,  0.800,  1.000,  0.800,0.00000,  0.000,
mon_rep231013,2023-10-13T10:55:50,1042.866,  0.400,1,0,247, 25.000, 14.525,  0.000,-23.077, 13.525, 13.800,  0.000, 14.825, 14.300,  0.525,  0.800,  1.000,  0.800,0.00000,  0.000,
mon_rep231013,2023-10-13T10:55:51,1043.266,  0.400,1,0,247, 25.000, 14.525,  0.000,-23.077, 13.525, 13.800,  0.000, 14.825, 14.300,  0.525,  0.800,  1.000,  0.800,0.00000,  0.000,
mon_rep231013,2023-10-13T10:55:51,1043.666,  0.400,1,0,247, 25.000, 14.525,  0.000,-23.077, 13.525, 13.800,  0.000, 14.825, 14.300,  0.525,  0.800,  1.000,  0.800,0.00000,  0.000,
mon_rep231013,2023-10-13T10:55:52,1044.066,  0.400,1,0,247, 25.000, 14.525,  0.000,-23.077, 13.525, 13.800,  0.000, 14.825, 14.300,  0.525,  0.800,  1.000,  0.800,0.00000,  0.000,
mon_rep231013,2023-10-13T10:55:52,1044.466,  0.400,1,0,247, 25.000, 14.525,  0.000,-23.077, 13.525, 13.800,  0.000, 14.825, 14.300,  0.525,  0.800,  1.000,  0.800,0.00000,  0.000,
mon_rep231013,2023-10-13T10:55:52,1044.866,  0.400,1,0,247, 25.000, 14.525,  0.000,-23.077, 13.525, 13.800,  0.000, 14.825, 14.300,  0.525,  0.800,  1.000,  0.800,0.00000,  0.000,
mon_rep231013,2023-10-13T10:55:53,1045.266,  0.400,1,0,247, 25.000, 14.525,  0.000,-23.077, 13.525, 13.800,  0.000, 14.825, 14.300,  0.525,  0.800,  1.000,  0.800,0.00000,  0.000,
mon_rep231013,2023-10-13T10:55:53,1045.666,  0.400,1,0,247, 25.000, 14.525,  0.000,-23.077, 13.525, 13.800,  0.000, 14.825, 14.300,  0.525,  0.800,  1.000,  0.800,0.00000,  0.000,
mon_rep231013,2023-10-13T10:55:54,1046.066,  0.400,1,0,247, 25.000, 14.525,  0.000,-23.077, 13.525, 13.800,  0.000, 14.825, 14.300,  0.525,  0.800,  1.000,  0.800,0.00000,  0.000,
mon_rep231013,2023-10-13T10:55:54,1046.466,  0.400,1,0,247, 25.000, 14.525,  0.000,-23.077, 13.525, 13.800,  0.000, 14.825, 14.300,  0.525,  0.800,  1.000,  0.800,0.00000,  0.000,
mon_rep231013,2023-10-13T10:55:54,1046.866,  0.400,1,0,247, 25.000, 14.525,  0.000,-23.077, 13.525, 13.800,  0.000, 14.825, 14.300,  0.525,  0.800,  1.000,  0.800,0.00000,  0.000,
mon_rep231013,2023-10-13T10:55:55,1047.266,  0.400,1,0,247, 25.000, 14.525,  0.000,-23.077, 13.525, 13.800,  0.000, 14.825, 14.300,  0.525,  0.800,  1.000,  0.800,0.00000,  0.000,
mon_rep231013,2023-10-13T10:55:55,1047.666,  0.400,1,0,247, 25.000, 14.525,  0.000,-23.077, 13.525, 13.800,  0.000, 14.825, 14.300,  0.525,  0.800,  1.000,  0.800,0.00000,  0.000,
mon_rep231013,2023-10-13T10:55:56,1048.066,  0.400,1,0,247, 25.000, 14.525,  0.000,-23.077, 13.525, 13.800,  0.000, 14.825, 14.300,  0.525,  0.800,  1.000,  0.800,0.00000,  0.000,
mon_rep231013,2023-10-13T10:55:56,1048.466,  0.400,1,0,247, 25.000, 14.525,  0.000,-23.077, 13.525, 13.800,  0.000, 14.825, 14.300,  0.525,  0.800,  1.000,  0.800,0.00000,  0.000,
mon_rep231013,2023-10-13T10:55:56,1048.866,  0.400,1,0,247, 25.000, 14.525,  0.000,-23.077, 13.525, 13.800,  0.000, 14.825, 14.300,  0.525,  0.800,  1.000,  0.800,0.00000,  0.000,
mon_rep231013,2023-10-13T10:55:57,1049.266,  0.400,1,0,247, 25.000, 14.525,  0.000,-23.077, 13.525, 13.800,  0.000, 14.825, 14.300,  0.525,  0.800,  1.000,  0.800,0.00000,  0.000,
mon_rep231013,2023-10-13T10:55:57,1049.666,  0.400,1,0,247, 25.000, 14.525,  0.000,-23.077, 13.525, 13.800,  0.000, 14.825, 14.300,  0.525,  0.800,  1.000,  0.800,0.00000,  0.000,
mon_rep231013,2023-10-13T10:55:58,1050.066,  0.400,1,0,247, 25.000, 14.525,  0.000,-23.077, 13.525, 13.800,  0.000, 14.825, 14.300,  0.525,  0.800,  1.000,  0.800,0.00000,  0.000,
mon_rep231013,2023-10-13T10:55:58,1050.466,  0.400,1,0,247, 25.000, 14.525,  0.000,-23.077, 13.525, 13.800,  0.000, 14.825, 14.300,  0.525,  0.800,  1.000,  0.800,0.00000,  0.000,
mon_rep231013,2023-10-13T10:55:58,1050.866,  0.400,1,0,247, 25.000, 14.525,  0.000,-23.077, 13.525, 13.800,  0.000, 14.825, 14.300,  0.525,  0.800,  1.000,  0.800,0.00000,  0.000,
mon_rep231013,2023-10-13T10:55:59,1051.266,  0.400,1,0,247, 25.000, 14.525,  0.000,-23.077, 13.525, 13.800,  0.000, 14.825, 14.300,  0.525,  0.800,  1.000,  0.800,0.00000,  0.000,
mon_rep231013,2023-10-13T10:55:59,1051.666,  0.400,1,0,247, 25.000, 14.525,  0.000,-23.077, 13.525, 13.800,  0.000, 14.825, 14.300,  0.525,  0.800,  1.000,  0.800,0.00000,  0.000,
mon_rep231013,2023-10-13T10:56:00,1052.066,  0.400,1,0,247, 25.000, 14.525,  0.000,-23.077, 13.525, 13.800,  0.000, 14.825, 14.300,  0.525,  0.800,  1.000,  0.800,0.00000,  0.000,
mon_rep231013,2023-10-13T10:56:00,1052.466,  0.400,1,0,247, 25.000, 14.525,  0.000,-23.077, 13.525, 13.800,  0.000, 14.825, 14.300,  0.525,  0.800,  1.000,  0.800,0.00000,  0.000,
mon_rep231013,2023-10-13T10:56:00,1052.866,  0.400,1,0,247, 25.000, 14.525,  0.000,-23.077, 13.525, 13.800,  0.000, 14.825, 14.300,  0.525,  0.800,  1.000,  0.800,0.00000,  0.000,
mon_rep231013,2023-10-13T10:56:01,1053.266,  0.400,1,0,247, 25.000, 14.525,  0.000,-23.077, 13.525, 13.800,  0.000, 14.825, 14.300,  0.525,  0.800,  1.000,  0.800,0.00000,  0.000,
mon_rep231013,2023-10-13T10:56:01,1053.666,  0.400,1,0,247, 25.000, 14.525,  0.000,-23.077, 13.525, 13.800,  0.000, 14.825, 14.300,  0.525,  0.800,  1.000,  0.800,0.00000,  0.000,
mon_rep231013,2023-10-13T10:56:02,1054.066,  0.400,1,0,247, 25.000, 14.525,  0.000,-23.077, 13.525, 13.800,  0.000, 14.825, 14.300,  0.525,  0.800,  1.000,  0.800,0.00000,  0.000,
mon_rep231013,2023-10-13T10:56:02,1054.466,  0.400,1,0,247, 25.000, 14.525,  0.000,-23.077, 13.525, 13.800,  0.000, 14.825, 14.300,  0.525,  0.800,  1.000,  0.800,0.00000,  0.000,
mon_rep231013,2023-10-13T10:56:02,1054.866,  0.400,1,0,247, 25.000, 14.525,  0.000,-23.077, 13.525, 13.800,  0.000, 14.825, 14.300,  0.525,  0.800,  1.000,  0.800,0.00000,  0.000,
mon_rep231013,2023-10-13T10:56:03,1055.266,  0.400,1,0,247, 25.000, 14.525,  0.000,-23.077, 13.525, 13.800,  0.000, 14.825, 14.300,  0.525,  0.800,  1.000,  0.800,0.00000,  0.000,
mon_rep231013,2023-10-13T10:56:03,1055.666,  0.400,1,0,247, 25.000, 14.525,  0.000,-23.077, 13.525, 13.800,  0.000, 14.825, 14.300,  0.525,  0.800,  1.000,  0.800,0.00000,  0.000,
mon_rep231013,2023-10-13T10:56:04,1056.066,  0.400,1,0,247, 25.000, 14.525,  0.000,-23.077, 13.525, 13.800,  0.000, 14.825, 14.300,  0.525,  0.800,  1.000,  0.800,0.00000,  0.000,
mon_rep231013,2023-10-13T10:56:04,1056.466,  0.400,1,0,247, 25.000, 14.525,  0.000,-23.077, 13.525, 13.800,  0.000, 14.825, 14.300,  0.525,  0.800,  1.000,  0.800,0.00000,  0.000,
mon_rep231013,2023-10-13T10:56:04,1056.866,  0.400,1,0,247, 25.000, 14.525,  0.000,-23.077, 13.525, 13.800,  0.000, 14.825, 14.300,  0.525,  0.800,  1.000,  0.800,0.00000,  0.000,
mon_rep231013,2023-10-13T10:56:05,1057.266,  0.400,1,0,247, 25.000, 14.525,  0.000,-23.077, 13.525, 13.800,  0.000, 14.825, 14.300,  0.525,  0.800,  1.000,  0.800,0.00000,  0.000,
mon_rep231013,2023-10-13T10:56:05,1057.666,  0.400,1,0,247, 25.000, 14.525,  0.000,-23.077, 13.525, 13.800,  0.000, 14.825, 14.300,  0.525,  0.800,  1.000,  0.800,0.00000,  0.000,
mon_rep231013,2023-10-13T10:56:06,1058.066,  0.400,1,0,247, 25.000, 14.525,  0.000,-23.077, 13.525, 13.800,  0.000, 14.825, 14.300,  0.525,  0.800,  1.000,  0.800,0.00000,  0.000,
mon_rep231013,2023-10-13T10:56:06,1058.466,  0.400,1,0,247, 25.000, 14.525,  0.000,-23.077, 13.525, 13.800,  0.000, 14.825, 14.300,  0.525,  0.800,  1.000,  0.800,0.00000,  0.000,
mon_rep231013,2023-10-13T10:56:06,1058.866,  0.400,1,0,247, 25.000, 14.525,  0.000,-23.077, 13.525, 13.800,  0.000, 14.825, 14.300,  0.525,  0.800,  1.000,  0.800,0.00000,  0.000,
mon_rep231013,2023-10-13T10:56:07,1059.266,  0.400,1,0,247, 25.000, 14.525,  0.000,-23.077, 13.525, 13.800,  0.000, 14.825, 14.300,  0.525,  0.800,  1.000,  0.800,0.00000,  0.000,
mon_rep231013,2023-10-13T10:56:07,1059.666,  0.400,1,0,247, 25.000, 14.525,  0.000,-23.077, 13.525, 13.800,  0.000, 14.825, 14.300,  0.525,  0.800,  1.000,  0.800,0.00000,  0.000,
mon_rep231013,2023-10-13T10:56:08,1060.066,  0.400,1,0,247, 25.000, 14.525,  0.000,-23.077, 13.525, 13.800,  0.000, 14.825, 14.300,  0.525,  0.800,  1.000,  0.800,0.00000,  0.000,
mon_rep231013,2023-10-13T10:56:08,1060.466,  0.400,1,0,247, 25.000, 14.525,  0.000,-23.077, 13.525, 13.800,  0.000, 14.825, 14.300,  0.525,  0.800,  1.000,  0.800,0.00000,  0.000,
mon_rep231013,2023-10-13T10:56:08,1060.866,  0.400,1,0,247, 25.000, 14.525,  0.000,-23.077, 13.525, 13.800,  0.000, 14.825, 14.300,  0.525,  0.800,  1.000,  0.800,0.00000,  0.000,
mon_rep231013,2023-10-13T10:56:09,1061.266,  0.400,1,0,247, 25.000, 14.525,  0.000,-23.077, 13.525, 13.800,  0.000, 14.825, 14.300,  0.525,  0.800,  1.000,  0.800,0.00000,  0.000,
mon_rep231013,2023-10-13T10:56:09,1061.666,  0.400,1,0,247, 25.000, 14.525,  0.000,-23.077, 13.525, 13.800,  0.000, 14.825, 14.300,  0.525,  0.800,  1.000,  0.800,0.00000,  0.000,
mon_rep231013,2023-10-13T10:56:10,1062.066,  0.400,1,0,247, 25.000, 14.525,  0.000,-23.077, 13.525, 13.800,  0.000, 14.825, 14.300,  0.525,  0.800,  1.000,  0.800,0.00000,  0.000,
mon_rep231013,2023-10-13T10:56:10,1062.466,  0.400,1,0,247, 25.000, 14.525,  0.000,-23.077, 13.525, 13.800,  0.000, 14.825, 14.300,  0.525,  0.800,  1.000,  0.800,0.00000,  0.000,
mon_rep231013,2023-10-13T10:56:10,1062.866,  0.400,1,0,247, 25.000, 14.525,  0.000,-23.077, 13.525, 13.800,  0.000, 14.825, 14.300,  0.525,  0.800,  1.000,  0.800,0.00000,  0.000,
mon_rep231013,2023-10-13T10:56:11,1063.266,  0.400,1,0,247, 25.000, 14.525,  0.000,-23.077, 13.525, 13.800,  0.000, 14.825, 14.300,  0.525,  0.800,  1.000,  0.800,0.00000,  0.000,
mon_rep231013,2023-10-13T10:56:11,1063.666,  0.400,1,0,247, 25.000, 14.525,  0.000,-23.077, 13.525, 13.800,  0.000, 14.825, 14.300,  0.525,  0.800,  1.000,  0.800,0.00000,  0.000,
mon_rep231013,2023-10-13T10:56:12,1064.066,  0.400,1,0,247, 25.000, 14.525,  0.000,-23.077, 13.525, 13.800,  0.000, 14.825, 14.300,  0.525,  0.800,  1.000,  0.800,0.00000,  0.000,
mon_rep231013,2023-10-13T10:56:12,1064.466,  0.400,1,0,247, 25.000, 14.525,  0.000,-23.077, 13.525, 13.800,  0.000, 14.825, 14.300,  0.525,  0.800,  1.000,  0.800,0.00000,  0.000,
mon_rep231013,2023-10-13T10:56:12,1064.866,  0.400,1,0,247, 25.000, 14.525,  0.000,-23.077, 13.525, 13.800,  0.000, 14.825, 14.300,  0.525,  0.800,  1.000,  0.800,0.00000,  0.000,
mon_rep231013,2023-10-13T10:56:13,1065.266,  0.400,1,0,247, 25.000, 14.525,  0.000,-23.077, 13.525, 13.800,  0.000, 14.825, 14.300,  0.525,  0.800,  1.000,  0.800,0.00000,  0.000,
mon_rep231013,2023-10-13T10:56:13,1065.666,  0.400,1,0,247, 25.000, 14.525,  0.000,-23.077, 13.525, 13.800,  0.000, 14.825, 14.300,  0.525,  0.800,  1.000,  0.800,0.00000,  0.000,
mon_rep231013,2023-10-13T10:56:14,1066.066,  0.400,1,0,247, 25.000, 14.525,  0.000,-23.077, 13.525, 13.800,  0.000, 14.825, 14.300,  0.525,  0.800,  1.000,  0.800,0.00000,  0.000,
mon_rep231013,2023-10-13T10:56:14,1066.466,  0.400,1,0,247, 25.000, 14.525,  0.000,-23.077, 13.525, 13.800,  0.000, 14.825, 14.300,  0.525,  0.800,  1.000,  0.800,0.00000,  0.000,
mon_rep231013,2023-10-13T10:56:14,1066.866,  0.400,1,0,247, 25.000, 14.525,  0.000,-23.077, 13.525, 13.800,  0.000, 14.825, 14.300,  0.525,  0.800,  1.000,  0.800,0.00000,  0.000,
mon_rep231013,2023-10-13T10:56:15,1067.266,  0.400,1,0,247, 25.000, 14.525,  0.000,-23.077, 13.525, 13.800,  0.000, 14.825, 14.300,  0.525,  0.800,  1.000,  0.800,0.00000,  0.000,
mon_rep231013,2023-10-13T10:56:15,1067.666,  0.400,1,0,247, 25.000, 14.525,  0.000,-23.077, 13.525, 13.800,  0.000, 14.825, 14.300,  0.525,  0.800,  1.000,  0.800,0.00000,  0.000,
mon_rep231013,2023-10-13T10:56:16,1068.066,  0.400,1,0,247, 25.000, 14.525,  0.000,-23.077, 13.525, 13.800,  0.000, 14.825, 14.300,  0.525,  0.800,  1.000,  0.800,0.00000,  0.000,
mon_rep231013,2023-10-13T10:56:16,1068.466,  0.400,1,0,247, 25.000, 14.525,  0.000,-23.077, 13.525, 13.800,  0.000, 14.825, 14.300,  0.525,  0.800,  1.000,  0.800,0.00000,  0.000,
mon_rep231013,2023-10-13T10:56:16,1068.866,  0.400,1,0,247, 25.000, 14.525,  0.000,-23.077, 13.525, 13.800,  0.000, 14.825, 14.300,  0.525,  0.800,  1.000,  0.800,0.00000,  0.000,
mon_rep231013,2023-10-13T10:56:17,1069.266,  0.400,1,0,247, 25.000, 14.525,  0.000,-23.077, 13.525, 13.800,  0.000, 14.825, 14.300,  0.525,  0.800,  1.000,  0.800,0.00000,  0.000,
mon_rep231013,2023-10-13T10:56:17,1069.666,  0.400,1,0,247, 25.000, 14.525,  0.000,-23.077, 13.525, 13.800,  0.000, 14.825, 14.300,  0.525,  0.800,  1.000,  0.800,0.00000,  0.000,
mon_rep231013,2023-10-13T10:56:18,1070.066,  0.400,1,0,247, 25.000, 14.525,  0.000,-23.077, 13.525, 13.800,  0.000, 14.825, 14.300,  0.525,  0.800,  1.000,  0.800,0.00000,  0.000,
mon_rep231013,2023-10-13T10:56:18,1070.466,  0.400,1,0,247, 25.000, 14.525,  0.000,-23.077, 13.525, 13.800,  0.000, 14.825, 14.300,  0.525,  0.800,  1.000,  0.800,0.00000,  0.000,
mon_rep231013,2023-10-13T10:56:18,1070.866,  0.400,1,0,247, 25.000, 14.525,  0.000,-23.077, 13.525, 13.800,  0.000, 14.825, 14.300,  0.525,  0.800,  1.000,  0.800,0.00000,  0.000,
mon_rep231013,2023-10-13T10:56:19,1071.266,  0.400,1,0,247, 25.000, 14.525,  0.000,-23.077, 13.525, 13.800,  0.000, 14.825, 14.300,  0.525,  0.800,  1.000,  0.800,0.00000,  0.000,
mon_rep231013,2023-10-13T10:56:19,1071.666,  0.400,1,0,247, 25.000, 14.525,  0.000,-23.077, 13.525, 13.800,  0.000, 14.825, 14.300,  0.525,  0.800,  1.000,  0.800,0.00000,  0.000,
mon_rep231013,2023-10-13T10:56:20,1072.066,  0.400,1,0,247, 25.000, 14.525,  0.000,-23.077, 13.525, 13.800,  0.000, 14.825, 14.300,  0.525,  0.800,  1.000,  0.800,0.00000,  0.000,
mon_rep231013,2023-10-13T10:56:20,1072.466,  0.400,1,0,247, 25.000, 14.525,  0.000,-23.077, 13.525, 13.800,  0.000, 14.825, 14.300,  0.525,  0.800,  1.000,  0.800,0.00000,  0.000,
mon_rep231013,2023-10-13T10:56:20,1072.866,  0.400,1,0,247, 25.000, 14.525,  0.000,-23.077, 13.525, 13.800,  0.000, 14.825, 14.300,  0.525,  0.800,  1.000,  0.800,0.00000,  0.000,
mon_rep231013,2023-10-13T10:56:21,1073.266,  0.400,1,0,247, 25.000, 14.525,  0.000,-23.077, 13.525, 13.800,  0.000, 14.825, 14.300,  0.525,  0.800,  1.000,  0.800,0.00000,  0.000,
mon_rep231013,2023-10-13T10:56:21,1073.666,  0.400,1,0,247, 25.000, 14.525,  0.000,-23.077, 13.525, 13.800,  0.000, 14.825, 14.300,  0.525,  0.800,  1.000,  0.800,0.00000,  0.000,
mon_rep231013,2023-10-13T10:56:22,1074.066,  0.400,1,0,247, 25.000, 14.525,  0.000,-23.077, 13.525, 13.800,  0.000, 14.825, 14.300,  0.525,  0.800,  1.000,  0.800,0.00000,  0.000,
mon_rep231013,2023-10-13T10:56:22,1074.466,  0.400,1,0,247, 25.000, 14.525,  0.000,-23.077, 13.525, 13.800,  0.000, 14.825, 14.300,  0.525,  0.800,  1.000,  0.800,0.00000,  0.000,
mon_rep231013,2023-10-13T10:56:22,1074.866,  0.400,1,0,247, 25.000, 14.525,  0.000,-23.077, 13.525, 13.800,  0.000, 14.825, 14.300,  0.525,  0.800,  1.000,  0.800,0.00000,  0.000,
mon_rep231013,2023-10-13T10:56:23,1075.266,  0.400,1,0,247, 25.000, 14.525,  0.000,-23.077, 13.525, 13.800,  0.000, 14.825, 14.300,  0.525,  0.800,  1.000,  0.800,0.00000,  0.000,
mon_rep231013,2023-10-13T10:56:23,1075.666,  0.400,1,0,247, 25.000, 14.525,  0.000,-23.077, 13.525, 13.800,  0.000, 14.825, 14.300,  0.525,  0.800,  1.000,  0.800,0.00000,  0.000,
mon_rep231013,2023-10-13T10:56:24,1076.066,  0.400,1,0,247, 25.000, 14.525,  0.000,-23.077, 13.525, 13.800,  0.000, 14.825, 14.300,  0.525,  0.800,  1.000,  0.800,0.00000,  0.000,
mon_rep231013,2023-10-13T10:56:24,1076.466,  0.400,1,0,247, 25.000, 14.525,  0.000,-23.077, 13.525, 13.800,  0.000, 14.825, 14.300,  0.525,  0.800,  1.000,  0.800,0.00000,  0.000,
mon_rep231013,2023-10-13T10:56:24,1076.866,  0.400,1,0,247, 25.000, 14.525,  0.000,-23.077, 13.525, 13.800,  0.000, 14.825, 14.300,  0.525,  0.800,  1.000,  0.800,0.00000,  0.000,
mon_rep231013,2023-10-13T10:56:25,1077.266,  0.400,1,0,247, 25.000, 14.525,  0.000,-23.077, 13.525, 13.800,  0.000, 14.825, 14.300,  0.525,  0.800,  1.000,  0.800,0.00000,  0.000,
mon_rep231013,2023-10-13T10:56:25,1077.666,  0.400,1,0,247, 25.000, 14.525,  0.000,-23.077, 13.525, 13.800,  0.000, 14.825, 14.300,  0.525,  0.800,  1.000,  0.800,0.00000,  0.000,
mon_rep231013,2023-10-13T10:56:26,1078.066,  0.400,1,0,247, 25.000, 14.525,  0.000,-23.077, 13.525, 13.800,  0.000, 14.825, 14.300,  0.525,  0.800,  1.000,  0.800,0.00000,  0.000,
mon_rep231013,2023-10-13T10:56:26,1078.466,  0.400,1,0,247, 25.000, 14.525,  0.000,-23.077, 13.525, 13.800,  0.000, 14.825, 14.300,  0.525,  0.800,  1.000,  0.800,0.00000,  0.000,
mon_rep231013,2023-10-13T10:56:26,1078.866,  0.400,1,0,247, 25.000, 14.525,  0.000,-23.077, 13.525, 13.800,  0.000, 14.825, 14.300,  0.525,  0.800,  1.000,  0.800,0.00000,  0.000,
mon_rep231013,2023-10-13T10:56:27,1079.266,  0.400,1,0,247, 25.000, 14.525,  0.000,-23.077, 13.525, 13.800,  0.000, 14.825, 14.300,  0.525,  0.800,  1.000,  0.800,0.00000,  0.000,
mon_rep231013,2023-10-13T10:56:27,1079.666,  0.400,1,0,247, 25.000, 14.525,  0.000,-23.077, 13.525, 13.800,  0.000, 14.825, 14.300,  0.525,  0.800,  1.000,  0.800,0.00000,  0.000,
mon_rep231013,2023-10-13T10:56:28,1080.066,  0.400,1,0,247, 25.000, 14.525,  0.000,-23.077, 13.525, 13.800,  0.000, 14.825, 14.300,  0.525,  0.800,  1.000,  0.800,0.00000,  0.000,
mon_rep231013,2023-10-13T10:56:28,1080.466,  0.400,1,0,247, 25.000, 14.525,  0.000,-23.077, 13.525, 13.800,  0.000, 14.825, 14.300,  0.525,  0.800,  1.000,  0.800,0.00000,  0.000,
mon_rep231013,2023-10-13T10:56:28,1080.866,  0.400,1,0,247, 25.000, 14.525,  0.000,-23.077, 13.525, 13.800,  0.000, 14.825, 14.300,  0.525,  0.800,  1.000,  0.800,0.00000,  0.000,
mon_rep231013,2023-10-13T10:56:29,1081.266,  0.400,1,0,247, 25.000, 14.525,  0.000,-23.077, 13.525, 13.800,  0.000, 14.825, 14.300,  0.525,  0.800,  1.000,  0.800,0.00000,  0.000,
mon_rep231013,2023-10-13T10:56:29,1081.666,  0.400,1,0,247, 25.000, 14.525,  0.000,-23.077, 13.525, 13.800,  0.000, 14.825, 14.300,  0.525,  0.800,  1.000,  0.800,0.00000,  0.000,
mon_rep231013,2023-10-13T10:56:30,1082.066,  0.400,1,0,247, 25.000, 14.525,  0.000,-23.077, 13.525, 13.800,  0.000, 14.825, 14.300,  0.525,  0.800,  1.000,  0.800,0.00000,  0.000,
mon_rep231013,2023-10-13T10:56:30,1082.466,  0.400,1,0,247, 25.000, 14.525,  0.000,-23.077, 13.525, 13.800,  0.000, 14.825, 14.300,  0.525,  0.800,  1.000,  0.800,0.00000,  0.000,
mon_rep231013,2023-10-13T10:56:30,1082.866,  0.400,1,0,247, 25.000, 14.525,  0.000,-23.077, 13.525, 13.800,  0.000, 14.825, 14.300,  0.525,  0.800,  1.000,  0.800,0.00000,  0.000,
mon_rep231013,2023-10-13T10:56:31,1083.266,  0.400,1,0,247, 25.000, 14.525,  0.000,-23.077, 13.525, 13.800,  0.000, 14.825, 14.300,  0.525,  0.800,  1.000,  0.800,0.00000,  0.000,
mon_rep231013,2023-10-13T10:56:31,1083.666,  0.400,1,0,247, 25.000, 14.525,  0.000,-23.077, 13.525, 13.800,  0.000, 14.825, 14.300,  0.525,  0.800,  1.000,  0.800,0.00000,  0.000,
mon_rep231013,2023-10-13T10:56:32,1084.066,  0.400,1,0,247, 25.000, 14.525,  0.000,-23.077, 13.525, 13.800,  0.000, 14.825, 14.300,  0.525,  0.800,  1.000,  0.800,0.00000,  0.000,
mon_rep231013,2023-10-13T10:56:32,1084.466,  0.400,1,0,247, 25.000, 14.525,  0.000,-23.077, 13.525, 13.800,  0.000, 14.825, 14.300,  0.525,  0.800,  1.000,  0.800,0.00000,  0.000,
mon_rep231013,2023-10-13T10:56:32,1084.866,  0.400,1,0,247, 25.000, 14.525,  0.000,-23.077, 13.525, 13.800,  0.000, 14.825, 14.300,  0.525,  0.800,  1.000,  0.800,0.00000,  0.000,
mon_rep231013,2023-10-13T10:56:33,1085.266,  0.400,1,0,247, 25.000, 14.525,  0.000,-23.077, 13.525, 13.800,  0.000, 14.825, 14.300,  0.525,  0.800,  1.000,  0.800,0.00000,  0.000,
mon_rep231013,2023-10-13T10:56:33,1085.666,  0.400,1,0,247, 25.000, 14.525,  0.000,-23.077, 13.525, 13.800,  0.000, 14.825, 14.300,  0.525,  0.800,  1.000,  0.800,0.00000,  0.000,
mon_rep231013,2023-10-13T10:56:34,1086.066,  0.400,1,0,247, 25.000, 14.525,  0.000,-23.077, 13.525, 13.800,  0.000, 14.825, 14.300,  0.525,  0.800,  1.000,  0.800,0.00000,  0.000,
mon_rep231013,2023-10-13T10:56:34,1086.466,  0.400,1,0,247, 25.000, 14.525,  0.000,-23.077, 13.525, 13.800,  0.000, 14.825, 14.300,  0.525,  0.800,  1.000,  0.800,0.00000,  0.000,
mon_rep231013,2023-10-13T10:56:34,1086.866,  0.400,1,0,247, 25.000, 14.525,  0.000,-23.077, 13.525, 13.800,  0.000, 14.825, 14.300,  0.525,  0.800,  1.000,  0.800,0.00000,  0.000,
mon_rep231013,2023-10-13T10:56:35,1087.266,  0.400,1,0,247, 25.000, 14.525,  0.000,-23.077, 13.525, 13.800,  0.000, 14.825, 14.300,  0.525,  0.800,  1.000,  0.800,0.00000,  0.000,
mon_rep231013,2023-10-13T10:56:35,1087.666,  0.400,1,0,247, 25.000, 14.525,  0.000,-23.077, 13.525, 13.800,  0.000, 14.825, 14.300,  0.525,  0.800,  1.000,  0.800,0.00000,  0.000,
mon_rep231013,2023-10-13T10:56:36,1088.066,  0.400,1,0,247, 25.000, 14.525,  0.000,-23.077, 13.525, 13.800,  0.000, 14.825, 14.300,  0.525,  0.800,  1.000,  0.800,0.00000,  0.000,
mon_rep231013,2023-10-13T10:56:36,1088.466,  0.400,1,0,247, 25.000, 14.525,  0.000,-23.077, 13.525, 13.800,  0.000, 14.825, 14.300,  0.525,  0.800,  1.000,  0.800,0.00000,  0.000,
mon_rep231013,2023-10-13T10:56:36,1088.866,  0.400,1,0,247, 25.000, 14.525,  0.000,-23.077, 13.525, 13.800,  0.000, 14.825, 14.300,  0.525,  0.800,  1.000,  0.800,0.00000,  0.000,
mon_rep231013,2023-10-13T10:56:37,1089.266,  0.400,1,0,247, 25.000, 14.525,  0.000,-23.077, 13.525, 13.800,  0.000, 14.825, 14.300,  0.525,  0.800,  1.000,  0.800,0.00000,  0.000,
mon_rep231013,2023-10-13T10:56:37,1089.666,  0.400,1,0,247, 25.000, 14.525,  0.000,-23.077, 13.525, 13.800,  0.000, 14.825, 14.300,  0.525,  0.800,  1.000,  0.800,0.00000,  0.000,
mon_rep231013,2023-10-13T10:56:38,1090.066,  0.400,1,0,247, 25.000, 14.525,  0.000,-23.077, 13.525, 13.800,  0.000, 14.825, 14.300,  0.525,  0.800,  1.000,  0.800,0.00000,  0.000,
mon_rep231013,2023-10-13T10:56:38,1090.466,  0.400,1,0,247, 25.000, 14.525,  0.000,-23.077, 13.525, 13.800,  0.000, 14.825, 14.300,  0.525,  0.800,  1.000,  0.800,0.00000,  0.000,
mon_rep231013,2023-10-13T10:56:38,1090.866,  0.400,1,0,247, 25.000, 14.525,  0.000,-23.077, 13.525, 13.800,  0.000, 14.825, 14.300,  0.525,  0.800,  1.000,  0.800,0.00000,  0.000,
mon_rep231013,2023-10-13T10:56:39,1091.266,  0.400,1,0,247, 25.000, 14.525,  0.000,-23.077, 13.525, 13.800,  0.000, 14.825, 14.300,  0.525,  0.800,  1.000,  0.800,0.00000,  0.000,
mon_rep231013,2023-10-13T10:56:39,1091.666,  0.400,1,0,247, 25.000, 14.525,  0.000,-23.077, 13.525, 13.800,  0.000, 14.825, 14.300,  0.525,  0.800,  1.000,  0.800,0.00000,  0.000,
mon_rep231013,2023-10-13T10:56:40,1092.066,  0.400,1,0,247, 25.000, 14.525,  0.000,-23.077, 13.525, 13.800,  0.000, 14.825, 14.300,  0.525,  0.800,  1.000,  0.800,0.00000,  0.000,
mon_rep231013,2023-10-13T10:56:40,1092.466,  0.400,1,0,247, 25.000, 14.525,  0.000,-23.077, 13.525, 13.800,  0.000, 14.825, 14.300,  0.525,  0.800,  1.000,  0.800,0.00000,  0.000,
mon_rep231013,2023-10-13T10:56:40,1092.866,  0.400,1,0,247, 25.000, 14.525,  0.000,-23.077, 13.525, 13.800,  0.000, 14.825, 14.300,  0.525,  0.800,  1.000,  0.800,0.00000,  0.000,
mon_rep231013,2023-10-13T10:56:41,1093.266,  0.400,1,0,247, 25.000, 14.525,  0.000,-23.077, 13.525, 13.800,  0.000, 14.825, 14.300,  0.525,  0.800,  1.000,  0.800,0.00000,  0.000,
mon_rep231013,2023-10-13T10:56:41,1093.666,  0.400,1,0,247, 25.000, 14.525,  0.000,-23.077, 13.525, 13.800,  0.000, 14.825, 14.300,  0.525,  0.800,  1.000,  0.800,0.00000,  0.000,
mon_rep231013,2023-10-13T10:56:42,1094.066,  0.400,1,0,247, 25.000, 14.525,  0.000,-23.077, 13.525, 13.800,  0.000, 14.825, 14.300,  0.525,  0.800,  1.000,  0.800,0.00000,  0.000,
mon_rep231013,2023-10-13T10:56:42,1094.466,  0.400,1,0,247, 25.000, 14.525,  0.000,-23.077, 13.525, 13.800,  0.000, 14.825, 14.300,  0.525,  0.800,  1.000,  0.800,0.00000,  0.000,
mon_rep231013,2023-10-13T10:56:42,1094.866,  0.400,1,0,247, 25.000, 14.525,  0.000,-23.077, 13.525, 13.800,  0.000, 14.825, 14.300,  0.525,  0.800,  1.000,  0.800,0.00000,  0.000,
mon_rep231013,2023-10-13T10:56:43,1095.266,  0.400,1,0,247, 25.000, 14.525,  0.000,-23.077, 13.525, 13.800,  0.000, 14.825, 14.300,  0.525,  0.800,  1.000,  0.800,0.00000,  0.000,
mon_rep231013,2023-10-13T10:56:43,1095.666,  0.400,1,0,247, 25.000, 14.525,  0.000,-23.077, 13.525, 13.800,  0.000, 14.825, 14.300,  0.525,  0.800,  1.000,  0.800,0.00000,  0.000,
mon_rep231013,2023-10-13T10:56:44,1096.066,  0.400,1,0,247, 25.000, 14.525,  0.000,-23.077, 13.525, 13.800,  0.000, 14.825, 14.300,  0.525,  0.800,  1.000,  0.800,0.00000,  0.000,
mon_rep231013,2023-10-13T10:56:44,1096.466,  0.400,1,0,247, 25.000, 14.525,  0.000,-23.077, 13.525, 13.800,  0.000, 14.825, 14.300,  0.525,  0.800,  1.000,  0.800,0.00000,  0.000,
mon_rep231013,2023-10-13T10:56:44,1096.866,  0.400,1,0,247, 25.000, 14.525,  0.000,-23.077, 13.525, 13.800,  0.000, 14.825, 14.300,  0.525,  0.800,  1.000,  0.800,0.00000,  0.000,
mon_rep231013,2023-10-13T10:56:45,1097.266,  0.400,1,0,247, 25.000, 14.525,  0.000,-23.077, 13.525, 13.800,  0.000, 14.825, 14.300,  0.525,  0.800,  1.000,  0.800,0.00000,  0.000,
mon_rep231013,2023-10-13T10:56:45,1097.666,  0.400,1,0,247, 25.000, 14.525,  0.000,-23.077, 13.525, 13.800,  0.000, 14.825, 14.300,  0.525,  0.800,  1.000,  0.800,0.00000,  0.000,
mon_rep231013,2023-10-13T10:56:46,1098.066,  0.400,1,0,247, 25.000, 14.525,  0.000,-23.077, 13.525, 13.800,  0.000, 14.825, 14.300,  0.525,  0.800,  1.000,  0.800,0.00000,  0.000,
mon_rep231013,2023-10-13T10:56:46,1098.466,  0.400,1,0,247, 25.000, 14.525,  0.000,-23.077, 13.525, 13.800,  0.000, 14.825, 14.300,  0.525,  0.800,  1.000,  0.800,0.00000,  0.000,
mon_rep231013,2023-10-13T10:56:46,1098.866,  0.400,1,0,247, 25.000, 14.525,  0.000,-23.077, 13.525, 13.800,  0.000, 14.825, 14.300,  0.525,  0.800,  1.000,  0.800,0.00000,  0.000,
mon_rep231013,2023-10-13T10:56:47,1099.266,  0.400,1,0,247, 25.000, 14.525,  0.000,-23.077, 13.525, 13.800,  0.000, 14.825, 14.300,  0.525,  0.800,  1.000,  0.800,0.00000,  0.000,
mon_rep231013,2023-10-13T10:56:47,1099.666,  0.400,1,0,247, 25.000, 14.525,  0.000,-23.077, 13.525, 13.800,  0.000, 14.825, 14.300,  0.525,  0.800,  1.000,  0.800,0.00000,  0.000,
mon_rep231013,2023-10-13T10:56:48,1100.066,  0.400,1,0,247, 25.000, 14.525,  0.000,-23.077, 13.525, 13.800,  0.000, 14.825, 14.300,  0.525,  0.800,  1.000,  0.800,0.00000,  0.000,
mon_rep231013,2023-10-13T10:56:48,1100.466,  0.400,1,0,247, 25.000, 14.525,  0.000,-23.077, 13.525, 13.800,  0.000, 14.825, 14.300,  0.525,  0.800,  1.000,  0.800,0.00000,  0.000,
mon_rep231013,2023-10-13T10:56:48,1100.866,  0.400,1,0,247, 25.000, 14.525,  0.000,-23.077, 13.525, 13.800,  0.000, 14.825, 14.300,  0.525,  0.800,  1.000,  0.800,0.00000,  0.000,
mon_rep231013,2023-10-13T10:56:49,1101.266,  0.400,1,0,247, 25.000, 14.525,  0.000,-23.077, 13.525, 13.800,  0.000, 14.825, 14.300,  0.525,  0.800,  1.000,  0.800,0.00000,  0.000,
mon_rep231013,2023-10-13T10:56:49,1101.666,  0.400,1,0,247, 25.000, 14.525,  0.000,-23.077, 13.525, 13.800,  0.000, 14.825, 14.300,  0.525,  0.800,  1.000,  0.800,0.00000,  0.000,
mon_rep231013,2023-10-13T10:56:50,1102.066,  0.400,1,0,247, 25.000, 14.525,  0.000,-23.077, 13.525, 13.800,  0.000, 14.825, 14.300,  0.525,  0.800,  1.000,  0.800,0.00000,  0.000,
mon_rep231013,2023-10-13T10:56:50,1102.466,  0.400,1,0,247, 25.000, 14.525,  0.000,-23.077, 13.525, 13.800,  0.000, 14.825, 14.300,  0.525,  0.800,  1.000,  0.800,0.00000,  0.000,
mon_rep231013,2023-10-13T10:56:50,1102.866,  0.400,1,0,247, 25.000, 14.525,  0.000,-23.077, 13.525, 13.800,  0.000, 14.825, 14.300,  0.525,  0.800,  1.000,  0.800,0.00000,  0.000,
mon_rep231013,2023-10-13T10:56:51,1103.266,  0.400,1,0,247, 25.000, 14.525,  0.000,-23.077, 13.525, 13.800,  0.000, 14.825, 14.300,  0.525,  0.800,  1.000,  0.800,0.00000,  0.000,
mon_rep231013,2023-10-13T10:56:51,1103.666,  0.400,1,0,247, 25.000, 14.525,  0.000,-23.077, 13.525, 13.800,  0.000, 14.825, 14.300,  0.525,  0.800,  1.000,  0.800,0.00000,  0.000,
mon_rep231013,2023-10-13T10:56:52,1104.066,  0.400,1,0,247, 25.000, 14.525,  0.000,-23.077, 13.525, 13.800,  0.000, 14.825, 14.300,  0.525,  0.800,  1.000,  0.800,0.00000,  0.000,
mon_rep231013,2023-10-13T10:56:52,1104.466,  0.400,1,0,247, 25.000, 14.525,  0.000,-23.077, 13.525, 13.800,  0.000, 14.825, 14.300,  0.525,  0.800,  1.000,  0.800,0.00000,  0.000,
mon_rep231013,2023-10-13T10:56:52,1104.866,  0.400,1,0,247, 25.000, 14.525,  0.000,-23.077, 13.525, 13.800,  0.000, 14.825, 14.300,  0.525,  0.800,  1.000,  0.800,0.00000,  0.000,
mon_rep231013,2023-10-13T10:56:53,1105.266,  0.400,1,0,247, 25.000, 14.525,  0.000,-23.077, 13.525, 13.800,  0.000, 14.825, 14.300,  0.525,  0.800,  1.000,  0.800,0.00000,  0.000,
mon_rep231013,2023-10-13T10:56:53,1105.666,  0.400,1,0,247, 25.000, 14.525,  0.000,-23.077, 13.525, 13.800,  0.000, 14.825, 14.300,  0.525,  0.800,  1.000,  0.800,0.00000,  0.000,
mon_rep231013,2023-10-13T10:56:54,1106.066,  0.400,1,0,247, 25.000, 14.525,  0.000,-23.077, 13.525, 13.800,  0.000, 14.825, 14.300,  0.525,  0.800,  1.000,  0.800,0.00000,  0.000,
mon_rep231013,2023-10-13T10:56:54,1106.466,  0.400,1,0,247, 25.000, 14.525,  0.000,-23.077, 13.525, 13.800,  0.000, 14.825, 14.300,  0.525,  0.800,  1.000,  0.800,0.00000,  0.000,
mon_rep231013,2023-10-13T10:56:54,1106.866,  0.400,1,0,247, 25.000, 14.525,  0.000,-23.077, 13.525, 13.800,  0.000, 14.825, 14.300,  0.525,  0.800,  1.000,  0.800,0.00000,  0.000,
mon_rep231013,2023-10-13T10:56:55,1107.266,  0.400,1,0,247, 25.000, 14.525,  0.000,-23.077, 13.525, 13.800,  0.000, 14.825, 14.300,  0.525,  0.800,  1.000,  0.800,0.00000,  0.000,
mon_rep231013,2023-10-13T10:56:55,1107.666,  0.400,1,0,247, 25.000, 14.525,  0.000,-23.077, 13.525, 13.800,  0.000, 14.825, 14.300,  0.525,  0.800,  1.000,  0.800,0.00000,  0.000,
mon_rep231013,2023-10-13T10:56:56,1108.066,  0.400,1,0,247, 25.000, 14.525,  0.000,-23.077, 13.525, 13.800,  0.000, 14.825, 14.300,  0.525,  0.800,  1.000,  0.800,0.00000,  0.000,
mon_rep231013,2023-10-13T10:56:56,1108.466,  0.400,1,0,247, 25.000, 14.525,  0.000,-23.077, 13.525, 13.800,  0.000, 14.825, 14.300,  0.525,  0.800,  1.000,  0.800,0.00000,  0.000,
mon_rep231013,2023-10-13T10:56:56,1108.866,  0.400,1,0,247, 25.000, 14.525,  0.000,-23.077, 13.525, 13.800,  0.000, 14.825, 14.300,  0.525,  0.800,  1.000,  0.800,0.00000,  0.000,
mon_rep231013,2023-10-13T10:56:57,1109.266,  0.400,1,0,247, 25.000, 14.525,  0.000,-23.077, 13.525, 13.800,  0.000, 14.825, 14.300,  0.525,  0.800,  1.000,  0.800,0.00000,  0.000,
mon_rep231013,2023-10-13T10:56:57,1109.666,  0.400,1,0,247, 25.000, 14.525,  0.000,-23.077, 13.525, 13.800,  0.000, 14.825, 14.300,  0.525,  0.800,  1.000,  0.800,0.00000,  0.000,
mon_rep231013,2023-10-13T10:56:58,1110.066,  0.400,1,0,247, 25.000, 14.525,  0.000,-23.077, 13.525, 13.800,  0.000, 14.825, 14.300,  0.525,  0.800,  1.000,  0.800,0.00000,  0.000,
mon_rep231013,2023-10-13T10:56:58,1110.466,  0.400,1,0,247, 25.000, 14.525,  0.000,-23.077, 13.525, 13.800,  0.000, 14.825, 14.300,  0.525,  0.800,  1.000,  0.800,0.00000,  0.000,
mon_rep231013,2023-10-13T10:56:58,1110.866,  0.400,1,0,247, 25.000, 14.525,  0.000,-23.077, 13.525, 13.800,  0.000, 14.825, 14.300,  0.525,  0.800,  1.000,  0.800,0.00000,  0.000,
mon_rep231013,2023-10-13T10:56:59,1111.266,  0.400,1,0,247, 25.000, 14.525,  0.000,-23.077, 13.525, 13.800,  0.000, 14.825, 14.300,  0.525,  0.800,  1.000,  0.800,0.00000,  0.000,
mon_rep231013,2023-10-13T10:56:59,1111.666,  0.400,1,0,247, 25.000, 14.525,  0.000,-23.077, 13.525, 13.800,  0.000, 14.825, 14.300,  0.525,  0.800,  1.000,  0.800,0.00000,  0.000,
mon_rep231013,2023-10-13T10:57:00,1112.066,  0.400,1,0,247, 25.000, 14.525,  0.000,-23.077, 13.525, 13.800,  0.000, 14.825, 14.300,  0.525,  0.800,  1.000,  0.800,0.00000,  0.000,
mon_rep231013,2023-10-13T10:57:00,1112.466,  0.400,1,0,247, 25.000, 14.525,  0.000,-23.077, 13.525, 13.800,  0.000, 14.825, 14.300,  0.525,  0.800,  1.000,  0.800,0.00000,  0.000,
mon_rep231013,2023-10-13T10:57:00,1112.866,  0.400,1,0,247, 25.000, 14.525,  0.000,-23.077, 13.525, 13.800,  0.000, 14.825, 14.300,  0.525,  0.800,  1.000,  0.800,0.00000,  0.000,
mon_rep231013,2023-10-13T10:57:01,1113.266,  0.400,1,0,247, 25.000, 14.525,  0.000,-23.077, 13.525, 13.800,  0.000, 14.825, 14.300,  0.525,  0.800,  1.000,  0.800,0.00000,  0.000,
mon_rep231013,2023-10-13T10:57:01,1113.666,  0.400,1,0,247, 25.000, 14.525,  0.000,-23.077, 13.525, 13.800,  0.000, 14.825, 14.300,  0.525,  0.800,  1.000,  0.800,0.00000,  0.000,
mon_rep231013,2023-10-13T10:57:02,1114.066,  0.400,1,0,247, 25.000, 14.525,  0.000,-23.077, 13.525, 13.800,  0.000, 14.825, 14.300,  0.525,  0.800,  1.000,  0.800,0.00000,  0.000,
mon_rep231013,2023-10-13T10:57:02,1114.466,  0.400,1,0,247, 25.000, 14.525,  0.000,-23.077, 13.525, 13.800,  0.000, 14.825, 14.300,  0.525,  0.800,  1.000,  0.800,0.00000,  0.000,
mon_rep231013,2023-10-13T10:57:02,1114.866,  0.400,1,0,247, 25.000, 14.525,  0.000,-23.077, 13.525, 13.800,  0.000, 14.825, 14.300,  0.525,  0.800,  1.000,  0.800,0.00000,  0.000,
mon_rep231013,2023-10-13T10:57:03,1115.266,  0.400,1,0,247, 25.000, 14.525,  0.000,-23.077, 13.525, 13.800,  0.000, 14.825, 14.300,  0.525,  0.800,  1.000,  0.800,0.00000,  0.000,
mon_rep231013,2023-10-13T10:57:03,1115.666,  0.400,1,0,247, 25.000, 14.525,  0.000,-23.077, 13.525, 13.800,  0.000, 14.825, 14.300,  0.525,  0.800,  1.000,  0.800,0.00000,  0.000,
mon_rep231013,2023-10-13T10:57:04,1116.066,  0.400,1,0,247, 25.000, 14.525,  0.000,-23.077, 13.525, 13.800,  0.000, 14.825, 14.300,  0.525,  0.800,  1.000,  0.800,0.00000,  0.000,
mon_rep231013,2023-10-13T10:57:04,1116.466,  0.400,1,0,247, 25.000, 14.525,  0.000,-23.077, 13.525, 13.800,  0.000, 14.825, 14.300,  0.525,  0.800,  1.000,  0.800,0.00000,  0.000,
mon_rep231013,2023-10-13T10:57:04,1116.866,  0.400,1,0,247, 25.000, 14.525,  0.000,-23.077, 13.525, 13.800,  0.000, 14.825, 14.300,  0.525,  0.800,  1.000,  0.800,0.00000,  0.000,
mon_rep231013,2023-10-13T10:57:05,1117.266,  0.400,1,0,247, 25.000, 14.525,  0.000,-23.077, 13.525, 13.800,  0.000, 14.825, 14.300,  0.525,  0.800,  1.000,  0.800,0.00000,  0.000,
mon_rep231013,2023-10-13T10:57:05,1117.666,  0.400,1,0,247, 25.000, 14.525,  0.000,-23.077, 13.525, 13.800,  0.000, 14.825, 14.300,  0.525,  0.800,  1.000,  0.800,0.00000,  0.000,
mon_rep231013,2023-10-13T10:57:06,1118.066,  0.400,1,0,247, 25.000, 14.525,  0.000,-23.077, 13.525, 13.800,  0.000, 14.825, 14.300,  0.525,  0.800,  1.000,  0.800,0.00000,  0.000,
mon_rep231013,2023-10-13T10:57:06,1118.466,  0.400,1,0,247, 25.000, 14.525,  0.000,-23.077, 13.525, 13.800,  0.000, 14.825, 14.300,  0.525,  0.800,  1.000,  0.800,0.00000,  0.000,
mon_rep231013,2023-10-13T10:57:06,1118.866,  0.400,1,0,247, 25.000, 14.525,  0.000,-23.077, 13.525, 13.800,  0.000, 14.825, 14.300,  0.525,  0.800,  1.000,  0.800,0.00000,  0.000,
mon_rep231013,2023-10-13T10:57:07,1119.266,  0.400,1,0,247, 25.000, 14.525,  0.000,-23.077, 13.525, 13.800,  0.000, 14.825, 14.300,  0.525,  0.800,  1.000,  0.800,0.00000,  0.000,
mon_rep231013,2023-10-13T10:57:07,1119.666,  0.400,1,0,247, 25.000, 14.525,  0.000,-23.077, 13.525, 13.800,  0.000, 14.825, 14.300,  0.525,  0.800,  1.000,  0.800,0.00000,  0.000,
mon_rep231013,2023-10-13T10:57:08,1120.066,  0.400,1,0,247, 25.000, 14.525,  0.000,-23.077, 13.525, 13.800,  0.000, 14.825, 14.300,  0.525,  0.800,  1.000,  0.800,0.00000,  0.000,
mon_rep231013,2023-10-13T10:57:08,1120.466,  0.400,1,0,247, 25.000, 14.525,  0.000,-23.077, 13.525, 13.800,  0.000, 14.825, 14.300,  0.525,  0.800,  1.000,  0.800,0.00000,  0.000,
mon_rep231013,2023-10-13T10:57:08,1120.866,  0.400,1,0,247, 25.000, 14.525,  0.000,-23.077, 13.525, 13.800,  0.000, 14.825, 14.300,  0.525,  0.800,  1.000,  0.800,0.00000,  0.000,
mon_rep231013,2023-10-13T10:57:09,1121.266,  0.400,1,0,247, 25.000, 14.525,  0.000,-23.077, 13.525, 13.800,  0.000, 14.825, 14.300,  0.525,  0.800,  1.000,  0.800,0.00000,  0.000,
mon_rep231013,2023-10-13T10:57:09,1121.666,  0.400,1,0,247, 25.000, 14.525,  0.000,-23.077, 13.525, 13.800,  0.000, 14.825, 14.300,  0.525,  0.800,  1.000,  0.800,0.00000,  0.000,
mon_rep231013,2023-10-13T10:57:10,1122.066,  0.400,1,0,247, 25.000, 14.525,  0.000,-23.077, 13.525, 13.800,  0.000, 14.825, 14.300,  0.525,  0.800,  1.000,  0.800,0.00000,  0.000,
mon_rep231013,2023-10-13T10:57:10,1122.466,  0.400,1,0,247, 25.000, 14.525,  0.000,-23.077, 13.525, 13.800,  0.000, 14.825, 14.300,  0.525,  0.800,  1.000,  0.800,0.00000,  0.000,
mon_rep231013,2023-10-13T10:57:10,1122.866,  0.400,1,0,247, 25.000, 14.525,  0.000,-23.077, 13.525, 13.800,  0.000, 14.825, 14.300,  0.525,  0.800,  1.000,  0.800,0.00000,  0.000,
mon_rep231013,2023-10-13T10:57:11,1123.266,  0.400,1,0,247, 25.000, 14.525,  0.000,-23.077, 13.525, 13.800,  0.000, 14.825, 14.300,  0.525,  0.800,  1.000,  0.800,0.00000,  0.000,
mon_rep231013,2023-10-13T10:57:11,1123.666,  0.400,1,0,247, 25.000, 14.525,  0.000,-23.077, 13.525, 13.800,  0.000, 14.825, 14.300,  0.525,  0.800,  1.000,  0.800,0.00000,  0.000,
mon_rep231013,2023-10-13T10:57:12,1124.066,  0.400,1,0,247, 25.000, 14.525,  0.000,-23.077, 13.525, 13.800,  0.000, 14.825, 14.300,  0.525,  0.800,  1.000,  0.800,0.00000,  0.000,
mon_rep231013,2023-10-13T10:57:12,1124.466,  0.400,1,0,247, 25.000, 14.525,  0.000,-23.077, 13.525, 13.800,  0.000, 14.825, 14.300,  0.525,  0.800,  1.000,  0.800,0.00000,  0.000,
mon_rep231013,2023-10-13T10:57:12,1124.866,  0.400,1,0,247, 25.000, 14.525,  0.000,-23.077, 13.525, 13.800,  0.000, 14.825, 14.300,  0.525,  0.800,  1.000,  0.800,0.00000,  0.000,
mon_rep231013,2023-10-13T10:57:13,1125.266,  0.400,1,0,247, 25.000, 14.525,  0.000,-23.077, 13.525, 13.800,  0.000, 14.825, 14.300,  0.525,  0.800,  1.000,  0.800,0.00000,  0.000,
mon_rep231013,2023-10-13T10:57:13,1125.666,  0.400,1,0,247, 25.000, 14.525,  0.000,-23.077, 13.525, 13.800,  0.000, 14.825, 14.300,  0.525,  0.800,  1.000,  0.800,0.00000,  0.000,
mon_rep231013,2023-10-13T10:57:14,1126.066,  0.400,1,0,247, 25.000, 14.525,  0.000,-23.077, 13.525, 13.800,  0.000, 14.825, 14.300,  0.525,  0.800,  1.000,  0.800,0.00000,  0.000,
mon_rep231013,2023-10-13T10:57:14,1126.466,  0.400,1,0,247, 25.000, 14.525,  0.000,-23.077, 13.525, 13.800,  0.000, 14.825, 14.300,  0.525,  0.800,  1.000,  0.800,0.00000,  0.000,
mon_rep231013,2023-10-13T10:57:14,1126.866,  0.400,1,0,247, 25.000, 14.525,  0.000,-23.077, 13.525, 13.800,  0.000, 14.825, 14.300,  0.525,  0.800,  1.000,  0.800,0.00000,  0.000,
mon_rep231013,2023-10-13T10:57:15,1127.266,  0.400,1,0,247, 25.000, 14.525,  0.000,-23.077, 13.525, 13.800,  0.000, 14.825, 14.300,  0.525,  0.800,  1.000,  0.800,0.00000,  0.000,
mon_rep231013,2023-10-13T10:57:15,1127.666,  0.400,1,0,247, 25.000, 14.525,  0.000,-23.077, 13.525, 13.800,  0.000, 14.825, 14.300,  0.525,  0.800,  1.000,  0.800,0.00000,  0.000,
mon_rep231013,2023-10-13T10:57:16,1128.066,  0.400,1,0,247, 25.000, 14.525,  0.000,-23.077, 13.525, 13.800,  0.000, 14.825, 14.300,  0.525,  0.800,  1.000,  0.800,0.00000,  0.000,
mon_rep231013,2023-10-13T10:57:16,1128.466,  0.400,1,0,247, 25.000, 14.525,  0.000,-23.077, 13.525, 13.800,  0.000, 14.825, 14.300,  0.525,  0.800,  1.000,  0.800,0.00000,  0.000,
mon_rep231013,2023-10-13T10:57:16,1128.866,  0.400,1,0,247, 25.000, 14.525,  0.000,-23.077, 13.525, 13.800,  0.000, 14.825, 14.300,  0.525,  0.800,  1.000,  0.800,0.00000,  0.000,
mon_rep231013,2023-10-13T10:57:17,1129.266,  0.400,1,0,247, 25.000, 14.525,  0.000,-23.077, 13.525, 13.800,  0.000, 14.825, 14.300,  0.525,  0.800,  1.000,  0.800,0.00000,  0.000,
mon_rep231013,2023-10-13T10:57:17,1129.666,  0.400,1,0,247, 25.000, 14.525,  0.000,-23.077, 13.525, 13.800,  0.000, 14.825, 14.300,  0.525,  0.800,  1.000,  0.800,0.00000,  0.000,
mon_rep231013,2023-10-13T10:57:18,1130.066,  0.400,1,0,247, 25.000, 14.525,  0.000,-23.077, 13.525, 13.800,  0.000, 14.825, 14.300,  0.525,  0.800,  1.000,  0.800,0.00000,  0.000,
mon_rep231013,2023-10-13T10:57:18,1130.466,  0.400,1,0,247, 25.000, 14.525,  0.000,-23.077, 13.525, 13.800,  0.000, 14.825, 14.300,  0.525,  0.800,  1.000,  0.800,0.00000,  0.000,
mon_rep231013,2023-10-13T10:57:18,1130.866,  0.400,1,0,247, 25.000, 14.525,  0.000,-23.077, 13.525, 13.800,  0.000, 14.825, 14.300,  0.525,  0.800,  1.000,  0.800,0.00000,  0.000,
mon_rep231013,2023-10-13T10:57:19,1131.266,  0.400,1,0,247, 25.000, 14.525,  0.000,-23.077, 13.525, 13.800,  0.000, 14.825, 14.300,  0.525,  0.800,  1.000,  0.800,0.00000,  0.000,
mon_rep231013,2023-10-13T10:57:19,1131.666,  0.400,1,0,247, 25.000, 14.525,  0.000,-23.077, 13.525, 13.800,  0.000, 14.825, 14.300,  0.525,  0.800,  1.000,  0.800,0.00000,  0.000,
mon_rep231013,2023-10-13T10:57:20,1132.066,  0.400,1,0,247, 25.000, 14.525,  0.000,-23.077, 13.525, 13.800,  0.000, 14.825, 14.300,  0.525,  0.800,  1.000,  0.800,0.00000,  0.000,
mon_rep231013,2023-10-13T10:57:20,1132.466,  0.400,1,0,247, 25.000, 14.525,  0.000,-23.077, 13.525, 13.800,  0.000, 14.825, 14.300,  0.525,  0.800,  1.000,  0.800,0.00000,  0.000,
mon_rep231013,2023-10-13T10:57:20,1132.866,  0.400,1,0,247, 25.000, 14.525,  0.000,-23.077, 13.525, 13.800,  0.000, 14.825, 14.300,  0.525,  0.800,  1.000,  0.800,0.00000,  0.000,
mon_rep231013,2023-10-13T10:57:21,1133.266,  0.400,1,0,247, 25.000, 14.525,  0.000,-23.077, 13.525, 13.800,  0.000, 14.825, 14.300,  0.525,  0.800,  1.000,  0.800,0.00000,  0.000,
mon_rep231013,2023-10-13T10:57:21,1133.666,  0.400,1,0,247, 25.000, 14.525,  0.000,-23.077, 13.525, 13.800,  0.000, 14.825, 14.300,  0.525,  0.800,  1.000,  0.800,0.00000,  0.000,
mon_rep231013,2023-10-13T10:57:22,1134.066,  0.400,1,0,247, 25.000, 14.525,  0.000,-23.077, 13.525, 13.800,  0.000, 14.825, 14.300,  0.525,  0.800,  1.000,  0.800,0.00000,  0.000,
mon_rep231013,2023-10-13T10:57:22,1134.466,  0.400,1,0,247, 25.000, 14.525,  0.000,-23.077, 13.525, 13.800,  0.000, 14.825, 14.300,  0.525,  0.800,  1.000,  0.800,0.00000,  0.000,
mon_rep231013,2023-10-13T10:57:22,1134.866,  0.400,1,0,247, 25.000, 14.525,  0.000,-23.077, 13.525, 13.800,  0.000, 14.825, 14.300,  0.525,  0.800,  1.000,  0.800,0.00000,  0.000,
mon_rep231013,2023-10-13T10:57:23,1135.266,  0.400,1,0,247, 25.000, 14.525,  0.000,-23.077, 13.525, 13.800,  0.000, 14.825, 14.300,  0.525,  0.800,  1.000,  0.800,0.00000,  0.000,
mon_rep231013,2023-10-13T10:57:23,1135.666,  0.400,1,0,247, 25.000, 14.525,  0.000,-23.077, 13.525, 13.800,  0.000, 14.825, 14.300,  0.525,  0.800,  1.000,  0.800,0.00000,  0.000,
mon_rep231013,2023-10-13T10:57:24,1136.066,  0.400,1,0,247, 25.000, 14.525,  0.000,-23.077, 13.525, 13.800,  0.000, 14.825, 14.300,  0.525,  0.800,  1.000,  0.800,0.00000,  0.000,
mon_rep231013,2023-10-13T10:57:24,1136.466,  0.400,1,0,247, 25.000, 14.525,  0.000,-23.077, 13.525, 13.800,  0.000, 14.825, 14.300,  0.525,  0.800,  1.000,  0.800,0.00000,  0.000,
mon_rep231013,2023-10-13T10:57:24,1136.866,  0.400,1,0,247, 25.000, 14.525,  0.000,-23.077, 13.525, 13.800,  0.000, 14.825, 14.300,  0.525,  0.800,  1.000,  0.800,0.00000,  0.000,
mon_rep231013,2023-10-13T10:57:25,1137.266,  0.400,1,0,247, 25.000, 14.525,  0.000,-23.077, 13.525, 13.800,  0.000, 14.825, 14.300,  0.525,  0.800,  1.000,  0.800,0.00000,  0.000,
mon_rep231013,2023-10-13T10:57:25,1137.666,  0.400,1,0,247, 25.000, 14.525,  0.000,-23.077, 13.525, 13.800,  0.000, 14.825, 14.300,  0.525,  0.800,  1.000,  0.800,0.00000,  0.000,
mon_rep231013,2023-10-13T10:57:26,1138.066,  0.400,1,0,247, 25.000, 14.525,  0.000,-23.077, 13.525, 13.800,  0.000, 14.825, 14.300,  0.525,  0.800,  1.000,  0.800,0.00000,  0.000,
mon_rep231013,2023-10-13T10:57:26,1138.466,  0.400,1,0,247, 25.000, 14.525,  0.000,-23.077, 13.525, 13.800,  0.000, 14.825, 14.300,  0.525,  0.800,  1.000,  0.800,0.00000,  0.000,
mon_rep231013,2023-10-13T10:57:26,1138.866,  0.400,1,0,247, 25.000, 14.525,  0.000,-23.077, 13.525, 13.800,  0.000, 14.825, 14.300,  0.525,  0.800,  1.000,  0.800,0.00000,  0.000,
mon_rep231013,2023-10-13T10:57:27,1139.266,  0.400,1,0,247, 25.000, 14.525,  0.000,-23.077, 13.525, 13.800,  0.000, 14.825, 14.300,  0.525,  0.800,  1.000,  0.800,0.00000,  0.000,
mon_rep231013,2023-10-13T10:57:27,1139.666,  0.400,1,0,247, 25.000, 14.525,  0.000,-23.077, 13.525, 13.800,  0.000, 14.825, 14.300,  0.525,  0.800,  1.000,  0.800,0.00000,  0.000,
mon_rep231013,2023-10-13T10:57:28,1140.066,  0.400,1,0,247, 25.000, 14.525,  0.000,-23.077, 13.525, 13.800,  0.000, 14.825, 14.300,  0.525,  0.800,  1.000,  0.800,0.00000,  0.000,
mon_rep231013,2023-10-13T10:57:28,1140.466,  0.400,1,0,247, 25.000, 14.525,  0.000,-23.077, 13.525, 13.800,  0.000, 14.825, 14.300,  0.525,  0.800,  1.000,  0.800,0.00000,  0.000,
mon_rep231013,2023-10-13T10:57:28,1140.866,  0.400,1,0,247, 25.000, 14.525,  0.000,-23.077, 13.525, 13.800,  0.000, 14.825, 14.300,  0.525,  0.800,  1.000,  0.800,0.00000,  0.000,
mon_rep231013,2023-10-13T10:57:29,1141.266,  0.400,1,0,247, 25.000, 14.525,  0.000,-23.077, 13.525, 13.800,  0.000, 14.825, 14.300,  0.525,  0.800,  1.000,  0.800,0.00000,  0.000,
mon_rep231013,2023-10-13T10:57:29,1141.666,  0.400,1,0,247, 25.000, 14.525,  0.000,-23.077, 13.525, 13.800,  0.000, 14.825, 14.300,  0.525,  0.800,  1.000,  0.800,0.00000,  0.000,
mon_rep231013,2023-10-13T10:57:30,1142.066,  0.400,1,0,247, 25.000, 14.525,  0.000,-23.077, 13.525, 13.800,  0.000, 14.825, 14.300,  0.525,  0.800,  1.000,  0.800,0.00000,  0.000,
mon_rep231013,2023-10-13T10:57:30,1142.466,  0.400,1,0,247, 25.000, 14.525,  0.000,-23.077, 13.525, 13.800,  0.000, 14.825, 14.300,  0.525,  0.800,  1.000,  0.800,0.00000,  0.000,
mon_rep231013,2023-10-13T10:57:30,1142.866,  0.400,1,0,247, 25.000, 14.525,  0.000,-23.077, 13.525, 13.800,  0.000, 14.825, 14.300,  0.525,  0.800,  1.000,  0.800,0.00000,  0.000,
mon_rep231013,2023-10-13T10:57:31,1143.266,  0.400,1,0,247, 25.000, 14.525,  0.000,-23.077, 13.525, 13.800,  0.000, 14.825, 14.300,  0.525,  0.800,  1.000,  0.800,0.00000,  0.000,
mon_rep231013,2023-10-13T10:57:31,1143.666,  0.400,1,0,247, 25.000, 14.525,  0.000,-23.077, 13.525, 13.800,  0.000, 14.825, 14.300,  0.525,  0.800,  1.000,  0.800,0.00000,  0.000,
mon_rep231013,2023-10-13T10:57:32,1144.066,  0.400,1,0,247, 25.000, 14.525,  0.000,-23.077, 13.525, 13.800,  0.000, 14.825, 14.300,  0.525,  0.800,  1.000,  0.800,0.00000,  0.000,
mon_rep231013,2023-10-13T10:57:32,1144.466,  0.400,1,0,247, 25.000, 14.525,  0.000,-23.077, 13.525, 13.800,  0.000, 14.825, 14.300,  0.525,  0.800,  1.000,  0.800,0.00000,  0.000,
mon_rep231013,2023-10-13T10:57:32,1144.866,  0.400,1,0,247, 25.000, 14.525,  0.000,-23.077, 13.525, 13.800,  0.000, 14.825, 14.300,  0.525,  0.800,  1.000,  0.800,0.00000,  0.000,
mon_rep231013,2023-10-13T10:57:33,1145.266,  0.400,1,0,247, 25.000, 14.525,  0.000,-23.077, 13.525, 13.800,  0.000, 14.825, 14.300,  0.525,  0.800,  1.000,  0.800,0.00000,  0.000,
mon_rep231013,2023-10-13T10:57:33,1145.666,  0.400,1,0,247, 25.000, 14.525,  0.000,-23.077, 13.525, 13.800,  0.000, 14.825, 14.300,  0.525,  0.800,  1.000,  0.800,0.00000,  0.000,
mon_rep231013,2023-10-13T10:57:34,1146.066,  0.400,1,0,247, 25.000, 14.525,  0.000,-23.077, 13.525, 13.800,  0.000, 14.825, 14.300,  0.525,  0.800,  1.000,  0.800,0.00000,  0.000,
mon_rep231013,2023-10-13T10:57:34,1146.466,  0.400,1,0,247, 25.000, 14.525,  0.000,-23.077, 13.525, 13.800,  0.000, 14.825, 14.300,  0.525,  0.800,  1.000,  0.800,0.00000,  0.000,
mon_rep231013,2023-10-13T10:57:34,1146.866,  0.400,1,0,247, 25.000, 14.525,  0.000,-23.077, 13.525, 13.800,  0.000, 14.825, 14.300,  0.525,  0.800,  1.000,  0.800,0.00000,  0.000,
mon_rep231013,2023-10-13T10:57:35,1147.266,  0.400,1,0,247, 25.000, 14.525,  0.000,-23.077, 13.525, 13.800,  0.000, 14.825, 14.300,  0.525,  0.800,  1.000,  0.800,0.00000,  0.000,
mon_rep231013,2023-10-13T10:57:35,1147.666,  0.400,1,0,247, 25.000, 14.525,  0.000,-23.077, 13.525, 13.800,  0.000, 14.825, 14.300,  0.525,  0.800,  1.000,  0.800,0.00000,  0.000,
mon_rep231013,2023-10-13T10:57:36,1148.066,  0.400,1,0,247, 25.000, 14.525,  0.000,-23.077, 13.525, 13.800,  0.000, 14.825, 14.300,  0.525,  0.800,  1.000,  0.800,0.00000,  0.000,
mon_rep231013,2023-10-13T10:57:36,1148.466,  0.400,1,0,247, 25.000, 14.525,  0.000,-23.077, 13.525, 13.800,  0.000, 14.825, 14.300,  0.525,  0.800,  1.000,  0.800,0.00000,  0.000,
mon_rep231013,2023-10-13T10:57:36,1148.866,  0.400,1,0,247, 25.000, 14.525,  0.000,-23.077, 13.525, 13.800,  0.000, 14.825, 14.300,  0.525,  0.800,  1.000,  0.800,0.00000,  0.000,
mon_rep231013,2023-10-13T10:57:37,1149.266,  0.400,1,0,247, 25.000, 14.525,  0.000,-23.077, 13.525, 13.800,  0.000, 14.825, 14.300,  0.525,  0.800,  1.000,  0.800,0.00000,  0.000,
mon_rep231013,2023-10-13T10:57:37,1149.666,  0.400,1,0,247, 25.000, 14.525,  0.000,-23.077, 13.525, 13.800,  0.000, 14.825, 14.300,  0.525,  0.800,  1.000,  0.800,0.00000,  0.000,
mon_rep231013,2023-10-13T10:57:38,1150.066,  0.400,1,0,247, 25.000, 14.525,  0.000,-23.077, 13.525, 13.800,  0.000, 14.825, 14.300,  0.525,  0.800,  1.000,  0.800,0.00000,  0.000,
mon_rep231013,2023-10-13T10:57:38,1150.466,  0.400,1,0,247, 25.000, 14.525,  0.000,-23.077, 13.525, 13.800,  0.000, 14.825, 14.300,  0.525,  0.800,  1.000,  0.800,0.00000,  0.000,
mon_rep231013,2023-10-13T10:57:38,1150.866,  0.400,1,0,247, 25.000, 14.525,  0.000,-23.077, 13.525, 13.800,  0.000, 14.825, 14.300,  0.525,  0.800,  1.000,  0.800,0.00000,  0.000,
mon_rep231013,2023-10-13T10:57:39,1151.266,  0.400,1,0,247, 25.000, 14.525,  0.000,-23.077, 13.525, 13.800,  0.000, 14.825, 14.300,  0.525,  0.800,  1.000,  0.800,0.00000,  0.000,
mon_rep231013,2023-10-13T10:57:39,1151.666,  0.400,1,0,247, 25.000, 14.525,  0.000,-23.077, 13.525, 13.800,  0.000, 14.825, 14.300,  0.525,  0.800,  1.000,  0.800,0.00000,  0.000,
mon_rep231013,2023-10-13T10:57:40,1152.066,  0.400,1,0,247, 25.000, 14.525,  0.000,-23.077, 13.525, 13.800,  0.000, 14.825, 14.300,  0.525,  0.800,  1.000,  0.800,0.00000,  0.000,
mon_rep231013,2023-10-13T10:57:40,1152.466,  0.400,1,0,247, 25.000, 14.525,  0.000,-23.077, 13.525, 13.800,  0.000, 14.825, 14.300,  0.525,  0.800,  1.000,  0.800,0.00000,  0.000,
mon_rep231013,2023-10-13T10:57:40,1152.866,  0.400,1,0,247, 25.000, 14.525,  0.000,-23.077, 13.525, 13.800,  0.000, 14.825, 14.300,  0.525,  0.800,  1.000,  0.800,0.00000,  0.000,
mon_rep231013,2023-10-13T10:57:41,1153.266,  0.400,1,0,247, 25.000, 14.525,  0.000,-23.077, 13.525, 13.800,  0.000, 14.825, 14.300,  0.525,  0.800,  1.000,  0.800,0.00000,  0.000,
mon_rep231013,2023-10-13T10:57:41,1153.666,  0.400,1,0,247, 25.000, 14.525,  0.000,-23.077, 13.525, 13.800,  0.000, 14.825, 14.300,  0.525,  0.800,  1.000,  0.800,0.00000,  0.000,
mon_rep231013,2023-10-13T10:57:42,1154.066,  0.400,1,0,247, 25.000, 14.525,  0.000,-23.077, 13.525, 13.800,  0.000, 14.825, 14.300,  0.525,  0.800,  1.000,  0.800,0.00000,  0.000,
mon_rep231013,2023-10-13T10:57:42,1154.466,  0.400,1,0,247, 25.000, 14.525,  0.000,-23.077, 13.525, 13.800,  0.000, 14.825, 14.300,  0.525,  0.800,  1.000,  0.800,0.00000,  0.000,
mon_rep231013,2023-10-13T10:57:42,1154.866,  0.400,1,0,247, 25.000, 14.525,  0.000,-23.077, 13.525, 13.800,  0.000, 14.825, 14.300,  0.525,  0.800,  1.000,  0.800,0.00000,  0.000,
mon_rep231013,2023-10-13T10:57:43,1155.266,  0.400,1,0,247, 25.000, 14.525,  0.000,-23.077, 13.525, 13.800,  0.000, 14.825, 14.300,  0.525,  0.800,  1.000,  0.800,0.00000,  0.000,
mon_rep231013,2023-10-13T10:57:43,1155.666,  0.400,1,0,247, 25.000, 14.525,  0.000,-23.077, 13.525, 13.800,  0.000, 14.825, 14.300,  0.525,  0.800,  1.000,  0.800,0.00000,  0.000,
mon_rep231013,2023-10-13T10:57:44,1156.066,  0.400,1,0,247, 25.000, 14.525,  0.000,-23.077, 13.525, 13.800,  0.000, 14.825, 14.300,  0.525,  0.800,  1.000,  0.800,0.00000,  0.000,
mon_rep231013,2023-10-13T10:57:44,1156.466,  0.400,1,0,247, 25.000, 14.525,  0.000,-23.077, 13.525, 13.800,  0.000, 14.825, 14.300,  0.525,  0.800,  1.000,  0.800,0.00000,  0.000,
mon_rep231013,2023-10-13T10:57:44,1156.866,  0.400,1,0,247, 25.000, 14.525,  0.000,-23.077, 13.525, 13.800,  0.000, 14.825, 14.300,  0.525,  0.800,  1.000,  0.800,0.00000,  0.000,
mon_rep231013,2023-10-13T10:57:45,1157.266,  0.400,1,0,247, 25.000, 14.525,  0.000,-23.077, 13.525, 13.800,  0.000, 14.825, 14.300,  0.525,  0.800,  1.000,  0.800,0.00000,  0.000,
mon_rep231013,2023-10-13T10:57:45,1157.666,  0.400,1,0,247, 25.000, 14.525,  0.000,-23.077, 13.525, 13.800,  0.000, 14.825, 14.300,  0.525,  0.800,  1.000,  0.800,0.00000,  0.000,
mon_rep231013,2023-10-13T10:57:46,1158.066,  0.400,1,0,247, 25.000, 14.525,  0.000,-23.077, 13.525, 13.800,  0.000, 14.825, 14.300,  0.525,  0.800,  1.000,  0.800,0.00000,  0.000,
mon_rep231013,2023-10-13T10:57:46,1158.466,  0.400,1,0,247, 25.000, 14.525,  0.000,-23.077, 13.525, 13.800,  0.000, 14.825, 14.300,  0.525,  0.800,  1.000,  0.800,0.00000,  0.000,
mon_rep231013,2023-10-13T10:57:46,1158.866,  0.400,1,0,247, 25.000, 14.525,  0.000,-23.077, 13.525, 13.800,  0.000, 14.825, 14.300,  0.525,  0.800,  1.000,  0.800,0.00000,  0.000,
mon_rep231013,2023-10-13T10:57:47,1159.266,  0.400,1,0,247, 25.000, 14.525,  0.000,-23.077, 13.525, 13.800,  0.000, 14.825, 14.300,  0.525,  0.800,  1.000,  0.800,0.00000,  0.000,
mon_rep231013,2023-10-13T10:57:47,1159.666,  0.400,1,0,247, 25.000, 14.525,  0.000,-23.077, 13.525, 13.800,  0.000, 14.825, 14.300,  0.525,  0.800,  1.000,  0.800,0.00000,  0.000,
mon_rep231013,2023-10-13T10:57:48,1160.066,  0.400,1,0,247, 25.000, 14.525,  0.000,-23.077, 13.525, 13.800,  0.000, 14.825, 14.300,  0.525,  0.800,  1.000,  0.800,0.00000,  0.000,
mon_rep231013,2023-10-13T10:57:48,1160.466,  0.400,1,0,247, 25.000, 14.525,  0.000,-23.077, 13.525, 13.800,  0.000, 14.825, 14.300,  0.525,  0.800,  1.000,  0.800,0.00000,  0.000,
mon_rep231013,2023-10-13T10:57:48,1160.866,  0.400,1,0,247, 25.000, 14.525,  0.000,-23.077, 13.525, 13.800,  0.000, 14.825, 14.300,  0.525,  0.800,  1.000,  0.800,0.00000,  0.000,
mon_rep231013,2023-10-13T10:57:49,1161.266,  0.400,1,0,247, 25.000, 14.525,  0.000,-23.077, 13.525, 13.800,  0.000, 14.825, 14.300,  0.525,  0.800,  1.000,  0.800,0.00000,  0.000,
mon_rep231013,2023-10-13T10:57:49,1161.666,  0.400,1,0,247, 25.000, 14.525,  0.000,-23.077, 13.525, 13.800,  0.000, 14.825, 14.300,  0.525,  0.800,  1.000,  0.800,0.00000,  0.000,
mon_rep231013,2023-10-13T10:57:50,1162.066,  0.400,1,0,247, 25.000, 14.525,  0.000,-23.077, 13.525, 13.800,  0.000, 14.825, 14.300,  0.525,  0.800,  1.000,  0.800,0.00000,  0.000,
mon_rep231013,2023-10-13T10:57:50,1162.466,  0.400,1,0,247, 25.000, 14.525,  0.000,-23.077, 13.525, 13.800,  0.000, 14.825, 14.300,  0.525,  0.800,  1.000,  0.800,0.00000,  0.000,
mon_rep231013,2023-10-13T10:57:50,1162.866,  0.400,1,0,247, 25.000, 14.525,  0.000,-23.077, 13.525, 13.800,  0.000, 14.825, 14.300,  0.525,  0.800,  1.000,  0.800,0.00000,  0.000,
mon_rep231013,2023-10-13T10:57:51,1163.266,  0.400,1,0,247, 25.000, 14.525,  0.000,-23.077, 13.525, 13.800,  0.000, 14.825, 14.300,  0.525,  0.800,  1.000,  0.800,0.00000,  0.000,
mon_rep231013,2023-10-13T10:57:51,1163.666,  0.400,1,0,247, 25.000, 14.525,  0.000,-23.077, 13.525, 13.800,  0.000, 14.825, 14.300,  0.525,  0.800,  1.000,  0.800,0.00000,  0.000,
mon_rep231013,2023-10-13T10:57:52,1164.066,  0.400,1,0,247, 25.000, 14.525,  0.000,-23.077, 13.525, 13.800,  0.000, 14.825, 14.300,  0.525,  0.800,  1.000,  0.800,0.00000,  0.000,
mon_rep231013,2023-10-13T10:57:52,1164.466,  0.400,1,0,247, 25.000, 14.525,  0.000,-23.077, 13.525, 13.800,  0.000, 14.825, 14.300,  0.525,  0.800,  1.000,  0.800,0.00000,  0.000,
mon_rep231013,2023-10-13T10:57:52,1164.866,  0.400,1,0,247, 25.000, 14.525,  0.000,-23.077, 13.525, 13.800,  0.000, 14.825, 14.300,  0.525,  0.800,  1.000,  0.800,0.00000,  0.000,
mon_rep231013,2023-10-13T10:57:53,1165.266,  0.400,1,0,247, 25.000, 14.525,  0.000,-23.077, 13.525, 13.800,  0.000, 14.825, 14.300,  0.525,  0.800,  1.000,  0.800,0.00000,  0.000,
mon_rep231013,2023-10-13T10:57:53,1165.666,  0.400,1,0,247, 25.000, 14.525,  0.000,-23.077, 13.525, 13.800,  0.000, 14.825, 14.300,  0.525,  0.800,  1.000,  0.800,0.00000,  0.000,
mon_rep231013,2023-10-13T10:57:54,1166.066,  0.400,1,0,247, 25.000, 14.525,  0.000,-23.077, 13.525, 13.800,  0.000, 14.825, 14.300,  0.525,  0.800,  1.000,  0.800,0.00000,  0.000,
mon_rep231013,2023-10-13T10:57:54,1166.466,  0.400,1,0,247, 25.000, 14.525,  0.000,-23.077, 13.525, 13.800,  0.000, 14.825, 14.300,  0.525,  0.800,  1.000,  0.800,0.00000,  0.000,
mon_rep231013,2023-10-13T10:57:54,1166.866,  0.400,1,0,247, 25.000, 14.525,  0.000,-23.077, 13.525, 13.800,  0.000, 14.825, 14.300,  0.525,  0.800,  1.000,  0.800,0.00000,  0.000,
mon_rep231013,2023-10-13T10:57:55,1167.266,  0.400,1,0,247, 25.000, 14.525,  0.000,-23.077, 13.525, 13.800,  0.000, 14.825, 14.300,  0.525,  0.800,  1.000,  0.800,0.00000,  0.000,
mon_rep231013,2023-10-13T10:57:55,1167.666,  0.400,1,0,247, 25.000, 14.525,  0.000,-23.077, 13.525, 13.800,  0.000, 14.825, 14.300,  0.525,  0.800,  1.000,  0.800,0.00000,  0.000,
mon_rep231013,2023-10-13T10:57:56,1168.066,  0.400,1,0,247, 25.000, 14.525,  0.000,-23.077, 13.525, 13.800,  0.000, 14.825, 14.300,  0.525,  0.800,  1.000,  0.800,0.00000,  0.000,
mon_rep231013,2023-10-13T10:57:56,1168.466,  0.400,1,0,247, 25.000, 14.525,  0.000,-23.077, 13.525, 13.800,  0.000, 14.825, 14.300,  0.525,  0.800,  1.000,  0.800,0.00000,  0.000,
mon_rep231013,2023-10-13T10:57:56,1168.866,  0.400,1,0,247, 25.000, 14.525,  0.000,-23.077, 13.525, 13.800,  0.000, 14.825, 14.300,  0.525,  0.800,  1.000,  0.800,0.00000,  0.000,
mon_rep231013,2023-10-13T10:57:57,1169.266,  0.400,1,0,247, 25.000, 14.525,  0.000,-23.077, 13.525, 13.800,  0.000, 14.825, 14.300,  0.525,  0.800,  1.000,  0.800,0.00000,  0.000,
mon_rep231013,2023-10-13T10:57:57,1169.666,  0.400,1,0,247, 25.000, 14.525,  0.000,-23.077, 13.525, 13.800,  0.000, 14.825, 14.300,  0.525,  0.800,  1.000,  0.800,0.00000,  0.000,
mon_rep231013,2023-10-13T10:57:58,1170.066,  0.400,1,0,247, 25.000, 14.525,  0.000,-23.077, 13.525, 13.800,  0.000, 14.825, 14.300,  0.525,  0.800,  1.000,  0.800,0.00000,  0.000,
mon_rep231013,2023-10-13T10:57:58,1170.466,  0.400,1,0,247, 25.000, 14.525,  0.000,-23.077, 13.525, 13.800,  0.000, 14.825, 14.300,  0.525,  0.800,  1.000,  0.800,0.00000,  0.000,
mon_rep231013,2023-10-13T10:57:58,1170.866,  0.400,1,0,247, 25.000, 14.525,  0.000,-23.077, 13.525, 13.800,  0.000, 14.825, 14.300,  0.525,  0.800,  1.000,  0.800,0.00000,  0.000,
mon_rep231013,2023-10-13T10:57:59,1171.266,  0.400,1,0,247, 25.000, 14.525,  0.000,-23.077, 13.525, 13.800,  0.000, 14.825, 14.300,  0.525,  0.800,  1.000,  0.800,0.00000,  0.000,
mon_rep231013,2023-10-13T10:57:59,1171.666,  0.400,1,0,247, 25.000, 14.525,  0.000,-23.077, 13.525, 13.800,  0.000, 14.825, 14.300,  0.525,  0.800,  1.000,  0.800,0.00000,  0.000,
mon_rep231013,2023-10-13T10:58:00,1172.066,  0.400,1,0,247, 25.000, 14.525,  0.000,-23.077, 13.525, 13.800,  0.000, 14.825, 14.300,  0.525,  0.800,  1.000,  0.800,0.00000,  0.000,
mon_rep231013,2023-10-13T10:58:00,1172.466,  0.400,1,0,247, 25.000, 14.525,  0.000,-23.077, 13.525, 13.800,  0.000, 14.825, 14.300,  0.525,  0.800,  1.000,  0.800,0.00000,  0.000,
mon_rep231013,2023-10-13T10:58:00,1172.866,  0.400,1,0,247, 25.000, 14.525,  0.000,-23.077, 13.525, 13.800,  0.000, 14.825, 14.300,  0.525,  0.800,  1.000,  0.800,0.00000,  0.000,
mon_rep231013,2023-10-13T10:58:01,1173.266,  0.400,1,0,247, 25.000, 14.525,  0.000,-23.077, 13.525, 13.800,  0.000, 14.825, 14.300,  0.525,  0.800,  1.000,  0.800,0.00000,  0.000,
mon_rep231013,2023-10-13T10:58:01,1173.666,  0.400,1,0,247, 25.000, 14.525,  0.000,-23.077, 13.525, 13.800,  0.000, 14.825, 14.300,  0.525,  0.800,  1.000,  0.800,0.00000,  0.000,
mon_rep231013,2023-10-13T10:58:02,1174.066,  0.400,1,0,247, 25.000, 14.525,  0.000,-23.077, 13.525, 13.800,  0.000, 14.825, 14.300,  0.525,  0.800,  1.000,  0.800,0.00000,  0.000,
mon_rep231013,2023-10-13T10:58:02,1174.466,  0.400,1,0,247, 25.000, 14.525,  0.000,-23.077, 13.525, 13.800,  0.000, 14.825, 14.300,  0.525,  0.800,  1.000,  0.800,0.00000,  0.000,
mon_rep231013,2023-10-13T10:58:02,1174.866,  0.400,1,0,247, 25.000, 14.525,  0.000,-23.077, 13.525, 13.800,  0.000, 14.825, 14.300,  0.525,  0.800,  1.000,  0.800,0.00000,  0.000,
mon_rep231013,2023-10-13T10:58:03,1175.266,  0.400,1,0,247, 25.000, 14.525,  0.000,-23.077, 13.525, 13.800,  0.000, 14.825, 14.300,  0.525,  0.800,  1.000,  0.800,0.00000,  0.000,
mon_rep231013,2023-10-13T10:58:03,1175.666,  0.400,1,0,247, 25.000, 14.525,  0.000,-23.077, 13.525, 13.800,  0.000, 14.825, 14.300,  0.525,  0.800,  1.000,  0.800,0.00000,  0.000,
mon_rep231013,2023-10-13T10:58:04,1176.066,  0.400,1,0,247, 25.000, 14.525,  0.000,-23.077, 13.525, 13.800,  0.000, 14.825, 14.300,  0.525,  0.800,  1.000,  0.800,0.00000,  0.000,
mon_rep231013,2023-10-13T10:58:04,1176.466,  0.400,1,0,247, 25.000, 14.525,  0.000,-23.077, 13.525, 13.800,  0.000, 14.825, 14.300,  0.525,  0.800,  1.000,  0.800,0.00000,  0.000,
mon_rep231013,2023-10-13T10:58:04,1176.866,  0.400,1,0,247, 25.000, 14.525,  0.000,-23.077, 13.525, 13.800,  0.000, 14.825, 14.300,  0.525,  0.800,  1.000,  0.800,0.00000,  0.000,
mon_rep231013,2023-10-13T10:58:05,1177.266,  0.400,1,0,247, 25.000, 14.525,  0.000,-23.077, 13.525, 13.800,  0.000, 14.825, 14.300,  0.525,  0.800,  1.000,  0.800,0.00000,  0.000,
mon_rep231013,2023-10-13T10:58:05,1177.666,  0.400,1,0,247, 25.000, 14.525,  0.000,-23.077, 13.525, 13.800,  0.000, 14.825, 14.300,  0.525,  0.800,  1.000,  0.800,0.00000,  0.000,
mon_rep231013,2023-10-13T10:58:06,1178.066,  0.400,1,0,247, 25.000, 14.525,  0.000,-23.077, 13.525, 13.800,  0.000, 14.825, 14.300,  0.525,  0.800,  1.000,  0.800,0.00000,  0.000,
mon_rep231013,2023-10-13T10:58:06,1178.466,  0.400,1,0,247, 25.000, 14.525,  0.000,-23.077, 13.525, 13.800,  0.000, 14.825, 14.300,  0.525,  0.800,  1.000,  0.800,0.00000,  0.000,
mon_rep231013,2023-10-13T10:58:06,1178.866,  0.400,1,0,247, 25.000, 14.525,  0.000,-23.077, 13.525, 13.800,  0.000, 14.825, 14.300,  0.525,  0.800,  1.000,  0.800,0.00000,  0.000,
mon_rep231013,2023-10-13T10:58:07,1179.266,  0.400,1,0,247, 25.000, 14.525,  0.000,-23.077, 13.525, 13.800,  0.000, 14.825, 14.300,  0.525,  0.800,  1.000,  0.800,0.00000,  0.000,
mon_rep231013,2023-10-13T10:58:07,1179.666,  0.400,1,0,247, 25.000, 14.525,  0.000,-23.077, 13.525, 13.800,  0.000, 14.825, 14.300,  0.525,  0.800,  1.000,  0.800,0.00000,  0.000,
mon_rep231013,2023-10-13T10:58:08,1180.066,  0.400,1,0,247, 25.000, 14.525,  0.000,-23.077, 13.525, 13.800,  0.000, 14.825, 14.300,  0.525,  0.800,  1.000,  0.800,0.00000,  0.000,
mon_rep231013,2023-10-13T10:58:08,1180.466,  0.400,1,0,247, 25.000, 14.525,  0.000,-23.077, 13.525, 13.800,  0.000, 14.825, 14.300,  0.525,  0.800,  1.000,  0.800,0.00000,  0.000,
mon_rep231013,2023-10-13T10:58:08,1180.866,  0.400,1,0,247, 25.000, 14.525,  0.000,-23.077, 13.525, 13.800,  0.000, 14.825, 14.300,  0.525,  0.800,  1.000,  0.800,0.00000,  0.000,
mon_rep231013,2023-10-13T10:58:09,1181.266,  0.400,1,0,247, 25.000, 14.525,  0.000,-23.077, 13.525, 13.800,  0.000, 14.825, 14.300,  0.525,  0.800,  1.000,  0.800,0.00000,  0.000,
mon_rep231013,2023-10-13T10:58:09,1181.666,  0.400,1,0,247, 25.000, 14.525,  0.000,-23.077, 13.525, 13.800,  0.000, 14.825, 14.300,  0.525,  0.800,  1.000,  0.800,0.00000,  0.000,
mon_rep231013,2023-10-13T10:58:10,1182.066,  0.400,1,0,247, 25.000, 14.525,  0.000,-23.077, 13.525, 13.800,  0.000, 14.825, 14.300,  0.525,  0.800,  1.000,  0.800,0.00000,  0.000,
mon_rep231013,2023-10-13T10:58:10,1182.466,  0.400,1,0,247, 25.000, 14.525,  0.000,-23.077, 13.525, 13.800,  0.000, 14.825, 14.300,  0.525,  0.800,  1.000,  0.800,0.00000,  0.000,
mon_rep231013,2023-10-13T10:58:10,1182.866,  0.400,1,0,247, 25.000, 14.525,  0.000,-23.077, 13.525, 13.800,  0.000, 14.825, 14.300,  0.525,  0.800,  1.000,  0.800,0.00000,  0.000,
mon_rep231013,2023-10-13T10:58:11,1183.266,  0.400,1,0,247, 25.000, 14.525,  0.000,-23.077, 13.525, 13.800,  0.000, 14.825, 14.300,  0.525,  0.800,  1.000,  0.800,0.00000,  0.000,
mon_rep231013,2023-10-13T10:58:11,1183.666,  0.400,1,0,247, 25.000, 14.525,  0.000,-23.077, 13.525, 13.800,  0.000, 14.825, 14.300,  0.525,  0.800,  1.000,  0.800,0.00000,  0.000,
mon_rep231013,2023-10-13T10:58:12,1184.066,  0.400,1,0,247, 25.000, 14.525,  0.000,-23.077, 13.525, 13.800,  0.000, 14.825, 14.300,  0.525,  0.800,  1.000,  0.800,0.00000,  0.000,
mon_rep231013,2023-10-13T10:58:12,1184.466,  0.400,1,0,247, 25.000, 14.525,  0.000,-23.077, 13.525, 13.800,  0.000, 14.825, 14.300,  0.525,  0.800,  1.000,  0.800,0.00000,  0.000,
mon_rep231013,2023-10-13T10:58:12,1184.866,  0.400,1,0,247, 25.000, 14.525,  0.000,-23.077, 13.525, 13.800,  0.000, 14.825, 14.300,  0.525,  0.800,  1.000,  0.800,0.00000,  0.000,
mon_rep231013,2023-10-13T10:58:13,1185.266,  0.400,1,0,247, 25.000, 14.525,  0.000,-23.077, 13.525, 13.800,  0.000, 14.825, 14.300,  0.525,  0.800,  1.000,  0.800,0.00000,  0.000,
mon_rep231013,2023-10-13T10:58:13,1185.666,  0.400,1,0,247, 25.000, 14.525,  0.000,-23.077, 13.525, 13.800,  0.000, 14.825, 14.300,  0.525,  0.800,  1.000,  0.800,0.00000,  0.000,
mon_rep231013,2023-10-13T10:58:14,1186.066,  0.400,1,0,247, 25.000, 14.525,  0.000,-23.077, 13.525, 13.800,  0.000, 14.825, 14.300,  0.525,  0.800,  1.000,  0.800,0.00000,  0.000,
mon_rep231013,2023-10-13T10:58:14,1186.466,  0.400,1,0,247, 25.000, 14.525,  0.000,-23.077, 13.525, 13.800,  0.000, 14.825, 14.300,  0.525,  0.800,  1.000,  0.800,0.00000,  0.000,
mon_rep231013,2023-10-13T10:58:14,1186.866,  0.400,1,0,247, 25.000, 14.525,  0.000,-23.077, 13.525, 13.800,  0.000, 14.825, 14.300,  0.525,  0.800,  1.000,  0.800,0.00000,  0.000,
mon_rep231013,2023-10-13T10:58:15,1187.266,  0.400,1,0,247, 25.000, 14.525,  0.000,-23.077, 13.525, 13.800,  0.000, 14.825, 14.300,  0.525,  0.800,  1.000,  0.800,0.00000,  0.000,
mon_rep231013,2023-10-13T10:58:15,1187.666,  0.400,1,0,247, 25.000, 14.525,  0.000,-23.077, 13.525, 13.800,  0.000, 14.825, 14.300,  0.525,  0.800,  1.000,  0.800,0.00000,  0.000,
mon_rep231013,2023-10-13T10:58:16,1188.066,  0.400,1,0,247, 25.000, 14.525,  0.000,-23.077, 13.525, 13.800,  0.000, 14.825, 14.300,  0.525,  0.800,  1.000,  0.800,0.00000,  0.000,
mon_rep231013,2023-10-13T10:58:16,1188.466,  0.400,1,0,247, 25.000, 14.525,  0.000,-23.077, 13.525, 13.800,  0.000, 14.825, 14.300,  0.525,  0.800,  1.000,  0.800,0.00000,  0.000,
mon_rep231013,2023-10-13T10:58:16,1188.866,  0.400,1,0,247, 25.000, 14.525,  0.000,-23.077, 13.525, 13.800,  0.000, 14.825, 14.300,  0.525,  0.800,  1.000,  0.800,0.00000,  0.000,
mon_rep231013,2023-10-13T10:58:17,1189.266,  0.400,1,0,247, 25.000, 14.525,  0.000,-23.077, 13.525, 13.800,  0.000, 14.825, 14.300,  0.525,  0.800,  1.000,  0.800,0.00000,  0.000,
mon_rep231013,2023-10-13T10:58:17,1189.666,  0.400,1,0,247, 25.000, 14.525,  0.000,-23.077, 13.525, 13.800,  0.000, 14.825, 14.300,  0.525,  0.800,  1.000,  0.800,0.00000,  0.000,
mon_rep231013,2023-10-13T10:58:18,1190.066,  0.400,1,0,247, 25.000, 14.525,  0.000,-23.077, 13.525, 13.800,  0.000, 14.825, 14.300,  0.525,  0.800,  1.000,  0.800,0.00000,  0.000,
mon_rep231013,2023-10-13T10:58:18,1190.466,  0.400,1,0,247, 25.000, 14.525,  0.000,-23.077, 13.525, 13.800,  0.000, 14.825, 14.300,  0.525,  0.800,  1.000,  0.800,0.00000,  0.000,
mon_rep231013,2023-10-13T10:58:18,1190.866,  0.400,1,0,247, 25.000, 14.525,  0.000,-23.077, 13.525, 13.800,  0.000, 14.825, 14.300,  0.525,  0.800,  1.000,  0.800,0.00000,  0.000,
mon_rep231013,2023-10-13T10:58:19,1191.266,  0.400,1,0,247, 25.000, 14.525,  0.000,-23.077, 13.525, 13.800,  0.000, 14.825, 14.300,  0.525,  0.800,  1.000,  0.800,0.00000,  0.000,
mon_rep231013,2023-10-13T10:58:19,1191.666,  0.400,1,0,247, 25.000, 14.525,  0.000,-23.077, 13.525, 13.800,  0.000, 14.825, 14.300,  0.525,  0.800,  1.000,  0.800,0.00000,  0.000,
mon_rep231013,2023-10-13T10:58:20,1192.066,  0.400,1,0,247, 25.000, 14.525,  0.000,-23.077, 13.525, 13.800,  0.000, 14.825, 14.300,  0.525,  0.800,  1.000,  0.800,0.00000,  0.000,
mon_rep231013,2023-10-13T10:58:20,1192.466,  0.400,1,0,247, 25.000, 14.525,  0.000,-23.077, 13.525, 13.800,  0.000, 14.825, 14.300,  0.525,  0.800,  1.000,  0.800,0.00000,  0.000,
mon_rep231013,2023-10-13T10:58:20,1192.866,  0.400,1,0,247, 25.000, 14.525,  0.000,-23.077, 13.525, 13.800,  0.000, 14.825, 14.300,  0.525,  0.800,  1.000,  0.800,0.00000,  0.000,
mon_rep231013,2023-10-13T10:58:21,1193.266,  0.400,1,0,247, 25.000, 14.525,  0.000,-23.077, 13.525, 13.800,  0.000, 14.825, 14.300,  0.525,  0.800,  1.000,  0.800,0.00000,  0.000,
mon_rep231013,2023-10-13T10:58:21,1193.666,  0.400,1,0,247, 25.000, 14.525,  0.000,-23.077, 13.525, 13.800,  0.000, 14.825, 14.300,  0.525,  0.800,  1.000,  0.800,0.00000,  0.000,
mon_rep231013,2023-10-13T10:58:22,1194.066,  0.400,1,0,247, 25.000, 14.525,  0.000,-23.077, 13.525, 13.800,  0.000, 14.825, 14.300,  0.525,  0.800,  1.000,  0.800,0.00000,  0.000,
mon_rep231013,2023-10-13T10:58:22,1194.466,  0.400,1,0,247, 25.000, 14.525,  0.000,-23.077, 13.525, 13.800,  0.000, 14.825, 14.300,  0.525,  0.800,  1.000,  0.800,0.00000,  0.000,
mon_rep231013,2023-10-13T10:58:22,1194.866,  0.400,1,0,247, 25.000, 14.525,  0.000,-23.077, 13.525, 13.800,  0.000, 14.825, 14.300,  0.525,  0.800,  1.000,  0.800,0.00000,  0.000,
mon_rep231013,2023-10-13T10:58:23,1195.266,  0.400,1,0,247, 25.000, 14.525,  0.000,-23.077, 13.525, 13.800,  0.000, 14.825, 14.300,  0.525,  0.800,  1.000,  0.800,0.00000,  0.000,
mon_rep231013,2023-10-13T10:58:23,1195.666,  0.400,1,0,247, 25.000, 14.525,  0.000,-23.077, 13.525, 13.800,  0.000, 14.825, 14.300,  0.525,  0.800,  1.000,  0.800,0.00000,  0.000,
mon_rep231013,2023-10-13T10:58:24,1196.066,  0.400,1,0,247, 25.000, 14.525,  0.000,-23.077, 13.525, 13.800,  0.000, 14.825, 14.300,  0.525,  0.800,  1.000,  0.800,0.00000,  0.000,
mon_rep231013,2023-10-13T10:58:24,1196.466,  0.400,1,0,247, 25.000, 14.525,  0.000,-23.077, 13.525, 13.800,  0.000, 14.825, 14.300,  0.525,  0.800,  1.000,  0.800,0.00000,  0.000,
mon_rep231013,2023-10-13T10:58:24,1196.866,  0.400,1,0,247, 25.000, 14.525,  0.000,-23.077, 13.525, 13.800,  0.000, 14.825, 14.300,  0.525,  0.800,  1.000,  0.800,0.00000,  0.000,
mon_rep231013,2023-10-13T10:58:25,1197.266,  0.400,1,0,247, 25.000, 14.525,  0.000,-23.077, 13.525, 13.800,  0.000, 14.825, 14.300,  0.525,  0.800,  1.000,  0.800,0.00000,  0.000,
mon_rep231013,2023-10-13T10:58:25,1197.666,  0.400,1,0,247, 25.000, 14.525,  0.000,-23.077, 13.525, 13.800,  0.000, 14.825, 14.300,  0.525,  0.800,  1.000,  0.800,0.00000,  0.000,
mon_rep231013,2023-10-13T10:58:26,1198.066,  0.400,1,0,247, 25.000, 14.525,  0.000,-23.077, 13.525, 13.800,  0.000, 14.825, 14.300,  0.525,  0.800,  1.000,  0.800,0.00000,  0.000,
mon_rep231013,2023-10-13T10:58:26,1198.466,  0.400,1,0,247, 25.000, 14.525,  0.000,-23.077, 13.525, 13.800,  0.000, 14.825, 14.300,  0.525,  0.800,  1.000,  0.800,0.00000,  0.000,
mon_rep231013,2023-10-13T10:58:26,1198.866,  0.400,1,0,247, 25.000, 14.525,  0.000,-23.077, 13.525, 13.800,  0.000, 14.825, 14.300,  0.525,  0.800,  1.000,  0.800,0.00000,  0.000,
mon_rep231013,2023-10-13T10:58:27,1199.266,  0.400,1,0,247, 25.000, 14.525,  0.000,-23.077, 13.525, 13.800,  0.000, 14.825, 14.300,  0.525,  0.800,  1.000,  0.800,0.00000,  0.000,
mon_rep231013,2023-10-13T10:58:27,1199.666,  0.400,1,0,247, 25.000, 14.525,  0.000,-23.077, 13.525, 13.800,  0.000, 14.825, 14.300,  0.525,  0.800,  1.000,  0.800,0.00000,  0.000,
mon_rep231013,2023-10-13T10:58:28,1200.066,  0.400,1,0,247, 25.000, 14.525,  0.000,-23.077, 13.525, 13.800,  0.000, 14.825, 14.300,  0.525,  0.800,  1.000,  0.800,0.00000,  0.000,
mon_rep231013,2023-10-13T10:58:28,1200.466,  0.400,1,0,247, 25.000, 14.525,  0.000,-23.077, 13.525, 13.800,  0.000, 14.825, 14.300,  0.525,  0.800,  1.000,  0.800,0.00000,  0.000,
mon_rep231013,2023-10-13T10:58:28,1200.866,  0.400,1,0,247, 25.000, 14.525,  0.000,-23.077, 13.525, 13.800,  0.000, 14.825, 14.300,  0.525,  0.800,  1.000,  0.800,0.00000,  0.000,
mon_rep231013,2023-10-13T10:58:29,1201.266,  0.400,1,0,247, 25.000, 14.525,  0.000,-23.077, 13.525, 13.800,  0.000, 14.825, 14.300,  0.525,  0.800,  1.000,  0.800,0.00000,  0.000,
mon_rep231013,2023-10-13T10:58:29,1201.666,  0.400,1,0,247, 25.000, 14.525,  0.000,-23.077, 13.525, 13.800,  0.000, 14.825, 14.300,  0.525,  0.800,  1.000,  0.800,0.00000,  0.000,
mon_rep231013,2023-10-13T10:58:30,1202.066,  0.400,1,0,247, 25.000, 14.525,  0.000,-23.077, 13.525, 13.800,  0.000, 14.825, 14.300,  0.525,  0.800,  1.000,  0.800,0.00000,  0.000,
mon_rep231013,2023-10-13T10:58:30,1202.466,  0.400,1,0,247, 25.000, 14.525,  0.000,-23.077, 13.525, 13.800,  0.000, 14.825, 14.300,  0.525,  0.800,  1.000,  0.800,0.00000,  0.000,
mon_rep231013,2023-10-13T10:58:30,1202.866,  0.400,1,0,247, 25.000, 14.525,  0.000,-23.077, 13.525, 13.800,  0.000, 14.825, 14.300,  0.525,  0.800,  1.000,  0.800,0.00000,  0.000,
mon_rep231013,2023-10-13T10:58:31,1203.266,  0.400,1,0,247, 25.000, 14.525,  0.000,-23.077, 13.525, 13.800,  0.000, 14.825, 14.300,  0.525,  0.800,  1.000,  0.800,0.00000,  0.000,
mon_rep231013,2023-10-13T10:58:31,1203.666,  0.400,1,0,247, 25.000, 14.525,  0.000,-23.077, 13.525, 13.800,  0.000, 14.825, 14.300,  0.525,  0.800,  1.000,  0.800,0.00000,  0.000,
mon_rep231013,2023-10-13T10:58:32,1204.066,  0.400,1,0,247, 25.000, 14.525,  0.000,-23.077, 13.525, 13.800,  0.000, 14.825, 14.300,  0.525,  0.800,  1.000,  0.800,0.00000,  0.000,
mon_rep231013,2023-10-13T10:58:32,1204.466,  0.400,1,0,247, 25.000, 14.525,  0.000,-23.077, 13.525, 13.800,  0.000, 14.825, 14.300,  0.525,  0.800,  1.000,  0.800,0.00000,  0.000,
mon_rep231013,2023-10-13T10:58:32,1204.866,  0.400,1,0,247, 25.000, 14.525,  0.000,-23.077, 13.525, 13.800,  0.000, 14.825, 14.300,  0.525,  0.800,  1.000,  0.800,0.00000,  0.000,
mon_rep231013,2023-10-13T10:58:33,1205.266,  0.400,1,0,247, 25.000, 14.525,  0.000,-23.077, 13.525, 13.800,  0.000, 14.825, 14.300,  0.525,  0.800,  1.000,  0.800,0.00000,  0.000,
mon_rep231013,2023-10-13T10:58:33,1205.666,  0.400,1,0,247, 25.000, 14.525,  0.000,-23.077, 13.525, 13.800,  0.000, 14.825, 14.300,  0.525,  0.800,  1.000,  0.800,0.00000,  0.000,
mon_rep231013,2023-10-13T10:58:34,1206.066,  0.400,1,0,247, 25.000, 14.525,  0.000,-23.077, 13.525, 13.800,  0.000, 14.825, 14.300,  0.525,  0.800,  1.000,  0.800,0.00000,  0.000,
mon_rep231013,2023-10-13T10:58:34,1206.466,  0.400,1,0,247, 25.000, 14.525,  0.000,-23.077, 13.525, 13.800,  0.000, 14.825, 14.300,  0.525,  0.800,  1.000,  0.800,0.00000,  0.000,
mon_rep231013,2023-10-13T10:58:34,1206.866,  0.400,1,0,247, 25.000, 14.525,  0.000,-23.077, 13.525, 13.800,  0.000, 14.825, 14.300,  0.525,  0.800,  1.000,  0.800,0.00000,  0.000,
mon_rep231013,2023-10-13T10:58:35,1207.266,  0.400,1,0,247, 25.000, 14.525,  0.000,-23.077, 13.525, 13.800,  0.000, 14.825, 14.300,  0.525,  0.800,  1.000,  0.800,0.00000,  0.000,
mon_rep231013,2023-10-13T10:58:35,1207.666,  0.400,1,0,247, 25.000, 14.525,  0.000,-23.077, 13.525, 13.800,  0.000, 14.825, 14.300,  0.525,  0.800,  1.000,  0.800,0.00000,  0.000,
mon_rep231013,2023-10-13T10:58:36,1208.066,  0.400,1,0,247, 25.000, 14.525,  0.000,-23.077, 13.525, 13.800,  0.000, 14.825, 14.300,  0.525,  0.800,  1.000,  0.800,0.00000,  0.000,
mon_rep231013,2023-10-13T10:58:36,1208.466,  0.400,1,0,247, 25.000, 14.525,  0.000,-23.077, 13.525, 13.800,  0.000, 14.825, 14.300,  0.525,  0.800,  1.000,  0.800,0.00000,  0.000,
mon_rep231013,2023-10-13T10:58:36,1208.866,  0.400,1,0,247, 25.000, 14.525,  0.000,-23.077, 13.525, 13.800,  0.000, 14.825, 14.300,  0.525,  0.800,  1.000,  0.800,0.00000,  0.000,
mon_rep231013,2023-10-13T10:58:37,1209.266,  0.400,1,0,247, 25.000, 14.525,  0.000,-23.077, 13.525, 13.800,  0.000, 14.825, 14.300,  0.525,  0.800,  1.000,  0.800,0.00000,  0.000,
mon_rep231013,2023-10-13T10:58:37,1209.666,  0.400,1,0,247, 25.000, 14.525,  0.000,-23.077, 13.525, 13.800,  0.000, 14.825, 14.300,  0.525,  0.800,  1.000,  0.800,0.00000,  0.000,
mon_rep231013,2023-10-13T10:58:38,1210.066,  0.400,1,0,247, 25.000, 14.525,  0.000,-23.077, 13.525, 13.800,  0.000, 14.825, 14.300,  0.525,  0.800,  1.000,  0.800,0.00000,  0.000,
mon_rep231013,2023-10-13T10:58:38,1210.466,  0.400,1,0,247, 25.000, 14.525,  0.000,-23.077, 13.525, 13.800,  0.000, 14.825, 14.300,  0.525,  0.800,  1.000,  0.800,0.00000,  0.000,
mon_rep231013,2023-10-13T10:58:38,1210.866,  0.400,1,0,247, 25.000, 14.525,  0.000,-23.077, 13.525, 13.800,  0.000, 14.825, 14.300,  0.525,  0.800,  1.000,  0.800,0.00000,  0.000,
mon_rep231013,2023-10-13T10:58:39,1211.266,  0.400,1,0,247, 25.000, 14.525,  0.000,-23.077, 13.525, 13.800,  0.000, 14.825, 14.300,  0.525,  0.800,  1.000,  0.800,0.00000,  0.000,
mon_rep231013,2023-10-13T10:58:39,1211.666,  0.400,1,0,247, 25.000, 14.525,  0.000,-23.077, 13.525, 13.800,  0.000, 14.825, 14.300,  0.525,  0.800,  1.000,  0.800,0.00000,  0.000,
mon_rep231013,2023-10-13T10:58:40,1212.066,  0.400,1,0,247, 25.000, 14.525,  0.000,-23.077, 13.525, 13.800,  0.000, 14.825, 14.300,  0.525,  0.800,  1.000,  0.800,0.00000,  0.000,
mon_rep231013,2023-10-13T10:58:40,1212.466,  0.400,1,0,247, 25.000, 14.525,  0.000,-23.077, 13.525, 13.800,  0.000, 14.825, 14.300,  0.525,  0.800,  1.000,  0.800,0.00000,  0.000,
mon_rep231013,2023-10-13T10:58:40,1212.866,  0.400,1,0,247, 25.000, 14.525,  0.000,-23.077, 13.525, 13.800,  0.000, 14.825, 14.300,  0.525,  0.800,  1.000,  0.800,0.00000,  0.000,
mon_rep231013,2023-10-13T10:58:41,1213.266,  0.400,1,0,247, 25.000, 14.525,  0.000,-23.077, 13.525, 13.800,  0.000, 14.825, 14.300,  0.525,  0.800,  1.000,  0.800,0.00000,  0.000,
mon_rep231013,2023-10-13T10:58:41,1213.666,  0.400,1,0,247, 25.000, 14.525,  0.000,-23.077, 13.525, 13.800,  0.000, 14.825, 14.300,  0.525,  0.800,  1.000,  0.800,0.00000,  0.000,
mon_rep231013,2023-10-13T10:58:42,1214.066,  0.400,1,0,247, 25.000, 14.525,  0.000,-23.077, 13.525, 13.800,  0.000, 14.825, 14.300,  0.525,  0.800,  1.000,  0.800,0.00000,  0.000,
mon_rep231013,2023-10-13T10:58:42,1214.466,  0.400,1,0,247, 25.000, 14.525,  0.000,-23.077, 13.525, 13.800,  0.000, 14.825, 14.300,  0.525,  0.800,  1.000,  0.800,0.00000,  0.000,
mon_rep231013,2023-10-13T10:58:42,1214.866,  0.400,1,0,247, 25.000, 14.525,  0.000,-23.077, 13.525, 13.800,  0.000, 14.825, 14.300,  0.525,  0.800,  1.000,  0.800,0.00000,  0.000,
mon_rep231013,2023-10-13T10:58:43,1215.266,  0.400,1,0,247, 25.000, 14.525,  0.000,-23.077, 13.525, 13.800,  0.000, 14.825, 14.300,  0.525,  0.800,  1.000,  0.800,0.00000,  0.000,
mon_rep231013,2023-10-13T10:58:43,1215.666,  0.400,1,0,247, 25.000, 14.525,  0.000,-23.077, 13.525, 13.800,  0.000, 14.825, 14.300,  0.525,  0.800,  1.000,  0.800,0.00000,  0.000,
mon_rep231013,2023-10-13T10:58:44,1216.066,  0.400,1,0,247, 25.000, 14.525,  0.000,-23.077, 13.525, 13.800,  0.000, 14.825, 14.300,  0.525,  0.800,  1.000,  0.800,0.00000,  0.000,
mon_rep231013,2023-10-13T10:58:44,1216.466,  0.400,1,0,247, 25.000, 14.525,  0.000,-23.077, 13.525, 13.800,  0.000, 14.825, 14.300,  0.525,  0.800,  1.000,  0.800,0.00000,  0.000,
mon_rep231013,2023-10-13T10:58:44,1216.866,  0.400,1,0,247, 25.000, 14.525,  0.000,-23.077, 13.525, 13.800,  0.000, 14.825, 14.300,  0.525,  0.800,  1.000,  0.800,0.00000,  0.000,
mon_rep231013,2023-10-13T10:58:45,1217.266,  0.400,1,0,247, 25.000, 14.525,  0.000,-23.077, 13.525, 13.800,  0.000, 14.825, 14.300,  0.525,  0.800,  1.000,  0.800,0.00000,  0.000,
mon_rep231013,2023-10-13T10:58:45,1217.666,  0.400,1,0,247, 25.000, 14.525,  0.000,-23.077, 13.525, 13.800,  0.000, 14.825, 14.300,  0.525,  0.800,  1.000,  0.800,0.00000,  0.000,
mon_rep231013,2023-10-13T10:58:46,1218.066,  0.400,1,0,247, 25.000, 14.525,  0.000,-23.077, 13.525, 13.800,  0.000, 14.825, 14.300,  0.525,  0.800,  1.000,  0.800,0.00000,  0.000,
mon_rep231013,2023-10-13T10:58:46,1218.466,  0.400,1,0,247, 25.000, 14.525,  0.000,-23.077, 13.525, 13.800,  0.000, 14.825, 14.300,  0.525,  0.800,  1.000,  0.800,0.00000,  0.000,
mon_rep231013,2023-10-13T10:58:46,1218.866,  0.400,1,0,247, 25.000, 14.525,  0.000,-23.077, 13.525, 13.800,  0.000, 14.825, 14.300,  0.525,  0.800,  1.000,  0.800,0.00000,  0.000,
mon_rep231013,2023-10-13T10:58:47,1219.266,  0.400,1,0,247, 25.000, 14.525,  0.000,-23.077, 13.525, 13.800,  0.000, 14.825, 14.300,  0.525,  0.800,  1.000,  0.800,0.00000,  0.000,
mon_rep231013,2023-10-13T10:58:47,1219.666,  0.400,1,0,247, 25.000, 14.525,  0.000,-23.077, 13.525, 13.800,  0.000, 14.825, 14.300,  0.525,  0.800,  1.000,  0.800,0.00000,  0.000,
mon_rep231013,2023-10-13T10:58:48,1220.066,  0.400,1,0,247, 25.000, 14.525,  0.000,-23.077, 13.525, 13.800,  0.000, 14.825, 14.300,  0.525,  0.800,  1.000,  0.800,0.00000,  0.000,
mon_rep231013,2023-10-13T10:58:48,1220.466,  0.400,1,0,247, 25.000, 14.525,  0.000,-23.077, 13.525, 13.800,  0.000, 14.825, 14.300,  0.525,  0.800,  1.000,  0.800,0.00000,  0.000,
mon_rep231013,2023-10-13T10:58:48,1220.866,  0.400,1,0,247, 25.000, 14.525,  0.000,-23.077, 13.525, 13.800,  0.000, 14.825, 14.300,  0.525,  0.800,  1.000,  0.800,0.00000,  0.000,
mon_rep231013,2023-10-13T10:58:49,1221.266,  0.400,1,0,247, 25.000, 14.525,  0.000,-23.077, 13.525, 13.800,  0.000, 14.825, 14.300,  0.525,  0.800,  1.000,  0.800,0.00000,  0.000,
mon_rep231013,2023-10-13T10:58:49,1221.666,  0.400,1,0,247, 25.000, 14.525,  0.000,-23.077, 13.525, 13.800,  0.000, 14.825, 14.300,  0.525,  0.800,  1.000,  0.800,0.00000,  0.000,
mon_rep231013,2023-10-13T10:58:50,1222.066,  0.400,1,0,247, 25.000, 14.525,  0.000,-23.077, 13.525, 13.800,  0.000, 14.825, 14.300,  0.525,  0.800,  1.000,  0.800,0.00000,  0.000,
mon_rep231013,2023-10-13T10:58:50,1222.466,  0.400,1,0,247, 25.000, 14.525,  0.000,-23.077, 13.525, 13.800,  0.000, 14.825, 14.300,  0.525,  0.800,  1.000,  0.800,0.00000,  0.000,
mon_rep231013,2023-10-13T10:58:50,1222.866,  0.400,1,0,247, 25.000, 14.525,  0.000,-23.077, 13.525, 13.800,  0.000, 14.825, 14.300,  0.525,  0.800,  1.000,  0.800,0.00000,  0.000,
mon_rep231013,2023-10-13T10:58:51,1223.266,  0.400,1,0,247, 25.000, 14.525,  0.000,-23.077, 13.525, 13.800,  0.000, 14.825, 14.300,  0.525,  0.800,  1.000,  0.800,0.00000,  0.000,
mon_rep231013,2023-10-13T10:58:51,1223.666,  0.400,1,0,247, 25.000, 14.525,  0.000,-23.077, 13.525, 13.800,  0.000, 14.825, 14.300,  0.525,  0.800,  1.000,  0.800,0.00000,  0.000,
mon_rep231013,2023-10-13T10:58:52,1224.066,  0.400,1,0,247, 25.000, 14.525,  0.000,-23.077, 13.525, 13.800,  0.000, 14.825, 14.300,  0.525,  0.800,  1.000,  0.800,0.00000,  0.000,
mon_rep231013,2023-10-13T10:58:52,1224.466,  0.400,1,0,247, 25.000, 14.525,  0.000,-23.077, 13.525, 13.800,  0.000, 14.825, 14.300,  0.525,  0.800,  1.000,  0.800,0.00000,  0.000,
mon_rep231013,2023-10-13T10:58:52,1224.866,  0.400,1,0,247, 25.000, 14.525,  0.000,-23.077, 13.525, 13.800,  0.000, 14.825, 14.300,  0.525,  0.800,  1.000,  0.800,0.00000,  0.000,
mon_rep231013,2023-10-13T10:58:53,1225.266,  0.400,1,0,247, 25.000, 14.525,  0.000,-23.077, 13.525, 13.800,  0.000, 14.825, 14.300,  0.525,  0.800,  1.000,  0.800,0.00000,  0.000,
mon_rep231013,2023-10-13T10:58:53,1225.666,  0.400,1,0,247, 25.000, 14.525,  0.000,-23.077, 13.525, 13.800,  0.000, 14.825, 14.300,  0.525,  0.800,  1.000,  0.800,0.00000,  0.000,
mon_rep231013,2023-10-13T10:58:54,1226.066,  0.400,1,0,247, 25.000, 14.525,  0.000,-23.077, 13.525, 13.800,  0.000, 14.825, 14.300,  0.525,  0.800,  1.000,  0.800,0.00000,  0.000,
mon_rep231013,2023-10-13T10:58:54,1226.466,  0.400,1,0,247, 25.000, 14.525,  0.000,-23.077, 13.525, 13.800,  0.000, 14.825, 14.300,  0.525,  0.800,  1.000,  0.800,0.00000,  0.000,
mon_rep231013,2023-10-13T10:58:54,1226.866,  0.400,1,0,247, 25.000, 14.525,  0.000,-23.077, 13.525, 13.800,  0.000, 14.825, 14.300,  0.525,  0.800,  1.000,  0.800,0.00000,  0.000,
mon_rep231013,2023-10-13T10:58:55,1227.266,  0.400,1,0,247, 25.000, 14.525,  0.000,-23.077, 13.525, 13.800,  0.000, 14.825, 14.300,  0.525,  0.800,  1.000,  0.800,0.00000,  0.000,
mon_rep231013,2023-10-13T10:58:55,1227.666,  0.400,1,0,247, 25.000, 14.525,  0.000,-23.077, 13.525, 13.800,  0.000, 14.825, 14.300,  0.525,  0.800,  1.000,  0.800,0.00000,  0.000,
mon_rep231013,2023-10-13T10:58:56,1228.066,  0.400,1,0,247, 25.000, 14.525,  0.000,-23.077, 13.525, 13.800,  0.000, 14.825, 14.300,  0.525,  0.800,  1.000,  0.800,0.00000,  0.000,
mon_rep231013,2023-10-13T10:58:56,1228.466,  0.400,1,0,247, 25.000, 14.525,  0.000,-23.077, 13.525, 13.800,  0.000, 14.825, 14.300,  0.525,  0.800,  1.000,  0.800,0.00000,  0.000,
mon_rep231013,2023-10-13T10:58:56,1228.866,  0.400,1,0,247, 25.000, 14.525,  0.000,-23.077, 13.525, 13.800,  0.000, 14.825, 14.300,  0.525,  0.800,  1.000,  0.800,0.00000,  0.000,
mon_rep231013,2023-10-13T10:58:57,1229.266,  0.400,1,0,247, 25.000, 14.525,  0.000,-23.077, 13.525, 13.800,  0.000, 14.825, 14.300,  0.525,  0.800,  1.000,  0.800,0.00000,  0.000,
mon_rep231013,2023-10-13T10:58:57,1229.666,  0.400,1,0,247, 25.000, 14.525,  0.000,-23.077, 13.525, 13.800,  0.000, 14.825, 14.300,  0.525,  0.800,  1.000,  0.800,0.00000,  0.000,
mon_rep231013,2023-10-13T10:58:58,1230.066,  0.400,1,0,247, 25.000, 14.525,  0.000,-23.077, 13.525, 13.800,  0.000, 14.825, 14.300,  0.525,  0.800,  1.000,  0.800,0.00000,  0.000,
mon_rep231013,2023-10-13T10:58:58,1230.466,  0.400,1,0,247, 25.000, 14.525,  0.000,-23.077, 13.525, 13.800,  0.000, 14.825, 14.300,  0.525,  0.800,  1.000,  0.800,0.00000,  0.000,
mon_rep231013,2023-10-13T10:58:58,1230.866,  0.400,1,0,247, 25.000, 14.525,  0.000,-23.077, 13.525, 13.800,  0.000, 14.825, 14.300,  0.525,  0.800,  1.000,  0.800,0.00000,  0.000,
mon_rep231013,2023-10-13T10:58:59,1231.266,  0.400,1,0,247, 25.000, 14.525,  0.000,-23.077, 13.525, 13.800,  0.000, 14.825, 14.300,  0.525,  0.800,  1.000,  0.800,0.00000,  0.000,
mon_rep231013,2023-10-13T10:58:59,1231.666,  0.400,1,0,247, 25.000, 14.525,  0.000,-23.077, 13.525, 13.800,  0.000, 14.825, 14.300,  0.525,  0.800,  1.000,  0.800,0.00000,  0.000,
mon_rep231013,2023-10-13T10:59:00,1232.066,  0.400,1,0,247, 25.000, 14.525,  0.000,-23.077, 13.525, 13.800,  0.000, 14.825, 14.300,  0.525,  0.800,  1.000,  0.800,0.00000,  0.000,
mon_rep231013,2023-10-13T10:59:00,1232.466,  0.400,1,0,247, 25.000, 14.525,  0.000,-23.077, 13.525, 13.800,  0.000, 14.825, 14.300,  0.525,  0.800,  1.000,  0.800,0.00000,  0.000,
mon_rep231013,2023-10-13T10:59:00,1232.866,  0.400,1,0,247, 25.000, 14.525,  0.000,-23.077, 13.525, 13.800,  0.000, 14.825, 14.300,  0.525,  0.800,  1.000,  0.800,0.00000,  0.000,
mon_rep231013,2023-10-13T10:59:01,1233.266,  0.400,1,0,247, 25.000, 14.525,  0.000,-23.077, 13.525, 13.800,  0.000, 14.825, 14.300,  0.525,  0.800,  1.000,  0.800,0.00000,  0.000,
mon_rep231013,2023-10-13T10:59:01,1233.666,  0.400,1,0,247, 25.000, 14.525,  0.000,-23.077, 13.525, 13.800,  0.000, 14.825, 14.300,  0.525,  0.800,  1.000,  0.800,0.00000,  0.000,
mon_rep231013,2023-10-13T10:59:02,1234.066,  0.400,1,0,247, 25.000, 14.525,  0.000,-23.077, 13.525, 13.800,  0.000, 14.825, 14.300,  0.525,  0.800,  1.000,  0.800,0.00000,  0.000,
mon_rep231013,2023-10-13T10:59:02,1234.466,  0.400,1,0,247, 25.000, 14.525,  0.000,-23.077, 13.525, 13.800,  0.000, 14.825, 14.300,  0.525,  0.800,  1.000,  0.800,0.00000,  0.000,
mon_rep231013,2023-10-13T10:59:02,1234.866,  0.400,1,0,247, 25.000, 14.525,  0.000,-23.077, 13.525, 13.800,  0.000, 14.825, 14.300,  0.525,  0.800,  1.000,  0.800,0.00000,  0.000,
mon_rep231013,2023-10-13T10:59:03,1235.266,  0.400,1,0,247, 25.000, 14.525,  0.000,-23.077, 13.525, 13.800,  0.000, 14.825, 14.300,  0.525,  0.800,  1.000,  0.800,0.00000,  0.000,
mon_rep231013,2023-10-13T10:59:03,1235.666,  0.400,1,0,247, 25.000, 14.525,  0.000,-23.077, 13.525, 13.800,  0.000, 14.825, 14.300,  0.525,  0.800,  1.000,  0.800,0.00000,  0.000,
mon_rep231013,2023-10-13T10:59:04,1236.066,  0.400,1,0,247, 25.000, 14.525,  0.000,-23.077, 13.525, 13.800,  0.000, 14.825, 14.300,  0.525,  0.800,  1.000,  0.800,0.00000,  0.000,
mon_rep231013,2023-10-13T10:59:04,1236.466,  0.400,1,0,247, 25.000, 14.525,  0.000,-23.077, 13.525, 13.800,  0.000, 14.825, 14.300,  0.525,  0.800,  1.000,  0.800,0.00000,  0.000,
mon_rep231013,2023-10-13T10:59:04,1236.866,  0.400,1,0,247, 25.000, 14.525,  0.000,-23.077, 13.525, 13.800,  0.000, 14.825, 14.300,  0.525,  0.800,  1.000,  0.800,0.00000,  0.000,
mon_rep231013,2023-10-13T10:59:05,1237.266,  0.400,1,0,247, 25.000, 14.525,  0.000,-23.077, 13.525, 13.800,  0.000, 14.825, 14.300,  0.525,  0.800,  1.000,  0.800,0.00000,  0.000,
mon_rep231013,2023-10-13T10:59:05,1237.666,  0.400,1,0,247, 25.000, 14.525,  0.000,-23.077, 13.525, 13.800,  0.000, 14.825, 14.300,  0.525,  0.800,  1.000,  0.800,0.00000,  0.000,
mon_rep231013,2023-10-13T10:59:06,1238.066,  0.400,1,0,247, 25.000, 14.525,  0.000,-23.077, 13.525, 13.800,  0.000, 14.825, 14.300,  0.525,  0.800,  1.000,  0.800,0.00000,  0.000,
mon_rep231013,2023-10-13T10:59:06,1238.466,  0.400,1,0,247, 25.000, 14.525,  0.000,-23.077, 13.525, 13.800,  0.000, 14.825, 14.300,  0.525,  0.800,  1.000,  0.800,0.00000,  0.000,
mon_rep231013,2023-10-13T10:59:06,1238.866,  0.400,1,0,247, 25.000, 14.525,  0.000,-23.077, 13.525, 13.800,  0.000, 14.825, 14.300,  0.525,  0.800,  1.000,  0.800,0.00000,  0.000,
mon_rep231013,2023-10-13T10:59:07,1239.266,  0.400,1,0,247, 25.000, 14.525,  0.000,-23.077, 13.525, 13.800,  0.000, 14.825, 14.300,  0.525,  0.800,  1.000,  0.800,0.00000,  0.000,
mon_rep231013,2023-10-13T10:59:07,1239.666,  0.400,1,0,247, 25.000, 14.525,  0.000,-23.077, 13.525, 13.800,  0.000, 14.825, 14.300,  0.525,  0.800,  1.000,  0.800,0.00000,  0.000,
mon_rep231013,2023-10-13T10:59:08,1240.066,  0.400,1,0,247, 25.000, 14.525,  0.000,-23.077, 13.525, 13.800,  0.000, 14.825, 14.300,  0.525,  0.800,  1.000,  0.800,0.00000,  0.000,
mon_rep231013,2023-10-13T10:59:08,1240.466,  0.400,1,0,247, 25.000, 14.525,  0.000,-23.077, 13.525, 13.800,  0.000, 14.825, 14.300,  0.525,  0.800,  1.000,  0.800,0.00000,  0.000,
mon_rep231013,2023-10-13T10:59:08,1240.866,  0.400,1,0,247, 25.000, 14.525,  0.000,-23.077, 13.525, 13.800,  0.000, 14.825, 14.300,  0.525,  0.800,  1.000,  0.800,0.00000,  0.000,
mon_rep231013,2023-10-13T10:59:09,1241.266,  0.400,1,0,247, 25.000, 14.525,  0.000,-23.077, 13.525, 13.800,  0.000, 14.825, 14.300,  0.525,  0.800,  1.000,  0.800,0.00000,  0.000,
mon_rep231013,2023-10-13T10:59:09,1241.666,  0.400,1,0,247, 25.000, 14.525,  0.000,-23.077, 13.525, 13.800,  0.000, 14.825, 14.300,  0.525,  0.800,  1.000,  0.800,0.00000,  0.000,
mon_rep231013,2023-10-13T10:59:10,1242.066,  0.400,1,0,247, 25.000, 14.525,  0.000,-23.077, 13.525, 13.800,  0.000, 14.825, 14.300,  0.525,  0.800,  1.000,  0.800,0.00000,  0.000,
mon_rep231013,2023-10-13T10:59:10,1242.466,  0.400,1,0,247, 25.000, 14.525,  0.000,-23.077, 13.525, 13.800,  0.000, 14.825, 14.300,  0.525,  0.800,  1.000,  0.800,0.00000,  0.000,
mon_rep231013,2023-10-13T10:59:10,1242.866,  0.400,1,0,247, 25.000, 14.525,  0.000,-23.077, 13.525, 13.800,  0.000, 14.825, 14.300,  0.525,  0.800,  1.000,  0.800,0.00000,  0.000,
mon_rep231013,2023-10-13T10:59:11,1243.266,  0.400,1,0,247, 25.000, 14.525,  0.000,-23.077, 13.525, 13.800,  0.000, 14.825, 14.300,  0.525,  0.800,  1.000,  0.800,0.00000,  0.000,
mon_rep231013,2023-10-13T10:59:11,1243.666,  0.400,1,0,247, 25.000, 14.525,  0.000,-23.077, 13.525, 13.800,  0.000, 14.825, 14.300,  0.525,  0.800,  1.000,  0.800,0.00000,  0.000,
mon_rep231013,2023-10-13T10:59:12,1244.066,  0.400,1,0,247, 25.000, 14.525,  0.000,-23.077, 13.525, 13.800,  0.000, 14.825, 14.300,  0.525,  0.800,  1.000,  0.800,0.00000,  0.000,
mon_rep231013,2023-10-13T10:59:12,1244.466,  0.400,1,0,247, 25.000, 14.525,  0.000,-23.077, 13.525, 13.800,  0.000, 14.825, 14.300,  0.525,  0.800,  1.000,  0.800,0.00000,  0.000,
mon_rep231013,2023-10-13T10:59:12,1244.866,  0.400,1,0,247, 25.000, 14.525,  0.000,-23.077, 13.525, 13.800,  0.000, 14.825, 14.300,  0.525,  0.800,  1.000,  0.800,0.00000,  0.000,
mon_rep231013,2023-10-13T10:59:13,1245.266,  0.400,1,0,247, 25.000, 14.525,  0.000,-23.077, 13.525, 13.800,  0.000, 14.825, 14.300,  0.525,  0.800,  1.000,  0.800,0.00000,  0.000,
mon_rep231013,2023-10-13T10:59:13,1245.666,  0.400,1,0,247, 25.000, 14.525,  0.000,-23.077, 13.525, 13.800,  0.000, 14.825, 14.300,  0.525,  0.800,  1.000,  0.800,0.00000,  0.000,
mon_rep231013,2023-10-13T10:59:14,1246.066,  0.400,1,0,247, 25.000, 14.525,  0.000,-23.077, 13.525, 13.800,  0.000, 14.825, 14.300,  0.525,  0.800,  1.000,  0.800,0.00000,  0.000,
mon_rep231013,2023-10-13T10:59:14,1246.466,  0.400,1,0,247, 25.000, 14.525,  0.000,-23.077, 13.525, 13.800,  0.000, 14.825, 14.300,  0.525,  0.800,  1.000,  0.800,0.00000,  0.000,
mon_rep231013,2023-10-13T10:59:14,1246.866,  0.400,1,0,247, 25.000, 14.525,  0.000,-23.077, 13.525, 13.800,  0.000, 14.825, 14.300,  0.525,  0.800,  1.000,  0.800,0.00000,  0.000,
mon_rep231013,2023-10-13T10:59:15,1247.266,  0.400,1,0,247, 25.000, 14.525,  0.000,-23.077, 13.525, 13.800,  0.000, 14.825, 14.300,  0.525,  0.800,  1.000,  0.800,0.00000,  0.000,
mon_rep231013,2023-10-13T10:59:15,1247.666,  0.400,1,0,247, 25.000, 14.525,  0.000,-23.077, 13.525, 13.800,  0.000, 14.825, 14.300,  0.525,  0.800,  1.000,  0.800,0.00000,  0.000,
mon_rep231013,2023-10-13T10:59:16,1248.066,  0.400,1,0,247, 25.000, 14.525,  0.000,-23.077, 13.525, 13.800,  0.000, 14.825, 14.300,  0.525,  0.800,  1.000,  0.800,0.00000,  0.000,
mon_rep231013,2023-10-13T10:59:16,1248.466,  0.400,1,0,247, 25.000, 14.525,  0.000,-23.077, 13.525, 13.800,  0.000, 14.825, 14.300,  0.525,  0.800,  1.000,  0.800,0.00000,  0.000,
mon_rep231013,2023-10-13T10:59:16,1248.866,  0.400,1,0,247, 25.000, 14.525,  0.000,-23.077, 13.525, 13.800,  0.000, 14.825, 14.300,  0.525,  0.800,  1.000,  0.800,0.00000,  0.000,
mon_rep231013,2023-10-13T10:59:17,1249.266,  0.400,1,0,247, 25.000, 14.525,  0.000,-23.077, 13.525, 13.800,  0.000, 14.825, 14.300,  0.525,  0.800,  1.000,  0.800,0.00000,  0.000,
mon_rep231013,2023-10-13T10:59:17,1249.666,  0.400,1,0,247, 25.000, 14.525,  0.000,-23.077, 13.525, 13.800,  0.000, 14.825, 14.300,  0.525,  0.800,  1.000,  0.800,0.00000,  0.000,
mon_rep231013,2023-10-13T10:59:18,1250.066,  0.400,1,0,247, 25.000, 14.525,  0.000,-23.077, 13.525, 13.800,  0.000, 14.825, 14.300,  0.525,  0.800,  1.000,  0.800,0.00000,  0.000,
mon_rep231013,2023-10-13T10:59:18,1250.466,  0.400,1,0,247, 25.000, 14.525,  0.000,-23.077, 13.525, 13.800,  0.000, 14.825, 14.300,  0.525,  0.800,  1.000,  0.800,0.00000,  0.000,
mon_rep231013,2023-10-13T10:59:18,1250.866,  0.400,1,0,247, 25.000, 14.525,  0.000,-23.077, 13.525, 13.800,  0.000, 14.825, 14.300,  0.525,  0.800,  1.000,  0.800,0.00000,  0.000,
mon_rep231013,2023-10-13T10:59:19,1251.266,  0.400,1,0,247, 25.000, 14.525,  0.000,-23.077, 13.525, 13.800,  0.000, 14.825, 14.300,  0.525,  0.800,  1.000,  0.800,0.00000,  0.000,
mon_rep231013,2023-10-13T10:59:19,1251.666,  0.400,1,0,247, 25.000, 14.525,  0.000,-23.077, 13.525, 13.800,  0.000, 14.825, 14.300,  0.525,  0.800,  1.000,  0.800,0.00000,  0.000,
mon_rep231013,2023-10-13T10:59:20,1252.066,  0.400,1,0,247, 25.000, 14.525,  0.000,-23.077, 13.525, 13.800,  0.000, 14.825, 14.300,  0.525,  0.800,  1.000,  0.800,0.00000,  0.000,
mon_rep231013,2023-10-13T10:59:20,1252.466,  0.400,1,0,247, 25.000, 14.525,  0.000,-23.077, 13.525, 13.800,  0.000, 14.825, 14.300,  0.525,  0.800,  1.000,  0.800,0.00000,  0.000,
mon_rep231013,2023-10-13T10:59:20,1252.866,  0.400,1,0,247, 25.000, 14.525,  0.000,-23.077, 13.525, 13.800,  0.000, 14.825, 14.300,  0.525,  0.800,  1.000,  0.800,0.00000,  0.000,
mon_rep231013,2023-10-13T10:59:21,1253.266,  0.400,1,0,247, 25.000, 14.525,  0.000,-23.077, 13.525, 13.800,  0.000, 14.825, 14.300,  0.525,  0.800,  1.000,  0.800,0.00000,  0.000,
mon_rep231013,2023-10-13T10:59:21,1253.666,  0.400,1,0,247, 25.000, 14.525,  0.000,-23.077, 13.525, 13.800,  0.000, 14.825, 14.300,  0.525,  0.800,  1.000,  0.800,0.00000,  0.000,
mon_rep231013,2023-10-13T10:59:22,1254.066,  0.400,1,0,247, 25.000, 14.525,  0.000,-23.077, 13.525, 13.800,  0.000, 14.825, 14.300,  0.525,  0.800,  1.000,  0.800,0.00000,  0.000,
mon_rep231013,2023-10-13T10:59:22,1254.466,  0.400,1,0,247, 25.000, 14.525,  0.000,-23.077, 13.525, 13.800,  0.000, 14.825, 14.300,  0.525,  0.800,  1.000,  0.800,0.00000,  0.000,
mon_rep231013,2023-10-13T10:59:22,1254.866,  0.400,1,0,247, 25.000, 14.525,  0.000,-23.077, 13.525, 13.800,  0.000, 14.825, 14.300,  0.525,  0.800,  1.000,  0.800,0.00000,  0.000,
mon_rep231013,2023-10-13T10:59:23,1255.266,  0.400,1,0,247, 25.000, 14.525,  0.000,-23.077, 13.525, 13.800,  0.000, 14.825, 14.300,  0.525,  0.800,  1.000,  0.800,0.00000,  0.000,
mon_rep231013,2023-10-13T10:59:23,1255.666,  0.400,1,0,247, 25.000, 14.525,  0.000,-23.077, 13.525, 13.800,  0.000, 14.825, 14.300,  0.525,  0.800,  1.000,  0.800,0.00000,  0.000,
mon_rep231013,2023-10-13T10:59:24,1256.066,  0.400,1,0,247, 25.000, 14.525,  0.000,-23.077, 13.525, 13.800,  0.000, 14.825, 14.300,  0.525,  0.800,  1.000,  0.800,0.00000,  0.000,
mon_rep231013,2023-10-13T10:59:24,1256.466,  0.400,1,0,247, 25.000, 14.525,  0.000,-23.077, 13.525, 13.800,  0.000, 14.825, 14.300,  0.525,  0.800,  1.000,  0.800,0.00000,  0.000,
mon_rep231013,2023-10-13T10:59:24,1256.866,  0.400,1,0,247, 25.000, 14.525,  0.000,-23.077, 13.525, 13.800,  0.000, 14.825, 14.300,  0.525,  0.800,  1.000,  0.800,0.00000,  0.000,
mon_rep231013,2023-10-13T10:59:25,1257.266,  0.400,1,0,247, 25.000, 14.525,  0.000,-23.077, 13.525, 13.800,  0.000, 14.825, 14.300,  0.525,  0.800,  1.000,  0.800,0.00000,  0.000,
mon_rep231013,2023-10-13T10:59:25,1257.666,  0.400,1,0,247, 25.000, 14.525,  0.000,-23.077, 13.525, 13.800,  0.000, 14.825, 14.300,  0.525,  0.800,  1.000,  0.800,0.00000,  0.000,
mon_rep231013,2023-10-13T10:59:26,1258.066,  0.400,1,0,247, 25.000, 14.525,  0.000,-23.077, 13.525, 13.800,  0.000, 14.825, 14.300,  0.525,  0.800,  1.000,  0.800,0.00000,  0.000,
mon_rep231013,2023-10-13T10:59:26,1258.466,  0.400,1,0,247, 25.000, 14.525,  0.000,-23.077, 13.525, 13.800,  0.000, 14.825, 14.300,  0.525,  0.800,  1.000,  0.800,0.00000,  0.000,
mon_rep231013,2023-10-13T10:59:26,1258.866,  0.400,1,0,247, 25.000, 14.525,  0.000,-23.077, 13.525, 13.800,  0.000, 14.825, 14.300,  0.525,  0.800,  1.000,  0.800,0.00000,  0.000,
mon_rep231013,2023-10-13T10:59:27,1259.266,  0.400,1,0,247, 25.000, 14.525,  0.000,-23.077, 13.525, 13.800,  0.000, 14.825, 14.300,  0.525,  0.800,  1.000,  0.800,0.00000,  0.000,
mon_rep231013,2023-10-13T10:59:27,1259.666,  0.400,1,0,247, 25.000, 14.525,  0.000,-23.077, 13.525, 13.800,  0.000, 14.825, 14.300,  0.525,  0.800,  1.000,  0.800,0.00000,  0.000,
mon_rep231013,2023-10-13T10:59:28,1260.066,  0.400,1,0,247, 25.000, 14.525,  0.000,-23.077, 13.525, 13.800,  0.000, 14.825, 14.300,  0.525,  0.800,  1.000,  0.800,0.00000,  0.000,
mon_rep231013,2023-10-13T10:59:28,1260.466,  0.400,1,0,247, 25.000, 14.525,  0.000,-23.077, 13.525, 13.800,  0.000, 14.825, 14.300,  0.525,  0.800,  1.000,  0.800,0.00000,  0.000,
mon_rep231013,2023-10-13T10:59:28,1260.866,  0.400,1,0,247, 25.000, 14.525,  0.000,-23.077, 13.525, 13.800,  0.000, 14.825, 14.300,  0.525,  0.800,  1.000,  0.800,0.00000,  0.000,
mon_rep231013,2023-10-13T10:59:29,1261.266,  0.400,1,0,247, 25.000, 14.525,  0.000,-23.077, 13.525, 13.800,  0.000, 14.825, 14.300,  0.525,  0.800,  1.000,  0.800,0.00000,  0.000,
mon_rep231013,2023-10-13T10:59:29,1261.666,  0.400,1,0,247, 25.000, 14.525,  0.000,-23.077, 13.525, 13.800,  0.000, 14.825, 14.300,  0.525,  0.800,  1.000,  0.800,0.00000,  0.000,
mon_rep231013,2023-10-13T10:59:30,1262.066,  0.400,1,0,247, 25.000, 14.525,  0.000,-23.077, 13.525, 13.800,  0.000, 14.825, 14.300,  0.525,  0.800,  1.000,  0.800,0.00000,  0.000,
mon_rep231013,2023-10-13T10:59:30,1262.466,  0.400,1,0,247, 25.000, 14.525,  0.000,-23.077, 13.525, 13.800,  0.000, 14.825, 14.300,  0.525,  0.800,  1.000,  0.800,0.00000,  0.000,
mon_rep231013,2023-10-13T10:59:30,1262.866,  0.400,1,0,247, 25.000, 14.525,  0.000,-23.077, 13.525, 13.800,  0.000, 14.825, 14.300,  0.525,  0.800,  1.000,  0.800,0.00000,  0.000,
mon_rep231013,2023-10-13T10:59:31,1263.266,  0.400,1,0,247, 25.000, 14.525,  0.000,-23.077, 13.525, 13.800,  0.000, 14.825, 14.300,  0.525,  0.800,  1.000,  0.800,0.00000,  0.000,
mon_rep231013,2023-10-13T10:59:31,1263.666,  0.400,1,0,247, 25.000, 14.525,  0.000,-23.077, 13.525, 13.800,  0.000, 14.825, 14.300,  0.525,  0.800,  1.000,  0.800,0.00000,  0.000,
mon_rep231013,2023-10-13T10:59:32,1264.066,  0.400,1,0,247, 25.000, 14.525,  0.000,-23.077, 13.525, 13.800,  0.000, 14.825, 14.300,  0.525,  0.800,  1.000,  0.800,0.00000,  0.000,
mon_rep231013,2023-10-13T10:59:32,1264.466,  0.400,1,0,247, 25.000, 14.525,  0.000,-23.077, 13.525, 13.800,  0.000, 14.825, 14.300,  0.525,  0.800,  1.000,  0.800,0.00000,  0.000,
mon_rep231013,2023-10-13T10:59:32,1264.866,  0.400,1,0,247, 25.000, 14.525,  0.000,-23.077, 13.525, 13.800,  0.000, 14.825, 14.300,  0.525,  0.800,  1.000,  0.800,0.00000,  0.000,
mon_rep231013,2023-10-13T10:59:33,1265.266,  0.400,1,0,247, 25.000, 14.525,  0.000,-23.077, 13.525, 13.800,  0.000, 14.825, 14.300,  0.525,  0.800,  1.000,  0.800,0.00000,  0.000,
mon_rep231013,2023-10-13T10:59:33,1265.666,  0.400,1,0,247, 25.000, 14.525,  0.000,-23.077, 13.525, 13.800,  0.000, 14.825, 14.300,  0.525,  0.800,  1.000,  0.800,0.00000,  0.000,
mon_rep231013,2023-10-13T10:59:34,1266.066,  0.400,1,0,247, 25.000, 14.525,  0.000,-23.077, 13.525, 13.800,  0.000, 14.825, 14.300,  0.525,  0.800,  1.000,  0.800,0.00000,  0.000,
mon_rep231013,2023-10-13T10:59:34,1266.466,  0.400,1,0,247, 25.000, 14.525,  0.000,-23.077, 13.525, 13.800,  0.000, 14.825, 14.300,  0.525,  0.800,  1.000,  0.800,0.00000,  0.000,
mon_rep231013,2023-10-13T10:59:34,1266.866,  0.400,1,0,247, 25.000, 14.525,  0.000,-23.077, 13.525, 13.800,  0.000, 14.825, 14.300,  0.525,  0.800,  1.000,  0.800,0.00000,  0.000,
mon_rep231013,2023-10-13T10:59:35,1267.266,  0.400,1,0,247, 25.000, 14.525,  0.000,-23.077, 13.525, 13.800,  0.000, 14.825, 14.300,  0.525,  0.800,  1.000,  0.800,0.00000,  0.000,
mon_rep231013,2023-10-13T10:59:35,1267.666,  0.400,1,0,247, 25.000, 14.525,  0.000,-23.077, 13.525, 13.800,  0.000, 14.825, 14.300,  0.525,  0.800,  1.000,  0.800,0.00000,  0.000,
mon_rep231013,2023-10-13T10:59:36,1268.066,  0.400,1,0,247, 25.000, 14.525,  0.000,-23.077, 13.525, 13.800,  0.000, 14.825, 14.300,  0.525,  0.800,  1.000,  0.800,0.00000,  0.000,
mon_rep231013,2023-10-13T10:59:36,1268.466,  0.400,1,0,247, 25.000, 14.525,  0.000,-23.077, 13.525, 13.800,  0.000, 14.825, 14.300,  0.525,  0.800,  1.000,  0.800,0.00000,  0.000,
mon_rep231013,2023-10-13T10:59:36,1268.866,  0.400,1,0,247, 25.000, 14.525,  0.000,-23.077, 13.525, 13.800,  0.000, 14.825, 14.300,  0.525,  0.800,  1.000,  0.800,0.00000,  0.000,
mon_rep231013,2023-10-13T10:59:37,1269.266,  0.400,1,0,247, 25.000, 14.525,  0.000,-23.077, 13.525, 13.800,  0.000, 14.825, 14.300,  0.525,  0.800,  1.000,  0.800,0.00000,  0.000,
mon_rep231013,2023-10-13T10:59:37,1269.666,  0.400,1,0,247, 25.000, 14.525,  0.000,-23.077, 13.525, 13.800,  0.000, 14.825, 14.300,  0.525,  0.800,  1.000,  0.800,0.00000,  0.000,
mon_rep231013,2023-10-13T10:59:38,1270.066,  0.400,1,0,247, 25.000, 14.525,  0.000,-23.077, 13.525, 13.800,  0.000, 14.825, 14.300,  0.525,  0.800,  1.000,  0.800,0.00000,  0.000,
mon_rep231013,2023-10-13T10:59:38,1270.466,  0.400,1,0,247, 25.000, 14.525,  0.000,-23.077, 13.525, 13.800,  0.000, 14.825, 14.300,  0.525,  0.800,  1.000,  0.800,0.00000,  0.000,
mon_rep231013,2023-10-13T10:59:38,1270.866,  0.400,1,0,247, 25.000, 14.525,  0.000,-23.077, 13.525, 13.800,  0.000, 14.825, 14.300,  0.525,  0.800,  1.000,  0.800,0.00000,  0.000,
mon_rep231013,2023-10-13T10:59:39,1271.266,  0.400,1,0,247, 25.000, 14.525,  0.000,-23.077, 13.525, 13.800,  0.000, 14.825, 14.300,  0.525,  0.800,  1.000,  0.800,0.00000,  0.000,
mon_rep231013,2023-10-13T10:59:39,1271.666,  0.400,1,0,247, 25.000, 14.525,  0.000,-23.077, 13.525, 13.800,  0.000, 14.825, 14.300,  0.525,  0.800,  1.000,  0.800,0.00000,  0.000,
mon_rep231013,2023-10-13T10:59:40,1272.066,  0.400,1,0,247, 25.000, 14.525,  0.000,-23.077, 13.525, 13.800,  0.000, 14.825, 14.300,  0.525,  0.800,  1.000,  0.800,0.00000,  0.000,
mon_rep231013,2023-10-13T10:59:40,1272.466,  0.400,1,0,247, 25.000, 14.525,  0.000,-23.077, 13.525, 13.800,  0.000, 14.825, 14.300,  0.525,  0.800,  1.000,  0.800,0.00000,  0.000,
mon_rep231013,2023-10-13T10:59:40,1272.866,  0.400,1,0,247, 25.000, 14.525,  0.000,-23.077, 13.525, 13.800,  0.000, 14.825, 14.300,  0.525,  0.800,  1.000,  0.800,0.00000,  0.000,
mon_rep231013,2023-10-13T10:59:41,1273.266,  0.400,1,0,247, 25.000, 14.525,  0.000,-23.077, 13.525, 13.800,  0.000, 14.825, 14.300,  0.525,  0.800,  1.000,  0.800,0.00000,  0.000,
mon_rep231013,2023-10-13T10:59:41,1273.666,  0.400,1,0,247, 25.000, 14.525,  0.000,-23.077, 13.525, 13.800,  0.000, 14.825, 14.300,  0.525,  0.800,  1.000,  0.800,0.00000,  0.000,
mon_rep231013,2023-10-13T10:59:42,1274.066,  0.400,1,0,247, 25.000, 14.525,  0.000,-23.077, 13.525, 13.800,  0.000, 14.825, 14.300,  0.525,  0.800,  1.000,  0.800,0.00000,  0.000,
mon_rep231013,2023-10-13T10:59:42,1274.466,  0.400,1,0,247, 25.000, 14.525,  0.000,-23.077, 13.525, 13.800,  0.000, 14.825, 14.300,  0.525,  0.800,  1.000,  0.800,0.00000,  0.000,
mon_rep231013,2023-10-13T10:59:42,1274.866,  0.400,1,0,247, 25.000, 14.525,  0.000,-23.077, 13.525, 13.800,  0.000, 14.825, 14.300,  0.525,  0.800,  1.000,  0.800,0.00000,  0.000,
mon_rep231013,2023-10-13T10:59:43,1275.266,  0.400,1,0,247, 25.000, 14.525,  0.000,-23.077, 13.525, 13.800,  0.000, 14.825, 14.300,  0.525,  0.800,  1.000,  0.800,0.00000,  0.000,
mon_rep231013,2023-10-13T10:59:43,1275.666,  0.400,1,0,247, 25.000, 14.525,  0.000,-23.077, 13.525, 13.800,  0.000, 14.825, 14.300,  0.525,  0.800,  1.000,  0.800,0.00000,  0.000,
mon_rep231013,2023-10-13T10:59:44,1276.066,  0.400,1,0,247, 25.000, 14.525,  0.000,-23.077, 13.525, 13.800,  0.000, 14.825, 14.300,  0.525,  0.800,  1.000,  0.800,0.00000,  0.000,
mon_rep231013,2023-10-13T10:59:44,1276.466,  0.400,1,0,247, 25.000, 14.525,  0.000,-23.077, 13.525, 13.800,  0.000, 14.825, 14.300,  0.525,  0.800,  1.000,  0.800,0.00000,  0.000,
mon_rep231013,2023-10-13T10:59:44,1276.866,  0.400,1,0,247, 25.000, 14.525,  0.000,-23.077, 13.525, 13.800,  0.000, 14.825, 14.300,  0.525,  0.800,  1.000,  0.800,0.00000,  0.000,
mon_rep231013,2023-10-13T10:59:45,1277.266,  0.400,1,0,247, 25.000, 14.525,  0.000,-23.077, 13.525, 13.800,  0.000, 14.825, 14.300,  0.525,  0.800,  1.000,  0.800,0.00000,  0.000,
mon_rep231013,2023-10-13T10:59:45,1277.666,  0.400,1,0,247, 25.000, 14.525,  0.000,-23.077, 13.525, 13.800,  0.000, 14.825, 14.300,  0.525,  0.800,  1.000,  0.800,0.00000,  0.000,
mon_rep231013,2023-10-13T10:59:46,1278.066,  0.400,1,0,247, 25.000, 14.525,  0.000,-23.077, 13.525, 13.800,  0.000, 14.825, 14.300,  0.525,  0.800,  1.000,  0.800,0.00000,  0.000,
mon_rep231013,2023-10-13T10:59:46,1278.466,  0.400,1,0,247, 25.000, 14.525,  0.000,-23.077, 13.525, 13.800,  0.000, 14.825, 14.300,  0.525,  0.800,  1.000,  0.800,0.00000,  0.000,
mon_rep231013,2023-10-13T10:59:46,1278.866,  0.400,1,0,247, 25.000, 14.525,  0.000,-23.077, 13.525, 13.800,  0.000, 14.825, 14.300,  0.525,  0.800,  1.000,  0.800,0.00000,  0.000,
mon_rep231013,2023-10-13T10:59:47,1279.266,  0.400,1,0,247, 25.000, 14.525,  0.000,-23.077, 13.525, 13.800,  0.000, 14.825, 14.300,  0.525,  0.800,  1.000,  0.800,0.00000,  0.000,
mon_rep231013,2023-10-13T10:59:47,1279.666,  0.400,1,0,247, 25.000, 14.525,  0.000,-23.077, 13.525, 13.800,  0.000, 14.825, 14.300,  0.525,  0.800,  1.000,  0.800,0.00000,  0.000,
mon_rep231013,2023-10-13T10:59:48,1280.066,  0.400,1,0,247, 25.000, 14.525,  0.000,-23.077, 13.525, 13.800,  0.000, 14.825, 14.300,  0.525,  0.800,  1.000,  0.800,0.00000,  0.000,
mon_rep231013,2023-10-13T10:59:48,1280.466,  0.400,1,0,247, 25.000, 14.525,  0.000,-23.077, 13.525, 13.800,  0.000, 14.825, 14.300,  0.525,  0.800,  1.000,  0.800,0.00000,  0.000,
mon_rep231013,2023-10-13T10:59:48,1280.866,  0.400,1,0,247, 25.000, 14.525,  0.000,-23.077, 13.525, 13.800,  0.000, 14.825, 14.300,  0.525,  0.800,  1.000,  0.800,0.00000,  0.000,
mon_rep231013,2023-10-13T10:59:49,1281.266,  0.400,1,0,247, 25.000, 14.525,  0.000,-23.077, 13.525, 13.800,  0.000, 14.825, 14.300,  0.525,  0.800,  1.000,  0.800,0.00000,  0.000,
mon_rep231013,2023-10-13T10:59:49,1281.666,  0.400,1,0,247, 25.000, 14.525,  0.000,-23.077, 13.525, 13.800,  0.000, 14.825, 14.300,  0.525,  0.800,  1.000,  0.800,0.00000,  0.000,
mon_rep231013,2023-10-13T10:59:50,1282.066,  0.400,1,0,247, 25.000, 14.525,  0.000,-23.077, 13.525, 13.800,  0.000, 14.825, 14.300,  0.525,  0.800,  1.000,  0.800,0.00000,  0.000,
mon_rep231013,2023-10-13T10:59:50,1282.466,  0.400,1,0,247, 25.000, 14.525,  0.000,-23.077, 13.525, 13.800,  0.000, 14.825, 14.300,  0.525,  0.800,  1.000,  0.800,0.00000,  0.000,
mon_rep231013,2023-10-13T10:59:50,1282.866,  0.400,1,0,247, 25.000, 14.525,  0.000,-23.077, 13.525, 13.800,  0.000, 14.825, 14.300,  0.525,  0.800,  1.000,  0.800,0.00000,  0.000,
mon_rep231013,2023-10-13T10:59:51,1283.266,  0.400,1,0,247, 25.000, 14.525,  0.000,-23.077, 13.525, 13.800,  0.000, 14.825, 14.300,  0.525,  0.800,  1.000,  0.800,0.00000,  0.000,
mon_rep231013,2023-10-13T10:59:51,1283.666,  0.400,1,0,247, 25.000, 14.525,  0.000,-23.077, 13.525, 13.800,  0.000, 14.825, 14.300,  0.525,  0.800,  1.000,  0.800,0.00000,  0.000,
mon_rep231013,2023-10-13T10:59:52,1284.066,  0.400,1,0,247, 25.000, 14.525,  0.000,-23.077, 13.525, 13.800,  0.000, 14.825, 14.300,  0.525,  0.800,  1.000,  0.800,0.00000,  0.000,
mon_rep231013,2023-10-13T10:59:52,1284.466,  0.400,1,0,247, 25.000, 14.525,  0.000,-23.077, 13.525, 13.800,  0.000, 14.825, 14.300,  0.525,  0.800,  1.000,  0.800,0.00000,  0.000,
mon_rep231013,2023-10-13T10:59:52,1284.866,  0.400,1,0,247, 25.000, 14.525,  0.000,-23.077, 13.525, 13.800,  0.000, 14.825, 14.300,  0.525,  0.800,  1.000,  0.800,0.00000,  0.000,
mon_rep231013,2023-10-13T10:59:53,1285.266,  0.400,1,0,247, 25.000, 14.525,  0.000,-23.077, 13.525, 13.800,  0.000, 14.825, 14.300,  0.525,  0.800,  1.000,  0.800,0.00000,  0.000,
mon_rep231013,2023-10-13T10:59:53,1285.666,  0.400,1,0,247, 25.000, 14.525,  0.000,-23.077, 13.525, 13.800,  0.000, 14.825, 14.300,  0.525,  0.800,  1.000,  0.800,0.00000,  0.000,
mon_rep231013,2023-10-13T10:59:54,1286.066,  0.400,1,0,247, 25.000, 14.525,  0.000,-23.077, 13.525, 13.800,  0.000, 14.825, 14.300,  0.525,  0.800,  1.000,  0.800,0.00000,  0.000,
mon_rep231013,2023-10-13T10:59:54,1286.466,  0.400,1,0,247, 25.000, 14.525,  0.000,-23.077, 13.525, 13.800,  0.000, 14.825, 14.300,  0.525,  0.800,  1.000,  0.800,0.00000,  0.000,
mon_rep231013,2023-10-13T10:59:54,1286.866,  0.400,1,0,247, 25.000, 14.525,  0.000,-23.077, 13.525, 13.800,  0.000, 14.825, 14.300,  0.525,  0.800,  1.000,  0.800,0.00000,  0.000,
mon_rep231013,2023-10-13T10:59:55,1287.266,  0.400,1,0,247, 25.000, 14.525,  0.000,-23.077, 13.525, 13.800,  0.000, 14.825, 14.300,  0.525,  0.800,  1.000,  0.800,0.00000,  0.000,
mon_rep231013,2023-10-13T10:59:55,1287.666,  0.400,1,0,247, 25.000, 14.525,  0.000,-23.077, 13.525, 13.800,  0.000, 14.825, 14.300,  0.525,  0.800,  1.000,  0.800,0.00000,  0.000,
mon_rep231013,2023-10-13T10:59:56,1288.066,  0.400,1,0,247, 25.000, 14.525,  0.000,-23.077, 13.525, 13.800,  0.000, 14.825, 14.300,  0.525,  0.800,  1.000,  0.800,0.00000,  0.000,
mon_rep231013,2023-10-13T10:59:56,1288.466,  0.400,1,0,247, 25.000, 14.525,  0.000,-23.077, 13.525, 13.800,  0.000, 14.825, 14.300,  0.525,  0.800,  1.000,  0.800,0.00000,  0.000,
mon_rep231013,2023-10-13T10:59:56,1288.866,  0.400,1,0,247, 25.000, 14.525,  0.000,-23.077, 13.525, 13.800,  0.000, 14.825, 14.300,  0.525,  0.800,  1.000,  0.800,0.00000,  0.000,
mon_rep231013,2023-10-13T10:59:57,1289.266,  0.400,1,0,247, 25.000, 14.525,  0.000,-23.077, 13.525, 13.800,  0.000, 14.825, 14.300,  0.525,  0.800,  1.000,  0.800,0.00000,  0.000,
mon_rep231013,2023-10-13T10:59:57,1289.666,  0.400,1,0,247, 25.000, 14.525,  0.000,-23.077, 13.525, 13.800,  0.000, 14.825, 14.300,  0.525,  0.800,  1.000,  0.800,0.00000,  0.000,
mon_rep231013,2023-10-13T10:59:58,1290.066,  0.400,1,0,247, 25.000, 14.525,  0.000,-23.077, 13.525, 13.800,  0.000, 14.825, 14.300,  0.525,  0.800,  1.000,  0.800,0.00000,  0.000,
mon_rep231013,2023-10-13T10:59:58,1290.466,  0.400,1,0,247, 25.000, 14.525,  0.000,-23.077, 13.525, 13.800,  0.000, 14.825, 14.300,  0.525,  0.800,  1.000,  0.800,0.00000,  0.000,
mon_rep231013,2023-10-13T10:59:58,1290.866,  0.400,1,0,247, 25.000, 14.525,  0.000,-23.077, 13.525, 13.800,  0.000, 14.825, 14.300,  0.525,  0.800,  1.000,  0.800,0.00000,  0.000,
mon_rep231013,2023-10-13T10:59:59,1291.266,  0.400,1,0,247, 25.000, 14.525,  0.000,-23.077, 13.525, 13.800,  0.000, 14.825, 14.300,  0.525,  0.800,  1.000,  0.800,0.00000,  0.000,
mon_rep231013,2023-10-13T10:59:59,1291.666,  0.400,1,0,247, 25.000, 14.525,  0.000,-23.077, 13.525, 13.800,  0.000, 14.825, 14.300,  0.525,  0.800,  1.000,  0.800,0.00000,  0.000,
mon_rep231013,2023-10-13T11:00:00,1292.066,  0.400,1,0,247, 25.000, 14.525,  0.000,-23.077, 13.525, 13.800,  0.000, 14.825, 14.300,  0.525,  0.800,  1.000,  0.800,0.00000,  0.000,
mon_rep231013,2023-10-13T11:00:00,1292.466,  0.400,1,0,247, 25.000, 14.525,  0.000,-23.077, 13.525, 13.800,  0.000, 14.825, 14.300,  0.525,  0.800,  1.000,  0.800,0.00000,  0.000,
mon_rep231013,2023-10-13T11:00:00,1292.866,  0.400,1,0,247, 25.000, 14.525,  0.000,-23.077, 13.525, 13.800,  0.000, 14.825, 14.300,  0.525,  0.800,  1.000,  0.800,0.00000,  0.000,
mon_rep231013,2023-10-13T11:00:01,1293.266,  0.400,1,0,247, 25.000, 14.525,  0.000,-23.077, 13.525, 13.800,  0.000, 14.825, 14.300,  0.525,  0.800,  1.000,  0.800,0.00000,  0.000,
mon_rep231013,2023-10-13T11:00:01,1293.666,  0.400,1,0,247, 25.000, 14.525,  0.000,-23.077, 13.525, 13.800,  0.000, 14.825, 14.300,  0.525,  0.800,  1.000,  0.800,0.00000,  0.000,
mon_rep231013,2023-10-13T11:00:02,1294.066,  0.400,1,0,247, 25.000, 14.525,  0.000,-23.077, 13.525, 13.800,  0.000, 14.825, 14.300,  0.525,  0.800,  1.000,  0.800,0.00000,  0.000,
mon_rep231013,2023-10-13T11:00:02,1294.466,  0.400,1,0,247, 25.000, 14.525,  0.000,-23.077, 13.525, 13.800,  0.000, 14.825, 14.300,  0.525,  0.800,  1.000,  0.800,0.00000,  0.000,
mon_rep231013,2023-10-13T11:00:02,1294.866,  0.400,1,0,247, 25.000, 14.525,  0.000,-23.077, 13.525, 13.800,  0.000, 14.825, 14.300,  0.525,  0.800,  1.000,  0.800,0.00000,  0.000,
mon_rep231013,2023-10-13T11:00:03,1295.266,  0.400,1,0,247, 25.000, 14.525,  0.000,-23.077, 13.525, 13.800,  0.000, 14.825, 14.300,  0.525,  0.800,  1.000,  0.800,0.00000,  0.000,
mon_rep231013,2023-10-13T11:00:03,1295.666,  0.400,1,0,247, 25.000, 14.525,  0.000,-23.077, 13.525, 13.800,  0.000, 14.825, 14.300,  0.525,  0.800,  1.000,  0.800,0.00000,  0.000,
mon_rep231013,2023-10-13T11:00:04,1296.066,  0.400,1,0,247, 25.000, 14.525,  0.000,-23.077, 13.525, 13.800,  0.000, 14.825, 14.300,  0.525,  0.800,  1.000,  0.800,0.00000,  0.000,
mon_rep231013,2023-10-13T11:00:04,1296.466,  0.400,1,0,247, 25.000, 14.525,  0.000,-23.077, 13.525, 13.800,  0.000, 14.825, 14.300,  0.525,  0.800,  1.000,  0.800,0.00000,  0.000,
mon_rep231013,2023-10-13T11:00:04,1296.866,  0.400,1,0,247, 25.000, 14.525,  0.000,-23.077, 13.525, 13.800,  0.000, 14.825, 14.300,  0.525,  0.800,  1.000,  0.800,0.00000,  0.000,
mon_rep231013,2023-10-13T11:00:05,1297.266,  0.400,1,0,247, 25.000, 14.525,  0.000,-23.077, 13.525, 13.800,  0.000, 14.825, 14.300,  0.525,  0.800,  1.000,  0.800,0.00000,  0.000,
mon_rep231013,2023-10-13T11:00:05,1297.666,  0.400,1,0,247, 25.000, 14.525,  0.000,-23.077, 13.525, 13.800,  0.000, 14.825, 14.300,  0.525,  0.800,  1.000,  0.800,0.00000,  0.000,
mon_rep231013,2023-10-13T11:00:06,1298.066,  0.400,1,0,247, 25.000, 14.525,  0.000,-23.077, 13.525, 13.800,  0.000, 14.825, 14.300,  0.525,  0.800,  1.000,  0.800,0.00000,  0.000,
mon_rep231013,2023-10-13T11:00:06,1298.466,  0.400,1,0,247, 25.000, 14.525,  0.000,-23.077, 13.525, 13.800,  0.000, 14.825, 14.300,  0.525,  0.800,  1.000,  0.800,0.00000,  0.000,
mon_rep231013,2023-10-13T11:00:06,1298.866,  0.400,1,0,247, 25.000, 14.525,  0.000,-23.077, 13.525, 13.800,  0.000, 14.825, 14.300,  0.525,  0.800,  1.000,  0.800,0.00000,  0.000,
mon_rep231013,2023-10-13T11:00:07,1299.266,  0.400,1,0,247, 25.000, 14.525,  0.000,-23.077, 13.525, 13.800,  0.000, 14.825, 14.300,  0.525,  0.800,  1.000,  0.800,0.00000,  0.000,
mon_rep231013,2023-10-13T11:00:07,1299.666,  0.400,1,0,247, 25.000, 14.525,  0.000,-23.077, 13.525, 13.800,  0.000, 14.825, 14.300,  0.525,  0.800,  1.000,  0.800,0.00000,  0.000,
mon_rep231013,2023-10-13T11:00:08,1300.066,  0.400,1,0,247, 25.000, 14.525,  0.000,-23.077, 13.525, 13.800,  0.000, 14.825, 14.300,  0.525,  0.800,  1.000,  0.800,0.00000,  0.000,
mon_rep231013,2023-10-13T11:00:08,1300.466,  0.400,1,0,247, 25.000, 14.525,  0.000,-23.077, 13.525, 13.800,  0.000, 14.825, 14.300,  0.525,  0.800,  1.000,  0.800,0.00000,  0.000,
mon_rep231013,2023-10-13T11:00:08,1300.866,  0.400,1,0,247, 25.000, 14.525,  0.000,-23.077, 13.525, 13.800,  0.000, 14.825, 14.300,  0.525,  0.800,  1.000,  0.800,0.00000,  0.000,
mon_rep231013,2023-10-13T11:00:09,1301.266,  0.400,1,0,247, 25.000, 14.525,  0.000,-23.077, 13.525, 13.800,  0.000, 14.825, 14.300,  0.525,  0.800,  1.000,  0.800,0.00000,  0.000,
mon_rep231013,2023-10-13T11:00:09,1301.666,  0.400,1,0,247, 25.000, 14.525,  0.000,-23.077, 13.525, 13.800,  0.000, 14.825, 14.300,  0.525,  0.800,  1.000,  0.800,0.00000,  0.000,
mon_rep231013,2023-10-13T11:00:10,1302.066,  0.400,1,0,247, 25.000, 14.525,  0.000,-23.077, 13.525, 13.800,  0.000, 14.825, 14.300,  0.525,  0.800,  1.000,  0.800,0.00000,  0.000,
mon_rep231013,2023-10-13T11:00:10,1302.466,  0.400,1,0,247, 25.000, 14.525,  0.000,-23.077, 13.525, 13.800,  0.000, 14.825, 14.300,  0.525,  0.800,  1.000,  0.800,0.00000,  0.000,
mon_rep231013,2023-10-13T11:00:10,1302.866,  0.400,1,0,247, 25.000, 14.525,  0.000,-23.077, 13.525, 13.800,  0.000, 14.825, 14.300,  0.525,  0.800,  1.000,  0.800,0.00000,  0.000,
mon_rep231013,2023-10-13T11:00:11,1303.266,  0.400,1,0,247, 25.000, 14.525,  0.000,-23.077, 13.525, 13.800,  0.000, 14.825, 14.300,  0.525,  0.800,  1.000,  0.800,0.00000,  0.000,
mon_rep231013,2023-10-13T11:00:11,1303.666,  0.400,1,0,247, 25.000, 14.525,  0.000,-23.077, 13.525, 13.800,  0.000, 14.825, 14.300,  0.525,  0.800,  1.000,  0.800,0.00000,  0.000,
mon_rep231013,2023-10-13T11:00:12,1304.066,  0.400,1,0,247, 25.000, 14.525,  0.000,-23.077, 13.525, 13.800,  0.000, 14.825, 14.300,  0.525,  0.800,  1.000,  0.800,0.00000,  0.000,
mon_rep231013,2023-10-13T11:00:12,1304.466,  0.400,1,0,247, 25.000, 14.525,  0.000,-23.077, 13.525, 13.800,  0.000, 14.825, 14.300,  0.525,  0.800,  1.000,  0.800,0.00000,  0.000,
mon_rep231013,2023-10-13T11:00:12,1304.866,  0.400,1,0,247, 25.000, 14.525,  0.000,-23.077, 13.525, 13.800,  0.000, 14.825, 14.300,  0.525,  0.800,  1.000,  0.800,0.00000,  0.000,
mon_rep231013,2023-10-13T11:00:13,1305.266,  0.400,1,0,247, 25.000, 14.525,  0.000,-23.077, 13.525, 13.800,  0.000, 14.825, 14.300,  0.525,  0.800,  1.000,  0.800,0.00000,  0.000,
mon_rep231013,2023-10-13T11:00:13,1305.666,  0.400,1,0,247, 25.000, 14.525,  0.000,-23.077, 13.525, 13.800,  0.000, 14.825, 14.300,  0.525,  0.800,  1.000,  0.800,0.00000,  0.000,
mon_rep231013,2023-10-13T11:00:14,1306.066,  0.400,1,0,247, 25.000, 14.525,  0.000,-23.077, 13.525, 13.800,  0.000, 14.825, 14.300,  0.525,  0.800,  1.000,  0.800,0.00000,  0.000,
mon_rep231013,2023-10-13T11:00:14,1306.466,  0.400,1,0,247, 25.000, 14.525,  0.000,-23.077, 13.525, 13.800,  0.000, 14.825, 14.300,  0.525,  0.800,  1.000,  0.800,0.00000,  0.000,
mon_rep231013,2023-10-13T11:00:14,1306.866,  0.400,1,0,247, 25.000, 14.525,  0.000,-23.077, 13.525, 13.800,  0.000, 14.825, 14.300,  0.525,  0.800,  1.000,  0.800,0.00000,  0.000,
mon_rep231013,2023-10-13T11:00:15,1307.266,  0.400,1,0,247, 25.000, 14.525,  0.000,-23.077, 13.525, 13.800,  0.000, 14.825, 14.300,  0.525,  0.800,  1.000,  0.800,0.00000,  0.000,
mon_rep231013,2023-10-13T11:00:15,1307.666,  0.400,1,0,247, 25.000, 14.525,  0.000,-23.077, 13.525, 13.800,  0.000, 14.825, 14.300,  0.525,  0.800,  1.000,  0.800,0.00000,  0.000,
mon_rep231013,2023-10-13T11:00:16,1308.066,  0.400,1,0,247, 25.000, 14.525,  0.000,-23.077, 13.525, 13.800,  0.000, 14.825, 14.300,  0.525,  0.800,  1.000,  0.800,0.00000,  0.000,
mon_rep231013,2023-10-13T11:00:16,1308.466,  0.400,1,0,247, 25.000, 14.525,  0.000,-23.077, 13.525, 13.800,  0.000, 14.825, 14.300,  0.525,  0.800,  1.000,  0.800,0.00000,  0.000,
mon_rep231013,2023-10-13T11:00:16,1308.866,  0.400,1,0,247, 25.000, 14.525,  0.000,-23.077, 13.525, 13.800,  0.000, 14.825, 14.300,  0.525,  0.800,  1.000,  0.800,0.00000,  0.000,
mon_rep231013,2023-10-13T11:00:17,1309.266,  0.400,1,0,247, 25.000, 14.525,  0.000,-23.077, 13.525, 13.800,  0.000, 14.825, 14.300,  0.525,  0.800,  1.000,  0.800,0.00000,  0.000,
mon_rep231013,2023-10-13T11:00:17,1309.666,  0.400,1,0,247, 25.000, 14.525,  0.000,-23.077, 13.525, 13.800,  0.000, 14.825, 14.300,  0.525,  0.800,  1.000,  0.800,0.00000,  0.000,
mon_rep231013,2023-10-13T11:00:18,1310.066,  0.400,1,0,247, 25.000, 14.525,  0.000,-23.077, 13.525, 13.800,  0.000, 14.825, 14.300,  0.525,  0.800,  1.000,  0.800,0.00000,  0.000,
mon_rep231013,2023-10-13T11:00:18,1310.466,  0.400,1,0,247, 25.000, 14.525,  0.000,-23.077, 13.525, 13.800,  0.000, 14.825, 14.300,  0.525,  0.800,  1.000,  0.800,0.00000,  0.000,
mon_rep231013,2023-10-13T11:00:18,1310.866,  0.400,1,0,247, 25.000, 14.525,  0.000,-23.077, 13.525, 13.800,  0.000, 14.825, 14.300,  0.525,  0.800,  1.000,  0.800,0.00000,  0.000,
mon_rep231013,2023-10-13T11:00:19,1311.266,  0.400,1,0,247, 25.000, 14.525,  0.000,-23.077, 13.525, 13.800,  0.000, 14.825, 14.300,  0.525,  0.800,  1.000,  0.800,0.00000,  0.000,
mon_rep231013,2023-10-13T11:00:19,1311.666,  0.400,1,0,247, 25.000, 14.525,  0.000,-23.077, 13.525, 13.800,  0.000, 14.825, 14.300,  0.525,  0.800,  1.000,  0.800,0.00000,  0.000,
mon_rep231013,2023-10-13T11:00:20,1312.066,  0.400,1,0,247, 25.000, 14.525,  0.000,-23.077, 13.525, 13.800,  0.000, 14.825, 14.300,  0.525,  0.800,  1.000,  0.800,0.00000,  0.000,
mon_rep231013,2023-10-13T11:00:20,1312.466,  0.400,1,0,247, 25.000, 14.525,  0.000,-23.077, 13.525, 13.800,  0.000, 14.825, 14.300,  0.525,  0.800,  1.000,  0.800,0.00000,  0.000,
mon_rep231013,2023-10-13T11:00:20,1312.866,  0.400,1,0,247, 25.000, 14.525,  0.000,-23.077, 13.525, 13.800,  0.000, 14.825, 14.300,  0.525,  0.800,  1.000,  0.800,0.00000,  0.000,
mon_rep231013,2023-10-13T11:00:21,1313.266,  0.400,1,0,247, 25.000, 14.525,  0.000,-23.077, 13.525, 13.800,  0.000, 14.825, 14.300,  0.525,  0.800,  1.000,  0.800,0.00000,  0.000,
mon_rep231013,2023-10-13T11:00:21,1313.666,  0.400,1,0,247, 25.000, 14.525,  0.000,-23.077, 13.525, 13.800,  0.000, 14.825, 14.300,  0.525,  0.800,  1.000,  0.800,0.00000,  0.000,
mon_rep231013,2023-10-13T11:00:22,1314.066,  0.400,1,0,247, 25.000, 14.525,  0.000,-23.077, 13.525, 13.800,  0.000, 14.825, 14.300,  0.525,  0.800,  1.000,  0.800,0.00000,  0.000,
mon_rep231013,2023-10-13T11:00:22,1314.466,  0.400,1,0,247, 25.000, 14.525,  0.000,-23.077, 13.525, 13.800,  0.000, 14.825, 14.300,  0.525,  0.800,  1.000,  0.800,0.00000,  0.000,
mon_rep231013,2023-10-13T11:00:22,1314.866,  0.400,1,0,247, 25.000, 14.525,  0.000,-23.077, 13.525, 13.800,  0.000, 14.825, 14.300,  0.525,  0.800,  1.000,  0.800,0.00000,  0.000,
mon_rep231013,2023-10-13T11:00:23,1315.266,  0.400,1,0,247, 25.000, 14.525,  0.000,-23.077, 13.525, 13.800,  0.000, 14.825, 14.300,  0.525,  0.800,  1.000,  0.800,0.00000,  0.000,
mon_rep231013,2023-10-13T11:00:23,1315.666,  0.400,1,0,247, 25.000, 14.525,  0.000,-23.077, 13.525, 13.800,  0.000, 14.825, 14.300,  0.525,  0.800,  1.000,  0.800,0.00000,  0.000,
mon_rep231013,2023-10-13T11:00:24,1316.066,  0.400,1,0,247, 25.000, 14.525,  0.000,-23.077, 13.525, 13.800,  0.000, 14.825, 14.300,  0.525,  0.800,  1.000,  0.800,0.00000,  0.000,
mon_rep231013,2023-10-13T11:00:24,1316.466,  0.400,1,0,247, 25.000, 14.525,  0.000,-23.077, 13.525, 13.800,  0.000, 14.825, 14.300,  0.525,  0.800,  1.000,  0.800,0.00000,  0.000,
mon_rep231013,2023-10-13T11:00:24,1316.866,  0.400,1,0,247, 25.000, 14.525,  0.000,-23.077, 13.525, 13.800,  0.000, 14.825, 14.300,  0.525,  0.800,  1.000,  0.800,0.00000,  0.000,
mon_rep231013,2023-10-13T11:00:25,1317.266,  0.400,1,0,247, 25.000, 14.525,  0.000,-23.077, 13.525, 13.800,  0.000, 14.825, 14.300,  0.525,  0.800,  1.000,  0.800,0.00000,  0.000,
mon_rep231013,2023-10-13T11:00:25,1317.666,  0.400,1,0,247, 25.000, 14.525,  0.000,-23.077, 13.525, 13.800,  0.000, 14.825, 14.300,  0.525,  0.800,  1.000,  0.800,0.00000,  0.000,
mon_rep231013,2023-10-13T11:00:26,1318.066,  0.400,1,0,247, 25.000, 14.525,  0.000,-23.077, 13.525, 13.800,  0.000, 14.825, 14.300,  0.525,  0.800,  1.000,  0.800,0.00000,  0.000,
mon_rep231013,2023-10-13T11:00:26,1318.466,  0.400,1,0,247, 25.000, 14.525,  0.000,-23.077, 13.525, 13.800,  0.000, 14.825, 14.300,  0.525,  0.800,  1.000,  0.800,0.00000,  0.000,
mon_rep231013,2023-10-13T11:00:26,1318.866,  0.400,1,0,247, 25.000, 14.525,  0.000,-23.077, 13.525, 13.800,  0.000, 14.825, 14.300,  0.525,  0.800,  1.000,  0.800,0.00000,  0.000,
mon_rep231013,2023-10-13T11:00:27,1319.266,  0.400,1,0,247, 25.000, 14.525,  0.000,-23.077, 13.525, 13.800,  0.000, 14.825, 14.300,  0.525,  0.800,  1.000,  0.800,0.00000,  0.000,
mon_rep231013,2023-10-13T11:00:27,1319.666,  0.400,1,0,247, 25.000, 14.525,  0.000,-23.077, 13.525, 13.800,  0.000, 14.825, 14.300,  0.525,  0.800,  1.000,  0.800,0.00000,  0.000,
mon_rep231013,2023-10-13T11:00:28,1320.066,  0.400,1,0,247, 25.000, 14.525,  0.000,-23.077, 13.525, 13.800,  0.000, 14.825, 14.300,  0.525,  0.800,  1.000,  0.800,0.00000,  0.000,
mon_rep231013,2023-10-13T11:00:28,1320.466,  0.400,1,0,247, 25.000, 14.525,  0.000,-23.077, 13.525, 13.800,  0.000, 14.825, 14.300,  0.525,  0.800,  1.000,  0.800,0.00000,  0.000,
mon_rep231013,2023-10-13T11:00:28,1320.866,  0.400,1,0,247, 25.000, 14.525,  0.000,-23.077, 13.525, 13.800,  0.000, 14.825, 14.300,  0.525,  0.800,  1.000,  0.800,0.00000,  0.000,
mon_rep231013,2023-10-13T11:00:29,1321.266,  0.400,1,0,247, 25.000, 14.525,  0.000,-23.077, 13.525, 13.800,  0.000, 14.825, 14.300,  0.525,  0.800,  1.000,  0.800,0.00000,  0.000,
mon_rep231013,2023-10-13T11:00:29,1321.666,  0.400,1,0,247, 25.000, 14.525,  0.000,-23.077, 13.525, 13.800,  0.000, 14.825, 14.300,  0.525,  0.800,  1.000,  0.800,0.00000,  0.000,
mon_rep231013,2023-10-13T11:00:30,1322.066,  0.400,1,0,247, 25.000, 14.525,  0.000,-23.077, 13.525, 13.800,  0.000, 14.825, 14.300,  0.525,  0.800,  1.000,  0.800,0.00000,  0.000,
mon_rep231013,2023-10-13T11:00:30,1322.466,  0.400,1,0,247, 25.000, 14.525,  0.000,-23.077, 13.525, 13.800,  0.000, 14.825, 14.300,  0.525,  0.800,  1.000,  0.800,0.00000,  0.000,
mon_rep231013,2023-10-13T11:00:30,1322.866,  0.400,1,0,247, 25.000, 14.525,  0.000,-23.077, 13.525, 13.800,  0.000, 14.825, 14.300,  0.525,  0.800,  1.000,  0.800,0.00000,  0.000,
mon_rep231013,2023-10-13T11:00:31,1323.266,  0.400,1,0,247, 25.000, 14.525,  0.000,-23.077, 13.525, 13.800,  0.000, 14.825, 14.300,  0.525,  0.800,  1.000,  0.800,0.00000,  0.000,
mon_rep231013,2023-10-13T11:00:31,1323.666,  0.400,1,0,247, 25.000, 14.525,  0.000,-23.077, 13.525, 13.800,  0.000, 14.825, 14.300,  0.525,  0.800,  1.000,  0.800,0.00000,  0.000,
mon_rep231013,2023-10-13T11:00:32,1324.066,  0.400,1,0,247, 25.000, 14.525,  0.000,-23.077, 13.525, 13.800,  0.000, 14.825, 14.300,  0.525,  0.800,  1.000,  0.800,0.00000,  0.000,
mon_rep231013,2023-10-13T11:00:32,1324.466,  0.400,1,0,247, 25.000, 14.525,  0.000,-23.077, 13.525, 13.800,  0.000, 14.825, 14.300,  0.525,  0.800,  1.000,  0.800,0.00000,  0.000,
mon_rep231013,2023-10-13T11:00:32,1324.866,  0.400,1,0,247, 25.000, 14.525,  0.000,-23.077, 13.525, 13.800,  0.000, 14.825, 14.300,  0.525,  0.800,  1.000,  0.800,0.00000,  0.000,
mon_rep231013,2023-10-13T11:00:33,1325.266,  0.400,1,0,247, 25.000, 14.525,  0.000,-23.077, 13.525, 13.800,  0.000, 14.825, 14.300,  0.525,  0.800,  1.000,  0.800,0.00000,  0.000,
mon_rep231013,2023-10-13T11:00:33,1325.666,  0.400,1,0,247, 25.000, 14.525,  0.000,-23.077, 13.525, 13.800,  0.000, 14.825, 14.300,  0.525,  0.800,  1.000,  0.800,0.00000,  0.000,
mon_rep231013,2023-10-13T11:00:34,1326.066,  0.400,1,0,247, 25.000, 14.525,  0.000,-23.077, 13.525, 13.800,  0.000, 14.825, 14.300,  0.525,  0.800,  1.000,  0.800,0.00000,  0.000,
mon_rep231013,2023-10-13T11:00:34,1326.466,  0.400,1,0,247, 25.000, 14.525,  0.000,-23.077, 13.525, 13.800,  0.000, 14.825, 14.300,  0.525,  0.800,  1.000,  0.800,0.00000,  0.000,
mon_rep231013,2023-10-13T11:00:34,1326.866,  0.400,1,0,247, 25.000, 14.525,  0.000,-23.077, 13.525, 13.800,  0.000, 14.825, 14.300,  0.525,  0.800,  1.000,  0.800,0.00000,  0.000,
mon_rep231013,2023-10-13T11:00:35,1327.266,  0.400,1,0,247, 25.000, 14.525,  0.000,-23.077, 13.525, 13.800,  0.000, 14.825, 14.300,  0.525,  0.800,  1.000,  0.800,0.00000,  0.000,
mon_rep231013,2023-10-13T11:00:35,1327.666,  0.400,1,0,247, 25.000, 14.525,  0.000,-23.077, 13.525, 13.800,  0.000, 14.825, 14.300,  0.525,  0.800,  1.000,  0.800,0.00000,  0.000,
mon_rep231013,2023-10-13T11:00:36,1328.066,  0.400,1,0,247, 25.000, 14.525,  0.000,-23.077, 13.525, 13.800,  0.000, 14.825, 14.300,  0.525,  0.800,  1.000,  0.800,0.00000,  0.000,
mon_rep231013,2023-10-13T11:00:36,1328.466,  0.400,1,0,247, 25.000, 14.525,  0.000,-23.077, 13.525, 13.800,  0.000, 14.825, 14.300,  0.525,  0.800,  1.000,  0.800,0.00000,  0.000,
mon_rep231013,2023-10-13T11:00:36,1328.866,  0.400,1,0,247, 25.000, 14.525,  0.000,-23.077, 13.525, 13.800,  0.000, 14.825, 14.300,  0.525,  0.800,  1.000,  0.800,0.00000,  0.000,
mon_rep231013,2023-10-13T11:00:37,1329.266,  0.400,1,0,247, 25.000, 14.525,  0.000,-23.077, 13.525, 13.800,  0.000, 14.825, 14.300,  0.525,  0.800,  1.000,  0.800,0.00000,  0.000,
mon_rep231013,2023-10-13T11:00:37,1329.666,  0.400,1,0,247, 25.000, 14.525,  0.000,-23.077, 13.525, 13.800,  0.000, 14.825, 14.300,  0.525,  0.800,  1.000,  0.800,0.00000,  0.000,
mon_rep231013,2023-10-13T11:00:38,1330.066,  0.400,1,0,247, 25.000, 14.525,  0.000,-23.077, 13.525, 13.800,  0.000, 14.825, 14.300,  0.525,  0.800,  1.000,  0.800,0.00000,  0.000,
mon_rep231013,2023-10-13T11:00:38,1330.466,  0.400,1,0,247, 25.000, 14.525,  0.000,-23.077, 13.525, 13.800,  0.000, 14.825, 14.300,  0.525,  0.800,  1.000,  0.800,0.00000,  0.000,
mon_rep231013,2023-10-13T11:00:38,1330.866,  0.400,1,0,247, 25.000, 14.525,  0.000,-23.077, 13.525, 13.800,  0.000, 14.825, 14.300,  0.525,  0.800,  1.000,  0.800,0.00000,  0.000,
mon_rep231013,2023-10-13T11:00:39,1331.266,  0.400,1,0,247, 25.000, 14.525,  0.000,-23.077, 13.525, 13.800,  0.000, 14.825, 14.300,  0.525,  0.800,  1.000,  0.800,0.00000,  0.000,
mon_rep231013,2023-10-13T11:00:39,1331.666,  0.400,1,0,247, 25.000, 14.525,  0.000,-23.077, 13.525, 13.800,  0.000, 14.825, 14.300,  0.525,  0.800,  1.000,  0.800,0.00000,  0.000,
mon_rep231013,2023-10-13T11:00:40,1332.066,  0.400,1,0,247, 25.000, 14.525,  0.000,-23.077, 13.525, 13.800,  0.000, 14.825, 14.300,  0.525,  0.800,  1.000,  0.800,0.00000,  0.000,
mon_rep231013,2023-10-13T11:00:40,1332.466,  0.400,1,0,247, 25.000, 14.525,  0.000,-23.077, 13.525, 13.800,  0.000, 14.825, 14.300,  0.525,  0.800,  1.000,  0.800,0.00000,  0.000,
mon_rep231013,2023-10-13T11:00:40,1332.866,  0.400,1,0,247, 25.000, 14.525,  0.000,-23.077, 13.525, 13.800,  0.000, 14.825, 14.300,  0.525,  0.800,  1.000,  0.800,0.00000,  0.000,
mon_rep231013,2023-10-13T11:00:41,1333.266,  0.400,1,0,247, 25.000, 14.525,  0.000,-23.077, 13.525, 13.800,  0.000, 14.825, 14.300,  0.525,  0.800,  1.000,  0.800,0.00000,  0.000,
mon_rep231013,2023-10-13T11:00:41,1333.666,  0.400,1,0,247, 25.000, 14.525,  0.000,-23.077, 13.525, 13.800,  0.000, 14.825, 14.300,  0.525,  0.800,  1.000,  0.800,0.00000,  0.000,
mon_rep231013,2023-10-13T11:00:42,1334.066,  0.400,1,0,247, 25.000, 14.525,  0.000,-23.077, 13.525, 13.800,  0.000, 14.825, 14.300,  0.525,  0.800,  1.000,  0.800,0.00000,  0.000,
mon_rep231013,2023-10-13T11:00:42,1334.466,  0.400,1,0,247, 25.000, 14.525,  0.000,-23.077, 13.525, 13.800,  0.000, 14.825, 14.300,  0.525,  0.800,  1.000,  0.800,0.00000,  0.000,
mon_rep231013,2023-10-13T11:00:42,1334.866,  0.400,1,0,247, 25.000, 14.525,  0.000,-23.077, 13.525, 13.800,  0.000, 14.825, 14.300,  0.525,  0.800,  1.000,  0.800,0.00000,  0.000,
mon_rep231013,2023-10-13T11:00:43,1335.266,  0.400,1,0,247, 25.000, 14.525,  0.000,-23.077, 13.525, 13.800,  0.000, 14.825, 14.300,  0.525,  0.800,  1.000,  0.800,0.00000,  0.000,
mon_rep231013,2023-10-13T11:00:43,1335.666,  0.400,1,0,247, 25.000, 14.525,  0.000,-23.077, 13.525, 13.800,  0.000, 14.825, 14.300,  0.525,  0.800,  1.000,  0.800,0.00000,  0.000,
mon_rep231013,2023-10-13T11:00:44,1336.066,  0.400,1,0,247, 25.000, 14.525,  0.000,-23.077, 13.525, 13.800,  0.000, 14.825, 14.300,  0.525,  0.800,  1.000,  0.800,0.00000,  0.000,
mon_rep231013,2023-10-13T11:00:44,1336.466,  0.400,1,0,247, 25.000, 14.525,  0.000,-23.077, 13.525, 13.800,  0.000, 14.825, 14.300,  0.525,  0.800,  1.000,  0.800,0.00000,  0.000,
mon_rep231013,2023-10-13T11:00:44,1336.866,  0.400,1,0,247, 25.000, 14.525,  0.000,-23.077, 13.525, 13.800,  0.000, 14.825, 14.300,  0.525,  0.800,  1.000,  0.800,0.00000,  0.000,
mon_rep231013,2023-10-13T11:00:45,1337.266,  0.400,1,0,247, 25.000, 14.525,  0.000,-23.077, 13.525, 13.800,  0.000, 14.825, 14.300,  0.525,  0.800,  1.000,  0.800,0.00000,  0.000,
mon_rep231013,2023-10-13T11:00:45,1337.666,  0.400,1,0,247, 25.000, 14.525,  0.000,-23.077, 13.525, 13.800,  0.000, 14.825, 14.300,  0.525,  0.800,  1.000,  0.800,0.00000,  0.000,
mon_rep231013,2023-10-13T11:00:46,1338.066,  0.400,1,0,247, 25.000, 14.525,  0.000,-23.077, 13.525, 13.800,  0.000, 14.825, 14.300,  0.525,  0.800,  1.000,  0.800,0.00000,  0.000,
mon_rep231013,2023-10-13T11:00:46,1338.466,  0.400,1,0,247, 25.000, 14.525,  0.000,-23.077, 13.525, 13.800,  0.000, 14.825, 14.300,  0.525,  0.800,  1.000,  0.800,0.00000,  0.000,
mon_rep231013,2023-10-13T11:00:46,1338.866,  0.400,1,0,247, 25.000, 14.525,  0.000,-23.077, 13.525, 13.800,  0.000, 14.825, 14.300,  0.525,  0.800,  1.000,  0.800,0.00000,  0.000,
mon_rep231013,2023-10-13T11:00:47,1339.266,  0.400,1,0,247, 25.000, 14.525,  0.000,-23.077, 13.525, 13.800,  0.000, 14.825, 14.300,  0.525,  0.800,  1.000,  0.800,0.00000,  0.000,
mon_rep231013,2023-10-13T11:00:47,1339.666,  0.400,1,0,247, 25.000, 14.525,  0.000,-23.077, 13.525, 13.800,  0.000, 14.825, 14.300,  0.525,  0.800,  1.000,  0.800,0.00000,  0.000,
mon_rep231013,2023-10-13T11:00:48,1340.066,  0.400,1,0,247, 25.000, 14.525,  0.000,-23.077, 13.525, 13.800,  0.000, 14.825, 14.300,  0.525,  0.800,  1.000,  0.800,0.00000,  0.000,
mon_rep231013,2023-10-13T11:00:48,1340.466,  0.400,1,0,247, 25.000, 14.525,  0.000,-23.077, 13.525, 13.800,  0.000, 14.825, 14.300,  0.525,  0.800,  1.000,  0.800,0.00000,  0.000,
mon_rep231013,2023-10-13T11:00:48,1340.866,  0.400,1,0,247, 25.000, 14.525,  0.000,-23.077, 13.525, 13.800,  0.000, 14.825, 14.300,  0.525,  0.800,  1.000,  0.800,0.00000,  0.000,
mon_rep231013,2023-10-13T11:00:49,1341.266,  0.400,1,0,247, 25.000, 14.525,  0.000,-23.077, 13.525, 13.800,  0.000, 14.825, 14.300,  0.525,  0.800,  1.000,  0.800,0.00000,  0.000,
mon_rep231013,2023-10-13T11:00:49,1341.666,  0.400,1,0,247, 25.000, 14.525,  0.000,-23.077, 13.525, 13.800,  0.000, 14.825, 14.300,  0.525,  0.800,  1.000,  0.800,0.00000,  0.000,
mon_rep231013,2023-10-13T11:00:50,1342.066,  0.400,1,0,247, 25.000, 14.525,  0.000,-23.077, 13.525, 13.800,  0.000, 14.825, 14.300,  0.525,  0.800,  1.000,  0.800,0.00000,  0.000,
mon_rep231013,2023-10-13T11:00:50,1342.466,  0.400,1,0,247, 25.000, 14.525,  0.000,-23.077, 13.525, 13.800,  0.000, 14.825, 14.300,  0.525,  0.800,  1.000,  0.800,0.00000,  0.000,
mon_rep231013,2023-10-13T11:00:50,1342.866,  0.400,1,0,247, 25.000, 14.525,  0.000,-23.077, 13.525, 13.800,  0.000, 14.825, 14.300,  0.525,  0.800,  1.000,  0.800,0.00000,  0.000,
mon_rep231013,2023-10-13T11:00:51,1343.266,  0.400,1,0,247, 25.000, 14.525,  0.000,-23.077, 13.525, 13.800,  0.000, 14.825, 14.300,  0.525,  0.800,  1.000,  0.800,0.00000,  0.000,
mon_rep231013,2023-10-13T11:00:51,1343.666,  0.400,1,0,247, 25.000, 14.525,  0.000,-23.077, 13.525, 13.800,  0.000, 14.825, 14.300,  0.525,  0.800,  1.000,  0.800,0.00000,  0.000,
mon_rep231013,2023-10-13T11:00:52,1344.066,  0.400,1,0,247, 25.000, 14.525,  0.000,-23.077, 13.525, 13.800,  0.000, 14.825, 14.300,  0.525,  0.800,  1.000,  0.800,0.00000,  0.000,
mon_rep231013,2023-10-13T11:00:52,1344.466,  0.400,1,0,247, 25.000, 14.525,  0.000,-23.077, 13.525, 13.800,  0.000, 14.825, 14.300,  0.525,  0.800,  1.000,  0.800,0.00000,  0.000,
mon_rep231013,2023-10-13T11:00:52,1344.866,  0.400,1,0,247, 25.000, 14.525,  0.000,-23.077, 13.525, 13.800,  0.000, 14.825, 14.300,  0.525,  0.800,  1.000,  0.800,0.00000,  0.000,
mon_rep231013,2023-10-13T11:00:53,1345.266,  0.400,1,0,247, 25.000, 14.525,  0.000,-23.077, 13.525, 13.800,  0.000, 14.825, 14.300,  0.525,  0.800,  1.000,  0.800,0.00000,  0.000,
mon_rep231013,2023-10-13T11:00:53,1345.666,  0.400,1,0,247, 25.000, 14.525,  0.000,-23.077, 13.525, 13.800,  0.000, 14.825, 14.300,  0.525,  0.800,  1.000,  0.800,0.00000,  0.000,
mon_rep231013,2023-10-13T11:00:54,1346.066,  0.400,1,0,247, 25.000, 14.525,  0.000,-23.077, 13.525, 13.800,  0.000, 14.825, 14.300,  0.525,  0.800,  1.000,  0.800,0.00000,  0.000,
mon_rep231013,2023-10-13T11:00:54,1346.466,  0.400,1,0,247, 25.000, 14.525,  0.000,-23.077, 13.525, 13.800,  0.000, 14.825, 14.300,  0.525,  0.800,  1.000,  0.800,0.00000,  0.000,
mon_rep231013,2023-10-13T11:00:54,1346.866,  0.400,1,0,247, 25.000, 14.525,  0.000,-23.077, 13.525, 13.800,  0.000, 14.825, 14.300,  0.525,  0.800,  1.000,  0.800,0.00000,  0.000,
mon_rep231013,2023-10-13T11:00:55,1347.266,  0.400,1,0,247, 25.000, 14.525,  0.000,-23.077, 13.525, 13.800,  0.000, 14.825, 14.300,  0.525,  0.800,  1.000,  0.800,0.00000,  0.000,
mon_rep231013,2023-10-13T11:00:55,1347.666,  0.400,1,0,247, 25.000, 14.525,  0.000,-23.077, 13.525, 13.800,  0.000, 14.825, 14.300,  0.525,  0.800,  1.000,  0.800,0.00000,  0.000,
mon_rep231013,2023-10-13T11:00:56,1348.066,  0.400,1,0,247, 25.000, 14.525,  0.000,-23.077, 13.525, 13.800,  0.000, 14.825, 14.300,  0.525,  0.800,  1.000,  0.800,0.00000,  0.000,
mon_rep231013,2023-10-13T11:00:56,1348.466,  0.400,1,0,247, 25.000, 14.525,  0.000,-23.077, 13.525, 13.800,  0.000, 14.825, 14.300,  0.525,  0.800,  1.000,  0.800,0.00000,  0.000,
mon_rep231013,2023-10-13T11:00:56,1348.866,  0.400,1,0,247, 25.000, 14.525,  0.000,-23.077, 13.525, 13.800,  0.000, 14.825, 14.300,  0.525,  0.800,  1.000,  0.800,0.00000,  0.000,
mon_rep231013,2023-10-13T11:00:57,1349.266,  0.400,1,0,247, 25.000, 14.525,  0.000,-23.077, 13.525, 13.800,  0.000, 14.825, 14.300,  0.525,  0.800,  1.000,  0.800,0.00000,  0.000,
mon_rep231013,2023-10-13T11:00:57,1349.666,  0.400,1,0,247, 25.000, 14.525,  0.000,-23.077, 13.525, 13.800,  0.000, 14.825, 14.300,  0.525,  0.800,  1.000,  0.800,0.00000,  0.000,
mon_rep231013,2023-10-13T11:00:58,1350.066,  0.400,1,0,247, 25.000, 14.525,  0.000,-23.077, 13.525, 13.800,  0.000, 14.825, 14.300,  0.525,  0.800,  1.000,  0.800,0.00000,  0.000,
mon_rep231013,2023-10-13T11:00:58,1350.466,  0.400,1,0,247, 25.000, 14.525,  0.000,-23.077, 13.525, 13.800,  0.000, 14.825, 14.300,  0.525,  0.800,  1.000,  0.800,0.00000,  0.000,
mon_rep231013,2023-10-13T11:00:58,1350.866,  0.400,1,0,247, 25.000, 14.525,  0.000,-23.077, 13.525, 13.800,  0.000, 14.825, 14.300,  0.525,  0.800,  1.000,  0.800,0.00000,  0.000,
mon_rep231013,2023-10-13T11:00:59,1351.266,  0.400,1,0,247, 25.000, 14.525,  0.000,-23.077, 13.525, 13.800,  0.000, 14.825, 14.300,  0.525,  0.800,  1.000,  0.800,0.00000,  0.000,
mon_rep231013,2023-10-13T11:00:59,1351.666,  0.400,1,0,247, 25.000, 14.525,  0.000,-23.077, 13.525, 13.800,  0.000, 14.825, 14.300,  0.525,  0.800,  1.000,  0.800,0.00000,  0.000,
mon_rep231013,2023-10-13T11:01:00,1352.066,  0.400,1,0,247, 25.000, 14.525,  0.000,-23.077, 13.525, 13.800,  0.000, 14.825, 14.300,  0.525,  0.800,  1.000,  0.800,0.00000,  0.000,
mon_rep231013,2023-10-13T11:01:00,1352.466,  0.400,1,0,247, 25.000, 14.525,  0.000,-23.077, 13.525, 13.800,  0.000, 14.825, 14.300,  0.525,  0.800,  1.000,  0.800,0.00000,  0.000,
mon_rep231013,2023-10-13T11:01:00,1352.866,  0.400,1,0,247, 25.000, 14.525,  0.000,-23.077, 13.525, 13.800,  0.000, 14.825, 14.300,  0.525,  0.800,  1.000,  0.800,0.00000,  0.000,
mon_rep231013,2023-10-13T11:01:01,1353.266,  0.400,1,0,247, 25.000, 14.525,  0.000,-23.077, 13.525, 13.800,  0.000, 14.825, 14.300,  0.525,  0.800,  1.000,  0.800,0.00000,  0.000,
mon_rep231013,2023-10-13T11:01:01,1353.666,  0.400,1,0,247, 25.000, 14.525,  0.000,-23.077, 13.525, 13.800,  0.000, 14.825, 14.300,  0.525,  0.800,  1.000,  0.800,0.00000,  0.000,
mon_rep231013,2023-10-13T11:01:02,1354.066,  0.400,1,0,247, 25.000, 14.525,  0.000,-23.077, 13.525, 13.800,  0.000, 14.825, 14.300,  0.525,  0.800,  1.000,  0.800,0.00000,  0.000,
mon_rep231013,2023-10-13T11:01:02,1354.466,  0.400,1,0,247, 25.000, 14.525,  0.000,-23.077, 13.525, 13.800,  0.000, 14.825, 14.300,  0.525,  0.800,  1.000,  0.800,0.00000,  0.000,
mon_rep231013,2023-10-13T11:01:02,1354.866,  0.400,1,0,247, 25.000, 14.525,  0.000,-23.077, 13.525, 13.800,  0.000, 14.825, 14.300,  0.525,  0.800,  1.000,  0.800,0.00000,  0.000,
mon_rep231013,2023-10-13T11:01:03,1355.266,  0.400,1,0,247, 25.000, 14.525,  0.000,-23.077, 13.525, 13.800,  0.000, 14.825, 14.300,  0.525,  0.800,  1.000,  0.800,0.00000,  0.000,
mon_rep231013,2023-10-13T11:01:03,1355.666,  0.400,1,0,247, 25.000, 14.525,  0.000,-23.077, 13.525, 13.800,  0.000, 14.825, 14.300,  0.525,  0.800,  1.000,  0.800,0.00000,  0.000,
mon_rep231013,2023-10-13T11:01:04,1356.066,  0.400,1,0,247, 25.000, 14.525,  0.000,-23.077, 13.525, 13.800,  0.000, 14.825, 14.300,  0.525,  0.800,  1.000,  0.800,0.00000,  0.000,
mon_rep231013,2023-10-13T11:01:04,1356.466,  0.400,1,0,247, 25.000, 14.525,  0.000,-23.077, 13.525, 13.800,  0.000, 14.825, 14.300,  0.525,  0.800,  1.000,  0.800,0.00000,  0.000,
mon_rep231013,2023-10-13T11:01:04,1356.866,  0.400,1,0,247, 25.000, 14.525,  0.000,-23.077, 13.525, 13.800,  0.000, 14.825, 14.300,  0.525,  0.800,  1.000,  0.800,0.00000,  0.000,
mon_rep231013,2023-10-13T11:01:05,1357.266,  0.400,1,0,247, 25.000, 14.525,  0.000,-23.077, 13.525, 13.800,  0.000, 14.825, 14.300,  0.525,  0.800,  1.000,  0.800,0.00000,  0.000,
mon_rep231013,2023-10-13T11:01:05,1357.666,  0.400,1,0,247, 25.000, 14.525,  0.000,-23.077, 13.525, 13.800,  0.000, 14.825, 14.300,  0.525,  0.800,  1.000,  0.800,0.00000,  0.000,
mon_rep231013,2023-10-13T11:01:06,1358.066,  0.400,1,0,247, 25.000, 14.525,  0.000,-23.077, 13.525, 13.800,  0.000, 14.825, 14.300,  0.525,  0.800,  1.000,  0.800,0.00000,  0.000,
mon_rep231013,2023-10-13T11:01:06,1358.466,  0.400,1,0,247, 25.000, 14.525,  0.000,-23.077, 13.525, 13.800,  0.000, 14.825, 14.300,  0.525,  0.800,  1.000,  0.800,0.00000,  0.000,
mon_rep231013,2023-10-13T11:01:06,1358.866,  0.400,1,0,247, 25.000, 14.525,  0.000,-23.077, 13.525, 13.800,  0.000, 14.825, 14.300,  0.525,  0.800,  1.000,  0.800,0.00000,  0.000,
mon_rep231013,2023-10-13T11:01:07,1359.266,  0.400,1,0,247, 25.000, 14.525,  0.000,-23.077, 13.525, 13.800,  0.000, 14.825, 14.300,  0.525,  0.800,  1.000,  0.800,0.00000,  0.000,
mon_rep231013,2023-10-13T11:01:07,1359.666,  0.400,1,0,247, 25.000, 14.525,  0.000,-23.077, 13.525, 13.800,  0.000, 14.825, 14.300,  0.525,  0.800,  1.000,  0.800,0.00000,  0.000,
mon_rep231013,2023-10-13T11:01:08,1360.066,  0.400,1,0,247, 25.000, 14.525,  0.000,-23.077, 13.525, 13.800,  0.000, 14.825, 14.300,  0.525,  0.800,  1.000,  0.800,0.00000,  0.000,
mon_rep231013,2023-10-13T11:01:08,1360.466,  0.400,1,0,247, 25.000, 14.525,  0.000,-23.077, 13.525, 13.800,  0.000, 14.825, 14.300,  0.525,  0.800,  1.000,  0.800,0.00000,  0.000,
mon_rep231013,2023-10-13T11:01:08,1360.866,  0.400,1,0,247, 25.000, 14.525,  0.000,-23.077, 13.525, 13.800,  0.000, 14.825, 14.300,  0.525,  0.800,  1.000,  0.800,0.00000,  0.000,
mon_rep231013,2023-10-13T11:01:09,1361.266,  0.400,1,0,247, 25.000, 14.525,  0.000,-23.077, 13.525, 13.800,  0.000, 14.825, 14.300,  0.525,  0.800,  1.000,  0.800,0.00000,  0.000,
mon_rep231013,2023-10-13T11:01:09,1361.666,  0.400,1,0,247, 25.000, 14.525,  0.000,-23.077, 13.525, 13.800,  0.000, 14.825, 14.300,  0.525,  0.800,  1.000,  0.800,0.00000,  0.000,
mon_rep231013,2023-10-13T11:01:10,1362.066,  0.400,1,0,247, 25.000, 14.525,  0.000,-23.077, 13.525, 13.800,  0.000, 14.825, 14.300,  0.525,  0.800,  1.000,  0.800,0.00000,  0.000,
mon_rep231013,2023-10-13T11:01:10,1362.466,  0.400,1,0,247, 25.000, 14.525,  0.000,-23.077, 13.525, 13.800,  0.000, 14.825, 14.300,  0.525,  0.800,  1.000,  0.800,0.00000,  0.000,
mon_rep231013,2023-10-13T11:01:10,1362.866,  0.400,1,0,247, 25.000, 14.525,  0.000,-23.077, 13.525, 13.800,  0.000, 14.825, 14.300,  0.525,  0.800,  1.000,  0.800,0.00000,  0.000,
mon_rep231013,2023-10-13T11:01:11,1363.266,  0.400,1,0,247, 25.000, 14.525,  0.000,-23.077, 13.525, 13.800,  0.000, 14.825, 14.300,  0.525,  0.800,  1.000,  0.800,0.00000,  0.000,
mon_rep231013,2023-10-13T11:01:11,1363.666,  0.400,1,0,247, 25.000, 14.525,  0.000,-23.077, 13.525, 13.800,  0.000, 14.825, 14.300,  0.525,  0.800,  1.000,  0.800,0.00000,  0.000,
mon_rep231013,2023-10-13T11:01:12,1364.066,  0.400,1,0,247, 25.000, 14.525,  0.000,-23.077, 13.525, 13.800,  0.000, 14.825, 14.300,  0.525,  0.800,  1.000,  0.800,0.00000,  0.000,
mon_rep231013,2023-10-13T11:01:12,1364.466,  0.400,1,0,247, 25.000, 14.525,  0.000,-23.077, 13.525, 13.800,  0.000, 14.825, 14.300,  0.525,  0.800,  1.000,  0.800,0.00000,  0.000,
mon_rep231013,2023-10-13T11:01:12,1364.866,  0.400,1,0,247, 25.000, 14.525,  0.000,-23.077, 13.525, 13.800,  0.000, 14.825, 14.300,  0.525,  0.800,  1.000,  0.800,0.00000,  0.000,
mon_rep231013,2023-10-13T11:01:13,1365.266,  0.400,1,0,247, 25.000, 14.525,  0.000,-23.077, 13.525, 13.800,  0.000, 14.825, 14.300,  0.525,  0.800,  1.000,  0.800,0.00000,  0.000,
mon_rep231013,2023-10-13T11:01:13,1365.666,  0.400,1,0,247, 25.000, 14.525,  0.000,-23.077, 13.525, 13.800,  0.000, 14.825, 14.300,  0.525,  0.800,  1.000,  0.800,0.00000,  0.000,
mon_rep231013,2023-10-13T11:01:14,1366.066,  0.400,1,0,247, 25.000, 14.525,  0.000,-23.077, 13.525, 13.800,  0.000, 14.825, 14.300,  0.525,  0.800,  1.000,  0.800,0.00000,  0.000,
mon_rep231013,2023-10-13T11:01:14,1366.466,  0.400,1,0,247, 25.000, 14.525,  0.000,-23.077, 13.525, 13.800,  0.000, 14.825, 14.300,  0.525,  0.800,  1.000,  0.800,0.00000,  0.000,
mon_rep231013,2023-10-13T11:01:14,1366.866,  0.400,1,0,247, 25.000, 14.525,  0.000,-23.077, 13.525, 13.800,  0.000, 14.825, 14.300,  0.525,  0.800,  1.000,  0.800,0.00000,  0.000,
mon_rep231013,2023-10-13T11:01:15,1367.266,  0.400,1,0,247, 25.000, 14.525,  0.000,-23.077, 13.525, 13.800,  0.000, 14.825, 14.300,  0.525,  0.800,  1.000,  0.800,0.00000,  0.000,
mon_rep231013,2023-10-13T11:01:15,1367.666,  0.400,1,0,247, 25.000, 14.525,  0.000,-23.077, 13.525, 13.800,  0.000, 14.825, 14.300,  0.525,  0.800,  1.000,  0.800,0.00000,  0.000,
mon_rep231013,2023-10-13T11:01:16,1368.066,  0.400,1,0,247, 25.000, 14.525,  0.000,-23.077, 13.525, 13.800,  0.000, 14.825, 14.300,  0.525,  0.800,  1.000,  0.800,0.00000,  0.000,
mon_rep231013,2023-10-13T11:01:16,1368.466,  0.400,1,0,247, 25.000, 14.525,  0.000,-23.077, 13.525, 13.800,  0.000, 14.825, 14.300,  0.525,  0.800,  1.000,  0.800,0.00000,  0.000,
mon_rep231013,2023-10-13T11:01:16,1368.866,  0.400,1,0,247, 25.000, 14.525,  0.000,-23.077, 13.525, 13.800,  0.000, 14.825, 14.300,  0.525,  0.800,  1.000,  0.800,0.00000,  0.000,
mon_rep231013,2023-10-13T11:01:17,1369.266,  0.400,1,0,247, 25.000, 14.525,  0.000,-23.077, 13.525, 13.800,  0.000, 14.825, 14.300,  0.525,  0.800,  1.000,  0.800,0.00000,  0.000,
mon_rep231013,2023-10-13T11:01:17,1369.666,  0.400,1,0,247, 25.000, 14.525,  0.000,-23.077, 13.525, 13.800,  0.000, 14.825, 14.300,  0.525,  0.800,  1.000,  0.800,0.00000,  0.000,
mon_rep231013,2023-10-13T11:01:18,1370.066,  0.400,1,0,247, 25.000, 14.525,  0.000,-23.077, 13.525, 13.800,  0.000, 14.825, 14.300,  0.525,  0.800,  1.000,  0.800,0.00000,  0.000,
mon_rep231013,2023-10-13T11:01:18,1370.466,  0.400,1,0,247, 25.000, 14.525,  0.000,-23.077, 13.525, 13.800,  0.000, 14.825, 14.300,  0.525,  0.800,  1.000,  0.800,0.00000,  0.000,
mon_rep231013,2023-10-13T11:01:18,1370.866,  0.400,1,0,247, 25.000, 14.525,  0.000,-23.077, 13.525, 13.800,  0.000, 14.825, 14.300,  0.525,  0.800,  1.000,  0.800,0.00000,  0.000,
mon_rep231013,2023-10-13T11:01:19,1371.266,  0.400,1,0,247, 25.000, 14.525,  0.000,-23.077, 13.525, 13.800,  0.000, 14.825, 14.300,  0.525,  0.800,  1.000,  0.800,0.00000,  0.000,
mon_rep231013,2023-10-13T11:01:19,1371.666,  0.400,1,0,247, 25.000, 14.525,  0.000,-23.077, 13.525, 13.800,  0.000, 14.825, 14.300,  0.525,  0.800,  1.000,  0.800,0.00000,  0.000,
mon_rep231013,2023-10-13T11:01:20,1372.066,  0.400,1,0,247, 25.000, 14.525,  0.000,-23.077, 13.525, 13.800,  0.000, 14.825, 14.300,  0.525,  0.800,  1.000,  0.800,0.00000,  0.000,
mon_rep231013,2023-10-13T11:01:20,1372.466,  0.400,1,0,247, 25.000, 14.525,  0.000,-23.077, 13.525, 13.800,  0.000, 14.825, 14.300,  0.525,  0.800,  1.000,  0.800,0.00000,  0.000,
mon_rep231013,2023-10-13T11:01:20,1372.866,  0.400,1,0,247, 25.000, 14.525,  0.000,-23.077, 13.525, 13.800,  0.000, 14.825, 14.300,  0.525,  0.800,  1.000,  0.800,0.00000,  0.000,
mon_rep231013,2023-10-13T11:01:21,1373.266,  0.400,1,0,247, 25.000, 14.525,  0.000,-23.077, 13.525, 13.800,  0.000, 14.825, 14.300,  0.525,  0.800,  1.000,  0.800,0.00000,  0.000,
mon_rep231013,2023-10-13T11:01:21,1373.666,  0.400,1,0,247, 25.000, 14.525,  0.000,-23.077, 13.525, 13.800,  0.000, 14.825, 14.300,  0.525,  0.800,  1.000,  0.800,0.00000,  0.000,
mon_rep231013,2023-10-13T11:01:22,1374.066,  0.400,1,0,247, 25.000, 14.525,  0.000,-23.077, 13.525, 13.800,  0.000, 14.825, 14.300,  0.525,  0.800,  1.000,  0.800,0.00000,  0.000,
mon_rep231013,2023-10-13T11:01:22,1374.466,  0.400,1,0,247, 25.000, 14.525,  0.000,-23.077, 13.525, 13.800,  0.000, 14.825, 14.300,  0.525,  0.800,  1.000,  0.800,0.00000,  0.000,
mon_rep231013,2023-10-13T11:01:22,1374.866,  0.400,1,0,247, 25.000, 14.525,  0.000,-23.077, 13.525, 13.800,  0.000, 14.825, 14.300,  0.525,  0.800,  1.000,  0.800,0.00000,  0.000,
mon_rep231013,2023-10-13T11:01:23,1375.266,  0.400,1,0,247, 25.000, 14.525,  0.000,-23.077, 13.525, 13.800,  0.000, 14.825, 14.300,  0.525,  0.800,  1.000,  0.800,0.00000,  0.000,
mon_rep231013,2023-10-13T11:01:23,1375.666,  0.400,1,0,247, 25.000, 14.525,  0.000,-23.077, 13.525, 13.800,  0.000, 14.825, 14.300,  0.525,  0.800,  1.000,  0.800,0.00000,  0.000,
mon_rep231013,2023-10-13T11:01:24,1376.066,  0.400,1,0,247, 25.000, 14.525,  0.000,-23.077, 13.525, 13.800,  0.000, 14.825, 14.300,  0.525,  0.800,  1.000,  0.800,0.00000,  0.000,
mon_rep231013,2023-10-13T11:01:24,1376.466,  0.400,1,0,247, 25.000, 14.525,  0.000,-23.077, 13.525, 13.800,  0.000, 14.825, 14.300,  0.525,  0.800,  1.000,  0.800,0.00000,  0.000,
mon_rep231013,2023-10-13T11:01:24,1376.866,  0.400,1,0,247, 25.000, 14.525,  0.000,-23.077, 13.525, 13.800,  0.000, 14.825, 14.300,  0.525,  0.800,  1.000,  0.800,0.00000,  0.000,
mon_rep231013,2023-10-13T11:01:25,1377.266,  0.400,1,0,247, 25.000, 14.525,  0.000,-23.077, 13.525, 13.800,  0.000, 14.825, 14.300,  0.525,  0.800,  1.000,  0.800,0.00000,  0.000,
mon_rep231013,2023-10-13T11:01:25,1377.666,  0.400,1,0,247, 25.000, 14.525,  0.000,-23.077, 13.525, 13.800,  0.000, 14.825, 14.300,  0.525,  0.800,  1.000,  0.800,0.00000,  0.000,
mon_rep231013,2023-10-13T11:01:26,1378.066,  0.400,1,0,247, 25.000, 14.525,  0.000,-23.077, 13.525, 13.800,  0.000, 14.825, 14.300,  0.525,  0.800,  1.000,  0.800,0.00000,  0.000,
mon_rep231013,2023-10-13T11:01:26,1378.466,  0.400,1,0,247, 25.000, 14.525,  0.000,-23.077, 13.525, 13.800,  0.000, 14.825, 14.300,  0.525,  0.800,  1.000,  0.800,0.00000,  0.000,
mon_rep231013,2023-10-13T11:01:26,1378.866,  0.400,1,0,247, 25.000, 14.525,  0.000,-23.077, 13.525, 13.800,  0.000, 14.825, 14.300,  0.525,  0.800,  1.000,  0.800,0.00000,  0.000,
mon_rep231013,2023-10-13T11:01:27,1379.266,  0.400,1,0,247, 25.000, 14.525,  0.000,-23.077, 13.525, 13.800,  0.000, 14.825, 14.300,  0.525,  0.800,  1.000,  0.800,0.00000,  0.000,
mon_rep231013,2023-10-13T11:01:27,1379.666,  0.400,1,0,247, 25.000, 14.525,  0.000,-23.077, 13.525, 13.800,  0.000, 14.825, 14.300,  0.525,  0.800,  1.000,  0.800,0.00000,  0.000,
mon_rep231013,2023-10-13T11:01:28,1380.066,  0.400,1,0,247, 25.000, 14.525,  0.000,-23.077, 13.525, 13.800,  0.000, 14.825, 14.300,  0.525,  0.800,  1.000,  0.800,0.00000,  0.000,
mon_rep231013,2023-10-13T11:01:28,1380.466,  0.400,1,0,247, 25.000, 14.525,  0.000,-23.077, 13.525, 13.800,  0.000, 14.825, 14.300,  0.525,  0.800,  1.000,  0.800,0.00000,  0.000,
mon_rep231013,2023-10-13T11:01:28,1380.866,  0.400,1,0,247, 25.000, 14.525,  0.000,-23.077, 13.525, 13.800,  0.000, 14.825, 14.300,  0.525,  0.800,  1.000,  0.800,0.00000,  0.000,
mon_rep231013,2023-10-13T11:01:29,1381.266,  0.400,1,0,247, 25.000, 14.525,  0.000,-23.077, 13.525, 13.800,  0.000, 14.825, 14.300,  0.525,  0.800,  1.000,  0.800,0.00000,  0.000,
mon_rep231013,2023-10-13T11:01:29,1381.666,  0.400,1,0,247, 25.000, 14.525,  0.000,-23.077, 13.525, 13.800,  0.000, 14.825, 14.300,  0.525,  0.800,  1.000,  0.800,0.00000,  0.000,
mon_rep231013,2023-10-13T11:01:30,1382.066,  0.400,1,0,247, 25.000, 14.525,  0.000,-23.077, 13.525, 13.800,  0.000, 14.825, 14.300,  0.525,  0.800,  1.000,  0.800,0.00000,  0.000,
mon_rep231013,2023-10-13T11:01:30,1382.466,  0.400,1,0,247, 25.000, 14.525,  0.000,-23.077, 13.525, 13.800,  0.000, 14.825, 14.300,  0.525,  0.800,  1.000,  0.800,0.00000,  0.000,
mon_rep231013,2023-10-13T11:01:30,1382.866,  0.400,1,0,247, 25.000, 14.525,  0.000,-23.077, 13.525, 13.800,  0.000, 14.825, 14.300,  0.525,  0.800,  1.000,  0.800,0.00000,  0.000,
mon_rep231013,2023-10-13T11:01:31,1383.266,  0.400,1,0,247, 25.000, 14.525,  0.000,-23.077, 13.525, 13.800,  0.000, 14.825, 14.300,  0.525,  0.800,  1.000,  0.800,0.00000,  0.000,
mon_rep231013,2023-10-13T11:01:31,1383.666,  0.400,1,0,247, 25.000, 14.525,  0.000,-23.077, 13.525, 13.800,  0.000, 14.825, 14.300,  0.525,  0.800,  1.000,  0.800,0.00000,  0.000,
mon_rep231013,2023-10-13T11:01:32,1384.066,  0.400,1,0,247, 25.000, 14.525,  0.000,-23.077, 13.525, 13.800,  0.000, 14.825, 14.300,  0.525,  0.800,  1.000,  0.800,0.00000,  0.000,
mon_rep231013,2023-10-13T11:01:32,1384.466,  0.400,1,0,247, 25.000, 14.525,  0.000,-23.077, 13.525, 13.800,  0.000, 14.825, 14.300,  0.525,  0.800,  1.000,  0.800,0.00000,  0.000,
mon_rep231013,2023-10-13T11:01:32,1384.866,  0.400,1,0,247, 25.000, 14.525,  0.000,-23.077, 13.525, 13.800,  0.000, 14.825, 14.300,  0.525,  0.800,  1.000,  0.800,0.00000,  0.000,
mon_rep231013,2023-10-13T11:01:33,1385.266,  0.400,1,0,247, 25.000, 14.525,  0.000,-23.077, 13.525, 13.800,  0.000, 14.825, 14.300,  0.525,  0.800,  1.000,  0.800,0.00000,  0.000,
mon_rep231013,2023-10-13T11:01:33,1385.666,  0.400,1,0,247, 25.000, 14.525,  0.000,-23.077, 13.525, 13.800,  0.000, 14.825, 14.300,  0.525,  0.800,  1.000,  0.800,0.00000,  0.000,
mon_rep231013,2023-10-13T11:01:34,1386.066,  0.400,1,0,247, 25.000, 14.525,  0.000,-23.077, 13.525, 13.800,  0.000, 14.825, 14.300,  0.525,  0.800,  1.000,  0.800,0.00000,  0.000,
mon_rep231013,2023-10-13T11:01:34,1386.466,  0.400,1,0,247, 25.000, 14.525,  0.000,-23.077, 13.525, 13.800,  0.000, 14.825, 14.300,  0.525,  0.800,  1.000,  0.800,0.00000,  0.000,
mon_rep231013,2023-10-13T11:01:34,1386.866,  0.400,1,0,247, 25.000, 14.525,  0.000,-23.077, 13.525, 13.800,  0.000, 14.825, 14.300,  0.525,  0.800,  1.000,  0.800,0.00000,  0.000,
mon_rep231013,2023-10-13T11:01:35,1387.266,  0.400,1,0,247, 25.000, 14.525,  0.000,-23.077, 13.525, 13.800,  0.000, 14.825, 14.300,  0.525,  0.800,  1.000,  0.800,0.00000,  0.000,
mon_rep231013,2023-10-13T11:01:35,1387.666,  0.400,1,0,247, 25.000, 14.525,  0.000,-23.077, 13.525, 13.800,  0.000, 14.825, 14.300,  0.525,  0.800,  1.000,  0.800,0.00000,  0.000,
mon_rep231013,2023-10-13T11:01:36,1388.066,  0.400,1,0,247, 25.000, 14.525,  0.000,-23.077, 13.525, 13.800,  0.000, 14.825, 14.300,  0.525,  0.800,  1.000,  0.800,0.00000,  0.000,
mon_rep231013,2023-10-13T11:01:36,1388.466,  0.400,1,0,247, 25.000, 14.525,  0.000,-23.077, 13.525, 13.800,  0.000, 14.825, 14.300,  0.525,  0.800,  1.000,  0.800,0.00000,  0.000,
mon_rep231013,2023-10-13T11:01:36,1388.866,  0.400,1,0,247, 25.000, 14.525,  0.000,-23.077, 13.525, 13.800,  0.000, 14.825, 14.300,  0.525,  0.800,  1.000,  0.800,0.00000,  0.000,
mon_rep231013,2023-10-13T11:01:37,1389.266,  0.400,1,0,247, 25.000, 14.525,  0.000,-23.077, 13.525, 13.800,  0.000, 14.825, 14.300,  0.525,  0.800,  1.000,  0.800,0.00000,  0.000,
mon_rep231013,2023-10-13T11:01:37,1389.666,  0.400,1,0,247, 25.000, 14.525,  0.000,-23.077, 13.525, 13.800,  0.000, 14.825, 14.300,  0.525,  0.800,  1.000,  0.800,0.00000,  0.000,
mon_rep231013,2023-10-13T11:01:38,1390.066,  0.400,1,0,247, 25.000, 14.525,  0.000,-23.077, 13.525, 13.800,  0.000, 14.825, 14.300,  0.525,  0.800,  1.000,  0.800,0.00000,  0.000,
mon_rep231013,2023-10-13T11:01:38,1390.466,  0.400,1,0,247, 25.000, 14.525,  0.000,-23.077, 13.525, 13.800,  0.000, 14.825, 14.300,  0.525,  0.800,  1.000,  0.800,0.00000,  0.000,
mon_rep231013,2023-10-13T11:01:38,1390.866,  0.400,1,0,247, 25.000, 14.525,  0.000,-23.077, 13.525, 13.800,  0.000, 14.825, 14.300,  0.525,  0.800,  1.000,  0.800,0.00000,  0.000,
mon_rep231013,2023-10-13T11:01:39,1391.266,  0.400,1,0,247, 25.000, 14.525,  0.000,-23.077, 13.525, 13.800,  0.000, 14.825, 14.300,  0.525,  0.800,  1.000,  0.800,0.00000,  0.000,
mon_rep231013,2023-10-13T11:01:39,1391.666,  0.400,1,0,247, 25.000, 14.525,  0.000,-23.077, 13.525, 13.800,  0.000, 14.825, 14.300,  0.525,  0.800,  1.000,  0.800,0.00000,  0.000,
mon_rep231013,2023-10-13T11:01:40,1392.066,  0.400,1,0,247, 25.000, 14.525,  0.000,-23.077, 13.525, 13.800,  0.000, 14.825, 14.300,  0.525,  0.800,  1.000,  0.800,0.00000,  0.000,
mon_rep231013,2023-10-13T11:01:40,1392.466,  0.400,1,0,247, 25.000, 14.525,  0.000,-23.077, 13.525, 13.800,  0.000, 14.825, 14.300,  0.525,  0.800,  1.000,  0.800,0.00000,  0.000,
mon_rep231013,2023-10-13T11:01:40,1392.866,  0.400,1,0,247, 25.000, 14.525,  0.000,-23.077, 13.525, 13.800,  0.000, 14.825, 14.300,  0.525,  0.800,  1.000,  0.800,0.00000,  0.000,
mon_rep231013,2023-10-13T11:01:41,1393.266,  0.400,1,0,247, 25.000, 14.525,  0.000,-23.077, 13.525, 13.800,  0.000, 14.825, 14.300,  0.525,  0.800,  1.000,  0.800,0.00000,  0.000,
mon_rep231013,2023-10-13T11:01:41,1393.666,  0.400,1,0,247, 25.000, 14.525,  0.000,-23.077, 13.525, 13.800,  0.000, 14.825, 14.300,  0.525,  0.800,  1.000,  0.800,0.00000,  0.000,
mon_rep231013,2023-10-13T11:01:42,1394.066,  0.400,1,0,247, 25.000, 14.525,  0.000,-23.077, 13.525, 13.800,  0.000, 14.825, 14.300,  0.525,  0.800,  1.000,  0.800,0.00000,  0.000,
mon_rep231013,2023-10-13T11:01:42,1394.466,  0.400,1,0,247, 25.000, 14.525,  0.000,-23.077, 13.525, 13.800,  0.000, 14.825, 14.300,  0.525,  0.800,  1.000,  0.800,0.00000,  0.000,
mon_rep231013,2023-10-13T11:01:42,1394.866,  0.400,1,0,247, 25.000, 14.525,  0.000,-23.077, 13.525, 13.800,  0.000, 14.825, 14.300,  0.525,  0.800,  1.000,  0.800,0.00000,  0.000,
mon_rep231013,2023-10-13T11:01:43,1395.266,  0.400,1,0,247, 25.000, 14.525,  0.000,-23.077, 13.525, 13.800,  0.000, 14.825, 14.300,  0.525,  0.800,  1.000,  0.800,0.00000,  0.000,
mon_rep231013,2023-10-13T11:01:43,1395.666,  0.400,1,0,247, 25.000, 14.525,  0.000,-23.077, 13.525, 13.800,  0.000, 14.825, 14.300,  0.525,  0.800,  1.000,  0.800,0.00000,  0.000,
mon_rep231013,2023-10-13T11:01:44,1396.066,  0.400,1,0,247, 25.000, 14.525,  0.000,-23.077, 13.525, 13.800,  0.000, 14.825, 14.300,  0.525,  0.800,  1.000,  0.800,0.00000,  0.000,
mon_rep231013,2023-10-13T11:01:44,1396.466,  0.400,1,0,247, 25.000, 14.525,  0.000,-23.077, 13.525, 13.800,  0.000, 14.825, 14.300,  0.525,  0.800,  1.000,  0.800,0.00000,  0.000,
mon_rep231013,2023-10-13T11:01:44,1396.866,  0.400,1,0,247, 25.000, 14.525,  0.000,-23.077, 13.525, 13.800,  0.000, 14.825, 14.300,  0.525,  0.800,  1.000,  0.800,0.00000,  0.000,
mon_rep231013,2023-10-13T11:01:45,1397.266,  0.400,1,0,247, 25.000, 14.525,  0.000,-23.077, 13.525, 13.800,  0.000, 14.825, 14.300,  0.525,  0.800,  1.000,  0.800,0.00000,  0.000,
mon_rep231013,2023-10-13T11:01:45,1397.666,  0.400,1,0,247, 25.000, 14.525,  0.000,-23.077, 13.525, 13.800,  0.000, 14.825, 14.300,  0.525,  0.800,  1.000,  0.800,0.00000,  0.000,
mon_rep231013,2023-10-13T11:01:46,1398.066,  0.400,1,0,247, 25.000, 14.525,  0.000,-23.077, 13.525, 13.800,  0.000, 14.825, 14.300,  0.525,  0.800,  1.000,  0.800,0.00000,  0.000,
mon_rep231013,2023-10-13T11:01:46,1398.466,  0.400,1,0,247, 25.000, 14.525,  0.000,-23.077, 13.525, 13.800,  0.000, 14.825, 14.300,  0.525,  0.800,  1.000,  0.800,0.00000,  0.000,
mon_rep231013,2023-10-13T11:01:46,1398.866,  0.400,1,0,247, 25.000, 14.525,  0.000,-23.077, 13.525, 13.800,  0.000, 14.825, 14.300,  0.525,  0.800,  1.000,  0.800,0.00000,  0.000,
mon_rep231013,2023-10-13T11:01:47,1399.266,  0.400,1,0,247, 25.000, 14.525,  0.000,-23.077, 13.525, 13.800,  0.000, 14.825, 14.300,  0.525,  0.800,  1.000,  0.800,0.00000,  0.000,
mon_rep231013,2023-10-13T11:01:47,1399.666,  0.400,1,0,247, 25.000, 14.525,  0.000,-23.077, 13.525, 13.800,  0.000, 14.825, 14.300,  0.525,  0.800,  1.000,  0.800,0.00000,  0.000,
mon_rep231013,2023-10-13T11:01:48,1400.066,  0.400,1,0,247, 25.000, 14.525,  0.000,-23.077, 13.525, 13.800,  0.000, 14.825, 14.300,  0.525,  0.800,  1.000,  0.800,0.00000,  0.000,
mon_rep231013,2023-10-13T11:01:48,1400.466,  0.400,1,0,247, 25.000, 14.525,  0.000,-23.077, 13.525, 13.800,  0.000, 14.825, 14.300,  0.525,  0.800,  1.000,  0.800,0.00000,  0.000,
mon_rep231013,2023-10-13T11:01:48,1400.866,  0.400,1,0,247, 25.000, 14.525,  0.000,-23.077, 13.525, 13.800,  0.000, 14.825, 14.300,  0.525,  0.800,  1.000,  0.800,0.00000,  0.000,
mon_rep231013,2023-10-13T11:01:49,1401.266,  0.400,1,0,247, 25.000, 14.525,  0.000,-23.077, 13.525, 13.800,  0.000, 14.825, 14.300,  0.525,  0.800,  1.000,  0.800,0.00000,  0.000,
mon_rep231013,2023-10-13T11:01:49,1401.666,  0.400,1,0,247, 25.000, 14.525,  0.000,-23.077, 13.525, 13.800,  0.000, 14.825, 14.300,  0.525,  0.800,  1.000,  0.800,0.00000,  0.000,
mon_rep231013,2023-10-13T11:01:50,1402.066,  0.400,1,0,247, 25.000, 14.525,  0.000,-23.077, 13.525, 13.800,  0.000, 14.825, 14.300,  0.525,  0.800,  1.000,  0.800,0.00000,  0.000,
mon_rep231013,2023-10-13T11:01:50,1402.466,  0.400,1,0,247, 25.000, 14.525,  0.000,-23.077, 13.525, 13.800,  0.000, 14.825, 14.300,  0.525,  0.800,  1.000,  0.800,0.00000,  0.000,
mon_rep231013,2023-10-13T11:01:50,1402.866,  0.400,1,0,247, 25.000, 14.525,  0.000,-23.077, 13.525, 13.800,  0.000, 14.825, 14.300,  0.525,  0.800,  1.000,  0.800,0.00000,  0.000,
mon_rep231013,2023-10-13T11:01:51,1403.266,  0.400,1,0,247, 25.000, 14.525,  0.000,-23.077, 13.525, 13.800,  0.000, 14.825, 14.300,  0.525,  0.800,  1.000,  0.800,0.00000,  0.000,
mon_rep231013,2023-10-13T11:01:51,1403.666,  0.400,1,0,247, 25.000, 14.525,  0.000,-23.077, 13.525, 13.800,  0.000, 14.825, 14.300,  0.525,  0.800,  1.000,  0.800,0.00000,  0.000,
mon_rep231013,2023-10-13T11:01:52,1404.066,  0.400,1,0,247, 25.000, 14.525,  0.000,-23.077, 13.525, 13.800,  0.000, 14.825, 14.300,  0.525,  0.800,  1.000,  0.800,0.00000,  0.000,
mon_rep231013,2023-10-13T11:01:52,1404.466,  0.400,1,0,247, 25.000, 14.525,  0.000,-23.077, 13.525, 13.800,  0.000, 14.825, 14.300,  0.525,  0.800,  1.000,  0.800,0.00000,  0.000,
mon_rep231013,2023-10-13T11:01:52,1404.866,  0.400,1,0,247, 25.000, 14.525,  0.000,-23.077, 13.525, 13.800,  0.000, 14.825, 14.300,  0.525,  0.800,  1.000,  0.800,0.00000,  0.000,
mon_rep231013,2023-10-13T11:01:53,1405.266,  0.400,1,0,247, 25.000, 14.525,  0.000,-23.077, 13.525, 13.800,  0.000, 14.825, 14.300,  0.525,  0.800,  1.000,  0.800,0.00000,  0.000,
mon_rep231013,2023-10-13T11:01:53,1405.666,  0.400,1,0,247, 25.000, 14.525,  0.000,-23.077, 13.525, 13.800,  0.000, 14.825, 14.300,  0.525,  0.800,  1.000,  0.800,0.00000,  0.000,
mon_rep231013,2023-10-13T11:01:54,1406.066,  0.400,1,0,247, 25.000, 14.525,  0.000,-23.077, 13.525, 13.800,  0.000, 14.825, 14.300,  0.525,  0.800,  1.000,  0.800,0.00000,  0.000,
mon_rep231013,2023-10-13T11:01:54,1406.466,  0.400,1,0,247, 25.000, 14.525,  0.000,-23.077, 13.525, 13.800,  0.000, 14.825, 14.300,  0.525,  0.800,  1.000,  0.800,0.00000,  0.000,
mon_rep231013,2023-10-13T11:01:54,1406.866,  0.400,1,0,247, 25.000, 14.525,  0.000,-23.077, 13.525, 13.800,  0.000, 14.825, 14.300,  0.525,  0.800,  1.000,  0.800,0.00000,  0.000,
mon_rep231013,2023-10-13T11:01:55,1407.266,  0.400,1,0,247, 25.000, 14.525,  0.000,-23.077, 13.525, 13.800,  0.000, 14.825, 14.300,  0.525,  0.800,  1.000,  0.800,0.00000,  0.000,
mon_rep231013,2023-10-13T11:01:55,1407.666,  0.400,1,0,247, 25.000, 14.525,  0.000,-23.077, 13.525, 13.800,  0.000, 14.825, 14.300,  0.525,  0.800,  1.000,  0.800,0.00000,  0.000,
mon_rep231013,2023-10-13T11:01:56,1408.066,  0.400,1,0,247, 25.000, 14.525,  0.000,-23.077, 13.525, 13.800,  0.000, 14.825, 14.300,  0.525,  0.800,  1.000,  0.800,0.00000,  0.000,
mon_rep231013,2023-10-13T11:01:56,1408.466,  0.400,1,0,247, 25.000, 14.525,  0.000,-23.077, 13.525, 13.800,  0.000, 14.825, 14.300,  0.525,  0.800,  1.000,  0.800,0.00000,  0.000,
mon_rep231013,2023-10-13T11:01:56,1408.866,  0.400,1,0,247, 25.000, 14.525,  0.000,-23.077, 13.525, 13.800,  0.000, 14.825, 14.300,  0.525,  0.800,  1.000,  0.800,0.00000,  0.000,
mon_rep231013,2023-10-13T11:01:57,1409.266,  0.400,1,0,247, 25.000, 14.525,  0.000,-23.077, 13.525, 13.800,  0.000, 14.825, 14.300,  0.525,  0.800,  1.000,  0.800,0.00000,  0.000,
mon_rep231013,2023-10-13T11:01:57,1409.666,  0.400,1,0,247, 25.000, 14.525,  0.000,-23.077, 13.525, 13.800,  0.000, 14.825, 14.300,  0.525,  0.800,  1.000,  0.800,0.00000,  0.000,
mon_rep231013,2023-10-13T11:01:58,1410.066,  0.400,1,0,247, 25.000, 14.525,  0.000,-23.077, 13.525, 13.800,  0.000, 14.825, 14.300,  0.525,  0.800,  1.000,  0.800,0.00000,  0.000,
mon_rep231013,2023-10-13T11:01:58,1410.466,  0.400,1,0,247, 25.000, 14.525,  0.000,-23.077, 13.525, 13.800,  0.000, 14.825, 14.300,  0.525,  0.800,  1.000,  0.800,0.00000,  0.000,
mon_rep231013,2023-10-13T11:01:58,1410.866,  0.400,1,0,247, 25.000, 14.525,  0.000,-23.077, 13.525, 13.800,  0.000, 14.825, 14.300,  0.525,  0.800,  1.000,  0.800,0.00000,  0.000,
mon_rep231013,2023-10-13T11:01:59,1411.266,  0.400,1,0,247, 25.000, 14.525,  0.000,-23.077, 13.525, 13.800,  0.000, 14.825, 14.300,  0.525,  0.800,  1.000,  0.800,0.00000,  0.000,
mon_rep231013,2023-10-13T11:01:59,1411.666,  0.400,1,0,247, 25.000, 14.525,  0.000,-23.077, 13.525, 13.800,  0.000, 14.825, 14.300,  0.525,  0.800,  1.000,  0.800,0.00000,  0.000,
mon_rep231013,2023-10-13T11:02:00,1412.066,  0.400,1,0,247, 25.000, 14.525,  0.000,-23.077, 13.525, 13.800,  0.000, 14.825, 14.300,  0.525,  0.800,  1.000,  0.800,0.00000,  0.000,
mon_rep231013,2023-10-13T11:02:00,1412.466,  0.400,1,0,247, 25.000, 14.525,  0.000,-23.077, 13.525, 13.800,  0.000, 14.825, 14.300,  0.525,  0.800,  1.000,  0.800,0.00000,  0.000,
mon_rep231013,2023-10-13T11:02:00,1412.866,  0.400,1,0,247, 25.000, 14.525,  0.000,-23.077, 13.525, 13.800,  0.000, 14.825, 14.300,  0.525,  0.800,  1.000,  0.800,0.00000,  0.000,
mon_rep231013,2023-10-13T11:02:01,1413.266,  0.400,1,0,247, 25.000, 14.525,  0.000,-23.077, 13.525, 13.800,  0.000, 14.825, 14.300,  0.525,  0.800,  1.000,  0.800,0.00000,  0.000,
mon_rep231013,2023-10-13T11:02:01,1413.666,  0.400,1,0,247, 25.000, 14.525,  0.000,-23.077, 13.525, 13.800,  0.000, 14.825, 14.300,  0.525,  0.800,  1.000,  0.800,0.00000,  0.000,
mon_rep231013,2023-10-13T11:02:02,1414.066,  0.400,1,0,247, 25.000, 14.525,  0.000,-23.077, 13.525, 13.800,  0.000, 14.825, 14.300,  0.525,  0.800,  1.000,  0.800,0.00000,  0.000,
mon_rep231013,2023-10-13T11:02:02,1414.466,  0.400,1,0,247, 25.000, 14.525,  0.000,-23.077, 13.525, 13.800,  0.000, 14.825, 14.300,  0.525,  0.800,  1.000,  0.800,0.00000,  0.000,
mon_rep231013,2023-10-13T11:02:02,1414.866,  0.400,1,0,247, 25.000, 14.525,  0.000,-23.077, 13.525, 13.800,  0.000, 14.825, 14.300,  0.525,  0.800,  1.000,  0.800,0.00000,  0.000,
mon_rep231013,2023-10-13T11:02:03,1415.266,  0.400,1,0,247, 25.000, 14.525,  0.000,-23.077, 13.525, 13.800,  0.000, 14.825, 14.300,  0.525,  0.800,  1.000,  0.800,0.00000,  0.000,
mon_rep231013,2023-10-13T11:02:03,1415.666,  0.400,1,0,247, 25.000, 14.525,  0.000,-23.077, 13.525, 13.800,  0.000, 14.825, 14.300,  0.525,  0.800,  1.000,  0.800,0.00000,  0.000,
mon_rep231013,2023-10-13T11:02:04,1416.066,  0.400,1,0,247, 25.000, 14.525,  0.000,-23.077, 13.525, 13.800,  0.000, 14.825, 14.300,  0.525,  0.800,  1.000,  0.800,0.00000,  0.000,
mon_rep231013,2023-10-13T11:02:04,1416.466,  0.400,1,0,247, 25.000, 14.525,  0.000,-23.077, 13.525, 13.800,  0.000, 14.825, 14.300,  0.525,  0.800,  1.000,  0.800,0.00000,  0.000,
mon_rep231013,2023-10-13T11:02:04,1416.866,  0.400,1,0,247, 25.000, 14.525,  0.000,-23.077, 13.525, 13.800,  0.000, 14.825, 14.300,  0.525,  0.800,  1.000,  0.800,0.00000,  0.000,
mon_rep231013,2023-10-13T11:02:05,1417.266,  0.400,1,0,247, 25.000, 14.525,  0.000,-23.077, 13.525, 13.800,  0.000, 14.825, 14.300,  0.525,  0.800,  1.000,  0.800,0.00000,  0.000,
mon_rep231013,2023-10-13T11:02:05,1417.666,  0.400,1,0,247, 25.000, 14.525,  0.000,-23.077, 13.525, 13.800,  0.000, 14.825, 14.300,  0.525,  0.800,  1.000,  0.800,0.00000,  0.000,
mon_rep231013,2023-10-13T11:02:06,1418.066,  0.400,1,0,247, 25.000, 14.525,  0.000,-23.077, 13.525, 13.800,  0.000, 14.825, 14.300,  0.525,  0.800,  1.000,  0.800,0.00000,  0.000,
mon_rep231013,2023-10-13T11:02:06,1418.466,  0.400,1,0,247, 25.000, 14.525,  0.000,-23.077, 13.525, 13.800,  0.000, 14.825, 14.300,  0.525,  0.800,  1.000,  0.800,0.00000,  0.000,
mon_rep231013,2023-10-13T11:02:06,1418.866,  0.400,1,0,247, 25.000, 14.525,  0.000,-23.077, 13.525, 13.800,  0.000, 14.825, 14.300,  0.525,  0.800,  1.000,  0.800,0.00000,  0.000,
mon_rep231013,2023-10-13T11:02:07,1419.266,  0.400,1,0,247, 25.000, 14.525,  0.000,-23.077, 13.525, 13.800,  0.000, 14.825, 14.300,  0.525,  0.800,  1.000,  0.800,0.00000,  0.000,
mon_rep231013,2023-10-13T11:02:07,1419.666,  0.400,1,0,247, 25.000, 14.525,  0.000,-23.077, 13.525, 13.800,  0.000, 14.825, 14.300,  0.525,  0.800,  1.000,  0.800,0.00000,  0.000,
mon_rep231013,2023-10-13T11:02:08,1420.066,  0.400,1,0,247, 25.000, 14.525,  0.000,-23.077, 13.525, 13.800,  0.000, 14.825, 14.300,  0.525,  0.800,  1.000,  0.800,0.00000,  0.000,
mon_rep231013,2023-10-13T11:02:08,1420.466,  0.400,1,0,247, 25.000, 14.525,  0.000,-23.077, 13.525, 13.800,  0.000, 14.825, 14.300,  0.525,  0.800,  1.000,  0.800,0.00000,  0.000,
mon_rep231013,2023-10-13T11:02:08,1420.866,  0.400,1,0,247, 25.000, 14.525,  0.000,-23.077, 13.525, 13.800,  0.000, 14.825, 14.300,  0.525,  0.800,  1.000,  0.800,0.00000,  0.000,
mon_rep231013,2023-10-13T11:02:09,1421.266,  0.400,1,0,247, 25.000, 14.525,  0.000,-23.077, 13.525, 13.800,  0.000, 14.825, 14.300,  0.525,  0.800,  1.000,  0.800,0.00000,  0.000,
mon_rep231013,2023-10-13T11:02:09,1421.666,  0.400,1,0,247, 25.000, 14.525,  0.000,-23.077, 13.525, 13.800,  0.000, 14.825, 14.300,  0.525,  0.800,  1.000,  0.800,0.00000,  0.000,
mon_rep231013,2023-10-13T11:02:10,1422.066,  0.400,1,0,247, 25.000, 14.525,  0.000,-23.077, 13.525, 13.800,  0.000, 14.825, 14.300,  0.525,  0.800,  1.000,  0.800,0.00000,  0.000,
mon_rep231013,2023-10-13T11:02:10,1422.466,  0.400,1,0,247, 25.000, 14.525,  0.000,-23.077, 13.525, 13.800,  0.000, 14.825, 14.300,  0.525,  0.800,  1.000,  0.800,0.00000,  0.000,
mon_rep231013,2023-10-13T11:02:10,1422.866,  0.400,1,0,247, 25.000, 14.525,  0.000,-23.077, 13.525, 13.800,  0.000, 14.825, 14.300,  0.525,  0.800,  1.000,  0.800,0.00000,  0.000,
mon_rep231013,2023-10-13T11:02:11,1423.266,  0.400,1,0,247, 25.000, 14.525,  0.000,-23.077, 13.525, 13.800,  0.000, 14.825, 14.300,  0.525,  0.800,  1.000,  0.800,0.00000,  0.000,
mon_rep231013,2023-10-13T11:02:11,1423.666,  0.400,1,0,247, 25.000, 14.525,  0.000,-23.077, 13.525, 13.800,  0.000, 14.825, 14.300,  0.525,  0.800,  1.000,  0.800,0.00000,  0.000,
mon_rep231013,2023-10-13T11:02:12,1424.066,  0.400,1,0,247, 25.000, 14.525,  0.000,-23.077, 13.525, 13.800,  0.000, 14.825, 14.300,  0.525,  0.800,  1.000,  0.800,0.00000,  0.000,
mon_rep231013,2023-10-13T11:02:12,1424.466,  0.400,1,0,247, 25.000, 14.525,  0.000,-23.077, 13.525, 13.800,  0.000, 14.825, 14.300,  0.525,  0.800,  1.000,  0.800,0.00000,  0.000,
mon_rep231013,2023-10-13T11:02:12,1424.866,  0.400,1,0,247, 25.000, 14.525,  0.000,-23.077, 13.525, 13.800,  0.000, 14.825, 14.300,  0.525,  0.800,  1.000,  0.800,0.00000,  0.000,
mon_rep231013,2023-10-13T11:02:13,1425.266,  0.400,1,0,247, 25.000, 14.525,  0.000,-23.077, 13.525, 13.800,  0.000, 14.825, 14.300,  0.525,  0.800,  1.000,  0.800,0.00000,  0.000,
mon_rep231013,2023-10-13T11:02:13,1425.666,  0.400,1,0,247, 25.000, 14.525,  0.000,-23.077, 13.525, 13.800,  0.000, 14.825, 14.300,  0.525,  0.800,  1.000,  0.800,0.00000,  0.000,
mon_rep231013,2023-10-13T11:02:14,1426.066,  0.400,1,0,247, 25.000, 14.525,  0.000,-23.077, 13.525, 13.800,  0.000, 14.825, 14.300,  0.525,  0.800,  1.000,  0.800,0.00000,  0.000,
mon_rep231013,2023-10-13T11:02:14,1426.466,  0.400,1,0,247, 25.000, 14.525,  0.000,-23.077, 13.525, 13.800,  0.000, 14.825, 14.300,  0.525,  0.800,  1.000,  0.800,0.00000,  0.000,
mon_rep231013,2023-10-13T11:02:14,1426.866,  0.400,1,0,247, 25.000, 14.525,  0.000,-23.077, 13.525, 13.800,  0.000, 14.825, 14.300,  0.525,  0.800,  1.000,  0.800,0.00000,  0.000,
mon_rep231013,2023-10-13T11:02:15,1427.266,  0.400,1,0,247, 25.000, 14.525,  0.000,-23.077, 13.525, 13.800,  0.000, 14.825, 14.300,  0.525,  0.800,  1.000,  0.800,0.00000,  0.000,
mon_rep231013,2023-10-13T11:02:15,1427.666,  0.400,1,0,247, 25.000, 14.525,  0.000,-23.077, 13.525, 13.800,  0.000, 14.825, 14.300,  0.525,  0.800,  1.000,  0.800,0.00000,  0.000,
mon_rep231013,2023-10-13T11:02:16,1428.066,  0.400,1,0,247, 25.000, 14.525,  0.000,-23.077, 13.525, 13.800,  0.000, 14.825, 14.300,  0.525,  0.800,  1.000,  0.800,0.00000,  0.000,
mon_rep231013,2023-10-13T11:02:16,1428.466,  0.400,1,0,247, 25.000, 14.525,  0.000,-23.077, 13.525, 13.800,  0.000, 14.825, 14.300,  0.525,  0.800,  1.000,  0.800,0.00000,  0.000,
mon_rep231013,2023-10-13T11:02:16,1428.866,  0.400,1,0,247, 25.000, 14.525,  0.000,-23.077, 13.525, 13.800,  0.000, 14.825, 14.300,  0.525,  0.800,  1.000,  0.800,0.00000,  0.000,
mon_rep231013,2023-10-13T11:02:17,1429.266,  0.400,1,0,247, 25.000, 14.525,  0.000,-23.077, 13.525, 13.800,  0.000, 14.825, 14.300,  0.525,  0.800,  1.000,  0.800,0.00000,  0.000,
mon_rep231013,2023-10-13T11:02:17,1429.666,  0.400,1,0,247, 25.000, 14.525,  0.000,-23.077, 13.525, 13.800,  0.000, 14.825, 14.300,  0.525,  0.800,  1.000,  0.800,0.00000,  0.000,
mon_rep231013,2023-10-13T11:02:18,1430.066,  0.400,1,0,247, 25.000, 14.525,  0.000,-23.077, 13.525, 13.800,  0.000, 14.825, 14.300,  0.525,  0.800,  1.000,  0.800,0.00000,  0.000,
mon_rep231013,2023-10-13T11:02:18,1430.466,  0.400,1,0,247, 25.000, 14.525,  0.000,-23.077, 13.525, 13.800,  0.000, 14.825, 14.300,  0.525,  0.800,  1.000,  0.800,0.00000,  0.000,
mon_rep231013,2023-10-13T11:02:18,1430.866,  0.400,1,0,247, 25.000, 14.525,  0.000,-23.077, 13.525, 13.800,  0.000, 14.825, 14.300,  0.525,  0.800,  1.000,  0.800,0.00000,  0.000,
mon_rep231013,2023-10-13T11:02:19,1431.266,  0.400,1,0,247, 25.000, 14.525,  0.000,-23.077, 13.525, 13.800,  0.000, 14.825, 14.300,  0.525,  0.800,  1.000,  0.800,0.00000,  0.000,
mon_rep231013,2023-10-13T11:02:19,1431.666,  0.400,1,0,247, 25.000, 14.525,  0.000,-23.077, 13.525, 13.800,  0.000, 14.825, 14.300,  0.525,  0.800,  1.000,  0.800,0.00000,  0.000,
mon_rep231013,2023-10-13T11:02:20,1432.066,  0.400,1,0,247, 25.000, 14.525,  0.000,-23.077, 13.525, 13.800,  0.000, 14.825, 14.300,  0.525,  0.800,  1.000,  0.800,0.00000,  0.000,
mon_rep231013,2023-10-13T11:02:20,1432.466,  0.400,1,0,247, 25.000, 14.525,  0.000,-23.077, 13.525, 13.800,  0.000, 14.825, 14.300,  0.525,  0.800,  1.000,  0.800,0.00000,  0.000,
mon_rep231013,2023-10-13T11:02:20,1432.866,  0.400,1,0,247, 25.000, 14.525,  0.000,-23.077, 13.525, 13.800,  0.000, 14.825, 14.300,  0.525,  0.800,  1.000,  0.800,0.00000,  0.000,
mon_rep231013,2023-10-13T11:02:21,1433.266,  0.400,1,0,247, 25.000, 14.525,  0.000,-23.077, 13.525, 13.800,  0.000, 14.825, 14.300,  0.525,  0.800,  1.000,  0.800,0.00000,  0.000,
mon_rep231013,2023-10-13T11:02:21,1433.666,  0.400,1,0,247, 25.000, 14.525,  0.000,-23.077, 13.525, 13.800,  0.000, 14.825, 14.300,  0.525,  0.800,  1.000,  0.800,0.00000,  0.000,
mon_rep231013,2023-10-13T11:02:22,1434.066,  0.400,1,0,247, 25.000, 14.525,  0.000,-23.077, 13.525, 13.800,  0.000, 14.825, 14.300,  0.525,  0.800,  1.000,  0.800,0.00000,  0.000,
mon_rep231013,2023-10-13T11:02:22,1434.466,  0.400,1,0,247, 25.000, 14.525,  0.000,-23.077, 13.525, 13.800,  0.000, 14.825, 14.300,  0.525,  0.800,  1.000,  0.800,0.00000,  0.000,
mon_rep231013,2023-10-13T11:02:22,1434.866,  0.400,1,0,247, 25.000, 14.525,  0.000,-23.077, 13.525, 13.800,  0.000, 14.825, 14.300,  0.525,  0.800,  1.000,  0.800,0.00000,  0.000,
mon_rep231013,2023-10-13T11:02:23,1435.266,  0.400,1,0,247, 25.000, 14.525,  0.000,-23.077, 13.525, 13.800,  0.000, 14.825, 14.300,  0.525,  0.800,  1.000,  0.800,0.00000,  0.000,
mon_rep231013,2023-10-13T11:02:23,1435.666,  0.400,1,0,247, 25.000, 14.525,  0.000,-23.077, 13.525, 13.800,  0.000, 14.825, 14.300,  0.525,  0.800,  1.000,  0.800,0.00000,  0.000,
mon_rep231013,2023-10-13T11:02:24,1436.066,  0.400,1,0,247, 25.000, 14.525,  0.000,-23.077, 13.525, 13.800,  0.000, 14.825, 14.300,  0.525,  0.800,  1.000,  0.800,0.00000,  0.000,
mon_rep231013,2023-10-13T11:02:24,1436.466,  0.400,1,0,247, 25.000, 14.525,  0.000,-23.077, 13.525, 13.800,  0.000, 14.825, 14.300,  0.525,  0.800,  1.000,  0.800,0.00000,  0.000,
mon_rep231013,2023-10-13T11:02:24,1436.866,  0.400,1,0,247, 25.000, 14.525,  0.000,-23.077, 13.525, 13.800,  0.000, 14.825, 14.300,  0.525,  0.800,  1.000,  0.800,0.00000,  0.000,
mon_rep231013,2023-10-13T11:02:25,1437.266,  0.400,1,0,247, 25.000, 14.525,  0.000,-23.077, 13.525, 13.800,  0.000, 14.825, 14.300,  0.525,  0.800,  1.000,  0.800,0.00000,  0.000,
mon_rep231013,2023-10-13T11:02:25,1437.666,  0.400,1,0,247, 25.000, 14.525,  0.000,-23.077, 13.525, 13.800,  0.000, 14.825, 14.300,  0.525,  0.800,  1.000,  0.800,0.00000,  0.000,
mon_rep231013,2023-10-13T11:02:26,1438.066,  0.400,1,0,247, 25.000, 14.525,  0.000,-23.077, 13.525, 13.800,  0.000, 14.825, 14.300,  0.525,  0.800,  1.000,  0.800,0.00000,  0.000,
mon_rep231013,2023-10-13T11:02:26,1438.466,  0.400,1,0,247, 25.000, 14.525,  0.000,-23.077, 13.525, 13.800,  0.000, 14.825, 14.300,  0.525,  0.800,  1.000,  0.800,0.00000,  0.000,
mon_rep231013,2023-10-13T11:02:26,1438.866,  0.400,1,0,247, 25.000, 14.525,  0.000,-23.077, 13.525, 13.800,  0.000, 14.825, 14.300,  0.525,  0.800,  1.000,  0.800,0.00000,  0.000,
mon_rep231013,2023-10-13T11:02:27,1439.266,  0.400,1,0,247, 25.000, 14.525,  0.000,-23.077, 13.525, 13.800,  0.000, 14.825, 14.300,  0.525,  0.800,  1.000,  0.800,0.00000,  0.000,
mon_rep231013,2023-10-13T11:02:27,1439.666,  0.400,1,0,247, 25.000, 14.525,  0.000,-23.077, 13.525, 13.800,  0.000, 14.825, 14.300,  0.525,  0.800,  1.000,  0.800,0.00000,  0.000,
mon_rep231013,2023-10-13T11:02:28,1440.066,  0.400,1,0,247, 25.000, 14.525,  0.000,-23.077, 13.525, 13.800,  0.000, 14.825, 14.300,  0.525,  0.800,  1.000,  0.800,0.00000,  0.000,
mon_rep231013,2023-10-13T11:02:28,1440.466,  0.400,1,0,247, 25.000, 14.525,  0.000,-23.077, 13.525, 13.800,  0.000, 14.825, 14.300,  0.525,  0.800,  1.000,  0.800,0.00000,  0.000,
mon_rep231013,2023-10-13T11:02:28,1440.866,  0.400,1,0,247, 25.000, 14.525,  0.000,-23.077, 13.525, 13.800,  0.000, 14.825, 14.300,  0.525,  0.800,  1.000,  0.800,0.00000,  0.000,
mon_rep231013,2023-10-13T11:02:29,1441.266,  0.400,1,0,247, 25.000, 14.525,  0.000,-23.077, 13.525, 13.800,  0.000, 14.825, 14.300,  0.525,  0.800,  1.000,  0.800,0.00000,  0.000,
mon_rep231013,2023-10-13T11:02:29,1441.666,  0.400,1,0,247, 25.000, 14.525,  0.000,-23.077, 13.525, 13.800,  0.000, 14.825, 14.300,  0.525,  0.800,  1.000,  0.800,0.00000,  0.000,
mon_rep231013,2023-10-13T11:02:30,1442.066,  0.400,1,0,247, 25.000, 14.525,  0.000,-23.077, 13.525, 13.800,  0.000, 14.825, 14.300,  0.525,  0.800,  1.000,  0.800,0.00000,  0.000,
mon_rep231013,2023-10-13T11:02:30,1442.466,  0.400,1,0,247, 25.000, 14.525,  0.000,-23.077, 13.525, 13.800,  0.000, 14.825, 14.300,  0.525,  0.800,  1.000,  0.800,0.00000,  0.000,
mon_rep231013,2023-10-13T11:02:30,1442.866,  0.400,1,0,247, 25.000, 14.525,  0.000,-23.077, 13.525, 13.800,  0.000, 14.825, 14.300,  0.525,  0.800,  1.000,  0.800,0.00000,  0.000,
mon_rep231013,2023-10-13T11:02:31,1443.266,  0.400,1,0,247, 25.000, 14.525,  0.000,-23.077, 13.525, 13.800,  0.000, 14.825, 14.300,  0.525,  0.800,  1.000,  0.800,0.00000,  0.000,
mon_rep231013,2023-10-13T11:02:31,1443.666,  0.400,1,0,247, 25.000, 14.525,  0.000,-23.077, 13.525, 13.800,  0.000, 14.825, 14.300,  0.525,  0.800,  1.000,  0.800,0.00000,  0.000,
mon_rep231013,2023-10-13T11:02:32,1444.066,  0.400,1,0,247, 25.000, 14.525,  0.000,-23.077, 13.525, 13.800,  0.000, 14.825, 14.300,  0.525,  0.800,  1.000,  0.800,0.00000,  0.000,
mon_rep231013,2023-10-13T11:02:32,1444.466,  0.400,1,0,247, 25.000, 14.525,  0.000,-23.077, 13.525, 13.800,  0.000, 14.825, 14.300,  0.525,  0.800,  1.000,  0.800,0.00000,  0.000,
mon_rep231013,2023-10-13T11:02:32,1444.866,  0.400,1,0,247, 25.000, 14.525,  0.000,-23.077, 13.525, 13.800,  0.000, 14.825, 14.300,  0.525,  0.800,  1.000,  0.800,0.00000,  0.000,
mon_rep231013,2023-10-13T11:02:33,1445.266,  0.400,1,0,247, 25.000, 14.525,  0.000,-23.077, 13.525, 13.800,  0.000, 14.825, 14.300,  0.525,  0.800,  1.000,  0.800,0.00000,  0.000,
mon_rep231013,2023-10-13T11:02:33,1445.666,  0.400,1,0,247, 25.000, 14.525,  0.000,-23.077, 13.525, 13.800,  0.000, 14.825, 14.300,  0.525,  0.800,  1.000,  0.800,0.00000,  0.000,
mon_rep231013,2023-10-13T11:02:34,1446.066,  0.400,1,0,247, 25.000, 14.525,  0.000,-23.077, 13.525, 13.800,  0.000, 14.825, 14.300,  0.525,  0.800,  1.000,  0.800,0.00000,  0.000,
mon_rep231013,2023-10-13T11:02:34,1446.466,  0.400,1,0,247, 25.000, 14.525,  0.000,-23.077, 13.525, 13.800,  0.000, 14.825, 14.300,  0.525,  0.800,  1.000,  0.800,0.00000,  0.000,
mon_rep231013,2023-10-13T11:02:34,1446.866,  0.400,1,0,247, 25.000, 14.525,  0.000,-23.077, 13.525, 13.800,  0.000, 14.825, 14.300,  0.525,  0.800,  1.000,  0.800,0.00000,  0.000,
mon_rep231013,2023-10-13T11:02:35,1447.266,  0.400,1,0,247, 25.000, 14.525,  0.000,-23.077, 13.525, 13.800,  0.000, 14.825, 14.300,  0.525,  0.800,  1.000,  0.800,0.00000,  0.000,
mon_rep231013,2023-10-13T11:02:35,1447.666,  0.400,1,0,247, 25.000, 14.525,  0.000,-23.077, 13.525, 13.800,  0.000, 14.825, 14.300,  0.525,  0.800,  1.000,  0.800,0.00000,  0.000,
mon_rep231013,2023-10-13T11:02:36,1448.066,  0.400,1,0,247, 25.000, 14.525,  0.000,-23.077, 13.525, 13.800,  0.000, 14.825, 14.300,  0.525,  0.800,  1.000,  0.800,0.00000,  0.000,
mon_rep231013,2023-10-13T11:02:36,1448.466,  0.400,1,0,247, 25.000, 14.525,  0.000,-23.077, 13.525, 13.800,  0.000, 14.825, 14.300,  0.525,  0.800,  1.000,  0.800,0.00000,  0.000,
mon_rep231013,2023-10-13T11:02:36,1448.866,  0.400,1,0,247, 25.000, 14.525,  0.000,-23.077, 13.525, 13.800,  0.000, 14.825, 14.300,  0.525,  0.800,  1.000,  0.800,0.00000,  0.000,
mon_rep231013,2023-10-13T11:02:37,1449.266,  0.400,1,0,247, 25.000, 14.525,  0.000,-23.077, 13.525, 13.800,  0.000, 14.825, 14.300,  0.525,  0.800,  1.000,  0.800,0.00000,  0.000,
mon_rep231013,2023-10-13T11:02:37,1449.666,  0.400,1,0,247, 25.000, 14.525,  0.000,-23.077, 13.525, 13.800,  0.000, 14.825, 14.300,  0.525,  0.800,  1.000,  0.800,0.00000,  0.000,
mon_rep231013,2023-10-13T11:02:38,1450.066,  0.400,1,0,247, 25.000, 14.525,  0.000,-23.077, 13.525, 13.800,  0.000, 14.825, 14.300,  0.525,  0.800,  1.000,  0.800,0.00000,  0.000,
mon_rep231013,2023-10-13T11:02:38,1450.466,  0.400,1,0,247, 25.000, 14.525,  0.000,-23.077, 13.525, 13.800,  0.000, 14.825, 14.300,  0.525,  0.800,  1.000,  0.800,0.00000,  0.000,
mon_rep231013,2023-10-13T11:02:38,1450.866,  0.400,1,0,247, 25.000, 14.525,  0.000,-23.077, 13.525, 13.800,  0.000, 14.825, 14.300,  0.525,  0.800,  1.000,  0.800,0.00000,  0.000,
mon_rep231013,2023-10-13T11:02:39,1451.266,  0.400,1,0,247, 25.000, 14.525,  0.000,-23.077, 13.525, 13.800,  0.000, 14.825, 14.300,  0.525,  0.800,  1.000,  0.800,0.00000,  0.000,
mon_rep231013,2023-10-13T11:02:39,1451.666,  0.400,1,0,247, 25.000, 14.525,  0.000,-23.077, 13.525, 13.800,  0.000, 14.825, 14.300,  0.525,  0.800,  1.000,  0.800,0.00000,  0.000,
mon_rep231013,2023-10-13T11:02:40,1452.066,  0.400,1,0,247, 25.000, 14.525,  0.000,-23.077, 13.525, 13.800,  0.000, 14.825, 14.300,  0.525,  0.800,  1.000,  0.800,0.00000,  0.000,
mon_rep231013,2023-10-13T11:02:40,1452.466,  0.400,1,0,247, 25.000, 14.525,  0.000,-23.077, 13.525, 13.800,  0.000, 14.825, 14.300,  0.525,  0.800,  1.000,  0.800,0.00000,  0.000,
mon_rep231013,2023-10-13T11:02:40,1452.866,  0.400,1,0,247, 25.000, 14.525,  0.000,-23.077, 13.525, 13.800,  0.000, 14.825, 14.300,  0.525,  0.800,  1.000,  0.800,0.00000,  0.000,
mon_rep231013,2023-10-13T11:02:41,1453.266,  0.400,1,0,247, 25.000, 14.525,  0.000,-23.077, 13.525, 13.800,  0.000, 14.825, 14.300,  0.525,  0.800,  1.000,  0.800,0.00000,  0.000,
mon_rep231013,2023-10-13T11:02:41,1453.666,  0.400,1,0,247, 25.000, 14.525,  0.000,-23.077, 13.525, 13.800,  0.000, 14.825, 14.300,  0.525,  0.800,  1.000,  0.800,0.00000,  0.000,
mon_rep231013,2023-10-13T11:02:42,1454.066,  0.400,1,0,247, 25.000, 14.525,  0.000,-23.077, 13.525, 13.800,  0.000, 14.825, 14.300,  0.525,  0.800,  1.000,  0.800,0.00000,  0.000,
mon_rep231013,2023-10-13T11:02:42,1454.466,  0.400,1,0,247, 25.000, 14.525,  0.000,-23.077, 13.525, 13.800,  0.000, 14.825, 14.300,  0.525,  0.800,  1.000,  0.800,0.00000,  0.000,
mon_rep231013,2023-10-13T11:02:42,1454.866,  0.400,1,0,247, 25.000, 14.525,  0.000,-23.077, 13.525, 13.800,  0.000, 14.825, 14.300,  0.525,  0.800,  1.000,  0.800,0.00000,  0.000,
mon_rep231013,2023-10-13T11:02:43,1455.266,  0.400,1,0,247, 25.000, 14.525,  0.000,-23.077, 13.525, 13.800,  0.000, 14.825, 14.300,  0.525,  0.800,  1.000,  0.800,0.00000,  0.000,
mon_rep231013,2023-10-13T11:02:43,1455.666,  0.400,1,0,247, 25.000, 14.525,  0.000,-23.077, 13.525, 13.800,  0.000, 14.825, 14.300,  0.525,  0.800,  1.000,  0.800,0.00000,  0.000,
mon_rep231013,2023-10-13T11:02:44,1456.066,  0.400,1,0,247, 25.000, 14.525,  0.000,-23.077, 13.525, 13.800,  0.000, 14.825, 14.300,  0.525,  0.800,  1.000,  0.800,0.00000,  0.000,
mon_rep231013,2023-10-13T11:02:44,1456.466,  0.400,1,0,247, 25.000, 14.525,  0.000,-23.077, 13.525, 13.800,  0.000, 14.825, 14.300,  0.525,  0.800,  1.000,  0.800,0.00000,  0.000,
mon_rep231013,2023-10-13T11:02:44,1456.866,  0.400,1,0,247, 25.000, 14.525,  0.000,-23.077, 13.525, 13.800,  0.000, 14.825, 14.300,  0.525,  0.800,  1.000,  0.800,0.00000,  0.000,
mon_rep231013,2023-10-13T11:02:45,1457.266,  0.400,1,0,247, 25.000, 14.525,  0.000,-23.077, 13.525, 13.800,  0.000, 14.825, 14.300,  0.525,  0.800,  1.000,  0.800,0.00000,  0.000,
mon_rep231013,2023-10-13T11:02:45,1457.666,  0.400,1,0,247, 25.000, 14.525,  0.000,-23.077, 13.525, 13.800,  0.000, 14.825, 14.300,  0.525,  0.800,  1.000,  0.800,0.00000,  0.000,
mon_rep231013,2023-10-13T11:02:46,1458.066,  0.400,1,0,247, 25.000, 14.525,  0.000,-23.077, 13.525, 13.800,  0.000, 14.825, 14.300,  0.525,  0.800,  1.000,  0.800,0.00000,  0.000,
mon_rep231013,2023-10-13T11:02:46,1458.466,  0.400,1,0,247, 25.000, 14.525,  0.000,-23.077, 13.525, 13.800,  0.000, 14.825, 14.300,  0.525,  0.800,  1.000,  0.800,0.00000,  0.000,
mon_rep231013,2023-10-13T11:02:46,1458.866,  0.400,1,0,247, 25.000, 14.525,  0.000,-23.077, 13.525, 13.800,  0.000, 14.825, 14.300,  0.525,  0.800,  1.000,  0.800,0.00000,  0.000,
mon_rep231013,2023-10-13T11:02:47,1459.266,  0.400,1,0,247, 25.000, 14.525,  0.000,-23.077, 13.525, 13.800,  0.000, 14.825, 14.300,  0.525,  0.800,  1.000,  0.800,0.00000,  0.000,
mon_rep231013,2023-10-13T11:02:47,1459.666,  0.400,1,0,247, 25.000, 14.525,  0.000,-23.077, 13.525, 13.800,  0.000, 14.825, 14.300,  0.525,  0.800,  1.000,  0.800,0.00000,  0.000,
mon_rep231013,2023-10-13T11:02:48,1460.066,  0.400,1,0,247, 25.000, 14.525,  0.000,-23.077, 13.525, 13.800,  0.000, 14.825, 14.300,  0.525,  0.800,  1.000,  0.800,0.00000,  0.000,
mon_rep231013,2023-10-13T11:02:48,1460.466,  0.400,1,0,247, 25.000, 14.525,  0.000,-23.077, 13.525, 13.800,  0.000, 14.825, 14.300,  0.525,  0.800,  1.000,  0.800,0.00000,  0.000,
mon_rep231013,2023-10-13T11:02:48,1460.866,  0.400,1,0,247, 25.000, 14.525,  0.000,-23.077, 13.525, 13.800,  0.000, 14.825, 14.300,  0.525,  0.800,  1.000,  0.800,0.00000,  0.000,
mon_rep231013,2023-10-13T11:02:49,1461.266,  0.400,1,0,247, 25.000, 14.525,  0.000,-23.077, 13.525, 13.800,  0.000, 14.825, 14.300,  0.525,  0.800,  1.000,  0.800,0.00000,  0.000,
mon_rep231013,2023-10-13T11:02:49,1461.666,  0.400,1,0,247, 25.000, 14.525,  0.000,-23.077, 13.525, 13.800,  0.000, 14.825, 14.300,  0.525,  0.800,  1.000,  0.800,0.00000,  0.000,
mon_rep231013,2023-10-13T11:02:50,1462.066,  0.400,1,0,247, 25.000, 14.525,  0.000,-23.077, 13.525, 13.800,  0.000, 14.825, 14.300,  0.525,  0.800,  1.000,  0.800,0.00000,  0.000,
mon_rep231013,2023-10-13T11:02:50,1462.466,  0.400,1,0,247, 25.000, 14.525,  0.000,-23.077, 13.525, 13.800,  0.000, 14.825, 14.300,  0.525,  0.800,  1.000,  0.800,0.00000,  0.000,
mon_rep231013,2023-10-13T11:02:50,1462.866,  0.400,1,0,247, 25.000, 14.525,  0.000,-23.077, 13.525, 13.800,  0.000, 14.825, 14.300,  0.525,  0.800,  1.000,  0.800,0.00000,  0.000,
mon_rep231013,2023-10-13T11:02:51,1463.266,  0.400,1,0,247, 25.000, 14.525,  0.000,-23.077, 13.525, 13.800,  0.000, 14.825, 14.300,  0.525,  0.800,  1.000,  0.800,0.00000,  0.000,
mon_rep231013,2023-10-13T11:02:51,1463.666,  0.400,1,0,247, 25.000, 14.525,  0.000,-23.077, 13.525, 13.800,  0.000, 14.825, 14.300,  0.525,  0.800,  1.000,  0.800,0.00000,  0.000,
mon_rep231013,2023-10-13T11:02:52,1464.066,  0.400,1,0,247, 25.000, 14.525,  0.000,-23.077, 13.525, 13.800,  0.000, 14.825, 14.300,  0.525,  0.800,  1.000,  0.800,0.00000,  0.000,
mon_rep231013,2023-10-13T11:02:52,1464.466,  0.400,1,0,247, 25.000, 14.525,  0.000,-23.077, 13.525, 13.800,  0.000, 14.825, 14.300,  0.525,  0.800,  1.000,  0.800,0.00000,  0.000,
mon_rep231013,2023-10-13T11:02:52,1464.866,  0.400,1,0,247, 25.000, 14.525,  0.000,-23.077, 13.525, 13.800,  0.000, 14.825, 14.300,  0.525,  0.800,  1.000,  0.800,0.00000,  0.000,
mon_rep231013,2023-10-13T11:02:53,1465.266,  0.400,1,0,247, 25.000, 14.525,  0.000,-23.077, 13.525, 13.800,  0.000, 14.825, 14.300,  0.525,  0.800,  1.000,  0.800,0.00000,  0.000,
mon_rep231013,2023-10-13T11:02:53,1465.666,  0.400,1,0,247, 25.000, 14.525,  0.000,-23.077, 13.525, 13.800,  0.000, 14.825, 14.300,  0.525,  0.800,  1.000,  0.800,0.00000,  0.000,
mon_rep231013,2023-10-13T11:02:54,1466.066,  0.400,1,0,247, 25.000, 14.525,  0.000,-23.077, 13.525, 13.800,  0.000, 14.825, 14.300,  0.525,  0.800,  1.000,  0.800,0.00000,  0.000,
mon_rep231013,2023-10-13T11:02:54,1466.466,  0.400,1,0,247, 25.000, 14.525,  0.000,-23.077, 13.525, 13.800,  0.000, 14.825, 14.300,  0.525,  0.800,  1.000,  0.800,0.00000,  0.000,
mon_rep231013,2023-10-13T11:02:54,1466.866,  0.400,1,0,247, 25.000, 14.525,  0.000,-23.077, 13.525, 13.800,  0.000, 14.825, 14.300,  0.525,  0.800,  1.000,  0.800,0.00000,  0.000,
mon_rep231013,2023-10-13T11:02:55,1467.266,  0.400,1,0,247, 25.000, 14.525,  0.000,-23.077, 13.525, 13.800,  0.000, 14.825, 14.300,  0.525,  0.800,  1.000,  0.800,0.00000,  0.000,
mon_rep231013,2023-10-13T11:02:55,1467.666,  0.400,1,0,247, 25.000, 14.525,  0.000,-23.077, 13.525, 13.800,  0.000, 14.825, 14.300,  0.525,  0.800,  1.000,  0.800,0.00000,  0.000,
mon_rep231013,2023-10-13T11:02:56,1468.066,  0.400,1,0,247, 25.000, 14.525,  0.000,-23.077, 13.525, 13.800,  0.000, 14.825, 14.300,  0.525,  0.800,  1.000,  0.800,0.00000,  0.000,
mon_rep231013,2023-10-13T11:02:56,1468.466,  0.400,1,0,247, 25.000, 14.525,  0.000,-23.077, 13.525, 13.800,  0.000, 14.825, 14.300,  0.525,  0.800,  1.000,  0.800,0.00000,  0.000,
mon_rep231013,2023-10-13T11:02:56,1468.866,  0.400,1,0,247, 25.000, 14.525,  0.000,-23.077, 13.525, 13.800,  0.000, 14.825, 14.300,  0.525,  0.800,  1.000,  0.800,0.00000,  0.000,
mon_rep231013,2023-10-13T11:02:57,1469.266,  0.400,1,0,247, 25.000, 14.525,  0.000,-23.077, 13.525, 13.800,  0.000, 14.825, 14.300,  0.525,  0.800,  1.000,  0.800,0.00000,  0.000,
mon_rep231013,2023-10-13T11:02:57,1469.666,  0.400,1,0,247, 25.000, 14.525,  0.000,-23.077, 13.525, 13.800,  0.000, 14.825, 14.300,  0.525,  0.800,  1.000,  0.800,0.00000,  0.000,
mon_rep231013,2023-10-13T11:02:58,1470.066,  0.400,1,0,247, 25.000, 14.525,  0.000,-23.077, 13.525, 13.800,  0.000, 14.825, 14.300,  0.525,  0.800,  1.000,  0.800,0.00000,  0.000,
mon_rep231013,2023-10-13T11:02:58,1470.466,  0.400,1,0,247, 25.000, 14.525,  0.000,-23.077, 13.525, 13.800,  0.000, 14.825, 14.300,  0.525,  0.800,  1.000,  0.800,0.00000,  0.000,
mon_rep231013,2023-10-13T11:02:58,1470.866,  0.400,1,0,247, 25.000, 14.525,  0.000,-23.077, 13.525, 13.800,  0.000, 14.825, 14.300,  0.525,  0.800,  1.000,  0.800,0.00000,  0.000,
mon_rep231013,2023-10-13T11:02:59,1471.266,  0.400,1,0,247, 25.000, 14.525,  0.000,-23.077, 13.525, 13.800,  0.000, 14.825, 14.300,  0.525,  0.800,  1.000,  0.800,0.00000,  0.000,
mon_rep231013,2023-10-13T11:02:59,1471.666,  0.400,1,0,247, 25.000, 14.525,  0.000,-23.077, 13.525, 13.800,  0.000, 14.825, 14.300,  0.525,  0.800,  1.000,  0.800,0.00000,  0.000,
mon_rep231013,2023-10-13T11:03:00,1472.066,  0.400,1,0,247, 25.000, 14.525,  0.000,-23.077, 13.525, 13.800,  0.000, 14.825, 14.300,  0.525,  0.800,  1.000,  0.800,0.00000,  0.000,
mon_rep231013,2023-10-13T11:03:00,1472.466,  0.400,1,0,247, 25.000, 14.525,  0.000,-23.077, 13.525, 13.800,  0.000, 14.825, 14.300,  0.525,  0.800,  1.000,  0.800,0.00000,  0.000,
mon_rep231013,2023-10-13T11:03:00,1472.866,  0.400,1,0,247, 25.000, 14.525,  0.000,-23.077, 13.525, 13.800,  0.000, 14.825, 14.300,  0.525,  0.800,  1.000,  0.800,0.00000,  0.000,
mon_rep231013,2023-10-13T11:03:01,1473.266,  0.400,1,0,247, 25.000, 14.525,  0.000,-23.077, 13.525, 13.800,  0.000, 14.825, 14.300,  0.525,  0.800,  1.000,  0.800,0.00000,  0.000,
mon_rep231013,2023-10-13T11:03:01,1473.666,  0.400,1,0,247, 25.000, 14.525,  0.000,-23.077, 13.525, 13.800,  0.000, 14.825, 14.300,  0.525,  0.800,  1.000,  0.800,0.00000,  0.000,
mon_rep231013,2023-10-13T11:03:02,1474.066,  0.400,1,0,247, 25.000, 14.525,  0.000,-23.077, 13.525, 13.800,  0.000, 14.825, 14.300,  0.525,  0.800,  1.000,  0.800,0.00000,  0.000,
mon_rep231013,2023-10-13T11:03:02,1474.466,  0.400,1,0,247, 25.000, 14.525,  0.000,-23.077, 13.525, 13.800,  0.000, 14.825, 14.300,  0.525,  0.800,  1.000,  0.800,0.00000,  0.000,
mon_rep231013,2023-10-13T11:03:02,1474.866,  0.400,1,0,247, 25.000, 14.525,  0.000,-23.077, 13.525, 13.800,  0.000, 14.825, 14.300,  0.525,  0.800,  1.000,  0.800,0.00000,  0.000,
mon_rep231013,2023-10-13T11:03:03,1475.266,  0.400,1,0,247, 25.000, 14.525,  0.000,-23.077, 13.525, 13.800,  0.000, 14.825, 14.300,  0.525,  0.800,  1.000,  0.800,0.00000,  0.000,
mon_rep231013,2023-10-13T11:03:03,1475.666,  0.400,1,0,247, 25.000, 14.525,  0.000,-23.077, 13.525, 13.800,  0.000, 14.825, 14.300,  0.525,  0.800,  1.000,  0.800,0.00000,  0.000,
mon_rep231013,2023-10-13T11:03:04,1476.066,  0.400,1,0,247, 25.000, 14.525,  0.000,-23.077, 13.525, 13.800,  0.000, 14.825, 14.300,  0.525,  0.800,  1.000,  0.800,0.00000,  0.000,
mon_rep231013,2023-10-13T11:03:04,1476.466,  0.400,1,0,247, 25.000, 14.525,  0.000,-23.077, 13.525, 13.800,  0.000, 14.825, 14.300,  0.525,  0.800,  1.000,  0.800,0.00000,  0.000,
mon_rep231013,2023-10-13T11:03:04,1476.866,  0.400,1,0,247, 25.000, 14.525,  0.000,-23.077, 13.525, 13.800,  0.000, 14.825, 14.300,  0.525,  0.800,  1.000,  0.800,0.00000,  0.000,
mon_rep231013,2023-10-13T11:03:05,1477.266,  0.400,1,0,247, 25.000, 14.525,  0.000,-23.077, 13.525, 13.800,  0.000, 14.825, 14.300,  0.525,  0.800,  1.000,  0.800,0.00000,  0.000,
mon_rep231013,2023-10-13T11:03:05,1477.666,  0.400,1,0,247, 25.000, 14.525,  0.000,-23.077, 13.525, 13.800,  0.000, 14.825, 14.300,  0.525,  0.800,  1.000,  0.800,0.00000,  0.000,
mon_rep231013,2023-10-13T11:03:06,1478.066,  0.400,1,0,247, 25.000, 14.525,  0.000,-23.077, 13.525, 13.800,  0.000, 14.825, 14.300,  0.525,  0.800,  1.000,  0.800,0.00000,  0.000,
mon_rep231013,2023-10-13T11:03:06,1478.466,  0.400,1,0,247, 25.000, 14.525,  0.000,-23.077, 13.525, 13.800,  0.000, 14.825, 14.300,  0.525,  0.800,  1.000,  0.800,0.00000,  0.000,
mon_rep231013,2023-10-13T11:03:06,1478.866,  0.400,1,0,247, 25.000, 14.525,  0.000,-23.077, 13.525, 13.800,  0.000, 14.825, 14.300,  0.525,  0.800,  1.000,  0.800,0.00000,  0.000,
mon_rep231013,2023-10-13T11:03:07,1479.266,  0.400,1,0,247, 25.000, 14.525,  0.000,-23.077, 13.525, 13.800,  0.000, 14.825, 14.300,  0.525,  0.800,  1.000,  0.800,0.00000,  0.000,
mon_rep231013,2023-10-13T11:03:07,1479.666,  0.400,1,0,247, 25.000, 14.525,  0.000,-23.077, 13.525, 13.800,  0.000, 14.825, 14.300,  0.525,  0.800,  1.000,  0.800,0.00000,  0.000,
mon_rep231013,2023-10-13T11:03:08,1480.066,  0.400,1,0,247, 25.000, 14.525,  0.000,-23.077, 13.525, 13.800,  0.000, 14.825, 14.300,  0.525,  0.800,  1.000,  0.800,0.00000,  0.000,
mon_rep231013,2023-10-13T11:03:08,1480.466,  0.400,1,0,247, 25.000, 14.525,  0.000,-23.077, 13.525, 13.800,  0.000, 14.825, 14.300,  0.525,  0.800,  1.000,  0.800,0.00000,  0.000,
mon_rep231013,2023-10-13T11:03:08,1480.866,  0.400,1,0,247, 25.000, 14.525,  0.000,-23.077, 13.525, 13.800,  0.000, 14.825, 14.300,  0.525,  0.800,  1.000,  0.800,0.00000,  0.000,
mon_rep231013,2023-10-13T11:03:09,1481.266,  0.400,1,0,247, 25.000, 14.525,  0.000,-23.077, 13.525, 13.800,  0.000, 14.825, 14.300,  0.525,  0.800,  1.000,  0.800,0.00000,  0.000,
mon_rep231013,2023-10-13T11:03:09,1481.666,  0.400,1,0,247, 25.000, 14.525,  0.000,-23.077, 13.525, 13.800,  0.000, 14.825, 14.300,  0.525,  0.800,  1.000,  0.800,0.00000,  0.000,
mon_rep231013,2023-10-13T11:03:10,1482.066,  0.400,1,0,247, 25.000, 14.525,  0.000,-23.077, 13.525, 13.800,  0.000, 14.825, 14.300,  0.525,  0.800,  1.000,  0.800,0.00000,  0.000,
mon_rep231013,2023-10-13T11:03:10,1482.466,  0.400,1,0,247, 25.000, 14.525,  0.000,-23.077, 13.525, 13.800,  0.000, 14.825, 14.300,  0.525,  0.800,  1.000,  0.800,0.00000,  0.000,
mon_rep231013,2023-10-13T11:03:10,1482.866,  0.400,1,0,247, 25.000, 14.525,  0.000,-23.077, 13.525, 13.800,  0.000, 14.825, 14.300,  0.525,  0.800,  1.000,  0.800,0.00000,  0.000,
mon_rep231013,2023-10-13T11:03:11,1483.266,  0.400,1,0,247, 25.000, 14.525,  0.000,-23.077, 13.525, 13.800,  0.000, 14.825, 14.300,  0.525,  0.800,  1.000,  0.800,0.00000,  0.000,
mon_rep231013,2023-10-13T11:03:11,1483.666,  0.400,1,0,247, 25.000, 14.525,  0.000,-23.077, 13.525, 13.800,  0.000, 14.825, 14.300,  0.525,  0.800,  1.000,  0.800,0.00000,  0.000,
mon_rep231013,2023-10-13T11:03:12,1484.066,  0.400,1,0,247, 25.000, 14.525,  0.000,-23.077, 13.525, 13.800,  0.000, 14.825, 14.300,  0.525,  0.800,  1.000,  0.800,0.00000,  0.000,
mon_rep231013,2023-10-13T11:03:12,1484.466,  0.400,1,0,247, 25.000, 14.525,  0.000,-23.077, 13.525, 13.800,  0.000, 14.825, 14.300,  0.525,  0.800,  1.000,  0.800,0.00000,  0.000,
mon_rep231013,2023-10-13T11:03:12,1484.866,  0.400,1,0,247, 25.000, 14.525,  0.000,-23.077, 13.525, 13.800,  0.000, 14.825, 14.300,  0.525,  0.800,  1.000,  0.800,0.00000,  0.000,
mon_rep231013,2023-10-13T11:03:13,1485.266,  0.400,1,0,247, 25.000, 14.525,  0.000,-23.077, 13.525, 13.800,  0.000, 14.825, 14.300,  0.525,  0.800,  1.000,  0.800,0.00000,  0.000,
mon_rep231013,2023-10-13T11:03:13,1485.666,  0.400,1,0,247, 25.000, 14.525,  0.000,-23.077, 13.525, 13.800,  0.000, 14.825, 14.300,  0.525,  0.800,  1.000,  0.800,0.00000,  0.000,
mon_rep231013,2023-10-13T11:03:14,1486.066,  0.400,1,0,247, 25.000, 14.525,  0.000,-23.077, 13.525, 13.800,  0.000, 14.825, 14.300,  0.525,  0.800,  1.000,  0.800,0.00000,  0.000,
mon_rep231013,2023-10-13T11:03:14,1486.466,  0.400,1,0,247, 25.000, 14.525,  0.000,-23.077, 13.525, 13.800,  0.000, 14.825, 14.300,  0.525,  0.800,  1.000,  0.800,0.00000,  0.000,
mon_rep231013,2023-10-13T11:03:14,1486.866,  0.400,1,0,247, 25.000, 14.525,  0.000,-23.077, 13.525, 13.800,  0.000, 14.825, 14.300,  0.525,  0.800,  1.000,  0.800,0.00000,  0.000,
mon_rep231013,2023-10-13T11:03:15,1487.266,  0.400,1,0,247, 25.000, 14.525,  0.000,-23.077, 13.525, 13.800,  0.000, 14.825, 14.300,  0.525,  0.800,  1.000,  0.800,0.00000,  0.000,
mon_rep231013,2023-10-13T11:03:15,1487.666,  0.400,1,0,247, 25.000, 14.525,  0.000,-23.077, 13.525, 13.800,  0.000, 14.825, 14.300,  0.525,  0.800,  1.000,  0.800,0.00000,  0.000,
mon_rep231013,2023-10-13T11:03:16,1488.066,  0.400,1,0,247, 25.000, 14.525,  0.000,-23.077, 13.525, 13.800,  0.000, 14.825, 14.300,  0.525,  0.800,  1.000,  0.800,0.00000,  0.000,
mon_rep231013,2023-10-13T11:03:16,1488.466,  0.400,1,0,247, 25.000, 14.525,  0.000,-23.077, 13.525, 13.800,  0.000, 14.825, 14.300,  0.525,  0.800,  1.000,  0.800,0.00000,  0.000,
mon_rep231013,2023-10-13T11:03:16,1488.866,  0.400,1,0,247, 25.000, 14.525,  0.000,-23.077, 13.525, 13.800,  0.000, 14.825, 14.300,  0.525,  0.800,  1.000,  0.800,0.00000,  0.000,
mon_rep231013,2023-10-13T11:03:17,1489.266,  0.400,1,0,247, 25.000, 14.525,  0.000,-23.077, 13.525, 13.800,  0.000, 14.825, 14.300,  0.525,  0.800,  1.000,  0.800,0.00000,  0.000,
mon_rep231013,2023-10-13T11:03:17,1489.666,  0.400,1,0,247, 25.000, 14.525,  0.000,-23.077, 13.525, 13.800,  0.000, 14.825, 14.300,  0.525,  0.800,  1.000,  0.800,0.00000,  0.000,
mon_rep231013,2023-10-13T11:03:18,1490.066,  0.400,1,0,247, 25.000, 14.525,  0.000,-23.077, 13.525, 13.800,  0.000, 14.825, 14.300,  0.525,  0.800,  1.000,  0.800,0.00000,  0.000,
mon_rep231013,2023-10-13T11:03:18,1490.466,  0.400,1,0,247, 25.000, 14.525,  0.000,-23.077, 13.525, 13.800,  0.000, 14.825, 14.300,  0.525,  0.800,  1.000,  0.800,0.00000,  0.000,
mon_rep231013,2023-10-13T11:03:18,1490.866,  0.400,1,0,247, 25.000, 14.525,  0.000,-23.077, 13.525, 13.800,  0.000, 14.825, 14.300,  0.525,  0.800,  1.000,  0.800,0.00000,  0.000,
mon_rep231013,2023-10-13T11:03:19,1491.266,  0.400,1,0,247, 25.000, 14.525,  0.000,-23.077, 13.525, 13.800,  0.000, 14.825, 14.300,  0.525,  0.800,  1.000,  0.800,0.00000,  0.000,
mon_rep231013,2023-10-13T11:03:19,1491.666,  0.400,1,0,247, 25.000, 14.525,  0.000,-23.077, 13.525, 13.800,  0.000, 14.825, 14.300,  0.525,  0.800,  1.000,  0.800,0.00000,  0.000,
mon_rep231013,2023-10-13T11:03:20,1492.066,  0.400,1,0,247, 25.000, 14.525,  0.000,-23.077, 13.525, 13.800,  0.000, 14.825, 14.300,  0.525,  0.800,  1.000,  0.800,0.00000,  0.000,
mon_rep231013,2023-10-13T11:03:20,1492.466,  0.400,1,0,247, 25.000, 14.525,  0.000,-23.077, 13.525, 13.800,  0.000, 14.825, 14.300,  0.525,  0.800,  1.000,  0.800,0.00000,  0.000,
mon_rep231013,2023-10-13T11:03:20,1492.866,  0.400,1,0,247, 25.000, 14.525,  0.000,-23.077, 13.525, 13.800,  0.000, 14.825, 14.300,  0.525,  0.800,  1.000,  0.800,0.00000,  0.000,
mon_rep231013,2023-10-13T11:03:21,1493.266,  0.400,1,0,247, 25.000, 14.525,  0.000,-23.077, 13.525, 13.800,  0.000, 14.825, 14.300,  0.525,  0.800,  1.000,  0.800,0.00000,  0.000,
mon_rep231013,2023-10-13T11:03:21,1493.666,  0.400,1,0,247, 25.000, 14.525,  0.000,-23.077, 13.525, 13.800,  0.000, 14.825, 14.300,  0.525,  0.800,  1.000,  0.800,0.00000,  0.000,
mon_rep231013,2023-10-13T11:03:22,1494.066,  0.400,1,0,247, 25.000, 14.525,  0.000,-23.077, 13.525, 13.800,  0.000, 14.825, 14.300,  0.525,  0.800,  1.000,  0.800,0.00000,  0.000,
mon_rep231013,2023-10-13T11:03:22,1494.466,  0.400,1,0,247, 25.000, 14.525,  0.000,-23.077, 13.525, 13.800,  0.000, 14.825, 14.300,  0.525,  0.800,  1.000,  0.800,0.00000,  0.000,
mon_rep231013,2023-10-13T11:03:22,1494.866,  0.400,1,0,247, 25.000, 14.525,  0.000,-23.077, 13.525, 13.800,  0.000, 14.825, 14.300,  0.525,  0.800,  1.000,  0.800,0.00000,  0.000,
mon_rep231013,2023-10-13T11:03:23,1495.266,  0.400,1,0,247, 25.000, 14.525,  0.000,-23.077, 13.525, 13.800,  0.000, 14.825, 14.300,  0.525,  0.800,  1.000,  0.800,0.00000,  0.000,
mon_rep231013,2023-10-13T11:03:23,1495.666,  0.400,1,0,247, 25.000, 14.525,  0.000,-23.077, 13.525, 13.800,  0.000, 14.825, 14.300,  0.525,  0.800,  1.000,  0.800,0.00000,  0.000,
mon_rep231013,2023-10-13T11:03:24,1496.066,  0.400,1,0,247, 25.000, 14.525,  0.000,-23.077, 13.525, 13.800,  0.000, 14.825, 14.300,  0.525,  0.800,  1.000,  0.800,0.00000,  0.000,
mon_rep231013,2023-10-13T11:03:24,1496.466,  0.400,1,0,247, 25.000, 14.525,  0.000,-23.077, 13.525, 13.800,  0.000, 14.825, 14.300,  0.525,  0.800,  1.000,  0.800,0.00000,  0.000,
mon_rep231013,2023-10-13T11:03:24,1496.866,  0.400,1,0,247, 25.000, 14.525,  0.000,-23.077, 13.525, 13.800,  0.000, 14.825, 14.300,  0.525,  0.800,  1.000,  0.800,0.00000,  0.000,
mon_rep231013,2023-10-13T11:03:25,1497.266,  0.400,1,0,247, 25.000, 14.525,  0.000,-23.077, 13.525, 13.800,  0.000, 14.825, 14.300,  0.525,  0.800,  1.000,  0.800,0.00000,  0.000,
mon_rep231013,2023-10-13T11:03:25,1497.666,  0.400,1,0,247, 25.000, 14.525,  0.000,-23.077, 13.525, 13.800,  0.000, 14.825, 14.300,  0.525,  0.800,  1.000,  0.800,0.00000,  0.000,
mon_rep231013,2023-10-13T11:03:26,1498.066,  0.400,1,0,247, 25.000, 14.525,  0.000,-23.077, 13.525, 13.800,  0.000, 14.825, 14.300,  0.525,  0.800,  1.000,  0.800,0.00000,  0.000,
mon_rep231013,2023-10-13T11:03:26,1498.466,  0.400,1,0,247, 25.000, 14.525,  0.000,-23.077, 13.525, 13.800,  0.000, 14.825, 14.300,  0.525,  0.800,  1.000,  0.800,0.00000,  0.000,
mon_rep231013,2023-10-13T11:03:26,1498.866,  0.400,1,0,247, 25.000, 14.525,  0.000,-23.077, 13.525, 13.800,  0.000, 14.825, 14.300,  0.525,  0.800,  1.000,  0.800,0.00000,  0.000,
mon_rep231013,2023-10-13T11:03:27,1499.266,  0.400,1,0,247, 25.000, 14.525,  0.000,-23.077, 13.525, 13.800,  0.000, 14.825, 14.300,  0.525,  0.800,  1.000,  0.800,0.00000,  0.000,
mon_rep231013,2023-10-13T11:03:27,1499.666,  0.400,1,0,247, 25.000, 14.525,  0.000,-23.077, 13.525, 13.800,  0.000, 14.825, 14.300,  0.525,  0.800,  1.000,  0.800,0.00000,  0.000,
mon_rep231013,2023-10-13T11:03:28,1500.066,  0.400,1,0,247, 25.000, 14.525,  0.000,-23.077, 13.525, 13.800,  0.000, 14.825, 14.300,  0.525,  0.800,  1.000,  0.800,0.00000,  0.000,
mon_rep231013,2023-10-13T11:03:28,1500.466,  0.400,1,0,247, 25.000, 14.525,  0.000,-23.077, 13.525, 13.800,  0.000, 14.825, 14.300,  0.525,  0.800,  1.000,  0.800,0.00000,  0.000,
mon_rep231013,2023-10-13T11:03:28,1500.866,  0.400,1,0,247, 25.000, 14.525,  0.000,-23.077, 13.525, 13.800,  0.000, 14.825, 14.300,  0.525,  0.800,  1.000,  0.800,0.00000,  0.000,
mon_rep231013,2023-10-13T11:03:29,1501.266,  0.400,1,0,247, 25.000, 14.525,  0.000,-23.077, 13.525, 13.800,  0.000, 14.825, 14.300,  0.525,  0.800,  1.000,  0.800,0.00000,  0.000,
mon_rep231013,2023-10-13T11:03:29,1501.666,  0.400,1,0,247, 25.000, 14.525,  0.000,-23.077, 13.525, 13.800,  0.000, 14.825, 14.300,  0.525,  0.800,  1.000,  0.800,0.00000,  0.000,
mon_rep231013,2023-10-13T11:03:30,1502.066,  0.400,1,0,247, 25.000, 14.525,  0.000,-23.077, 13.525, 13.800,  0.000, 14.825, 14.300,  0.525,  0.800,  1.000,  0.800,0.00000,  0.000,
mon_rep231013,2023-10-13T11:03:30,1502.466,  0.400,1,0,247, 25.000, 14.525,  0.000,-23.077, 13.525, 13.800,  0.000, 14.825, 14.300,  0.525,  0.800,  1.000,  0.800,0.00000,  0.000,
mon_rep231013,2023-10-13T11:03:30,1502.866,  0.400,1,0,247, 25.000, 14.525,  0.000,-23.077, 13.525, 13.800,  0.000, 14.825, 14.300,  0.525,  0.800,  1.000,  0.800,0.00000,  0.000,
mon_rep231013,2023-10-13T11:03:31,1503.266,  0.400,1,0,247, 25.000, 14.525,  0.000,-23.077, 13.525, 13.800,  0.000, 14.825, 14.300,  0.525,  0.800,  1.000,  0.800,0.00000,  0.000,
mon_rep231013,2023-10-13T11:03:31,1503.666,  0.400,1,0,247, 25.000, 14.525,  0.000,-23.077, 13.525, 13.800,  0.000, 14.825, 14.300,  0.525,  0.800,  1.000,  0.800,0.00000,  0.000,
mon_rep231013,2023-10-13T11:03:32,1504.066,  0.400,1,0,247, 25.000, 14.525,  0.000,-23.077, 13.525, 13.800,  0.000, 14.825, 14.300,  0.525,  0.800,  1.000,  0.800,0.00000,  0.000,
mon_rep231013,2023-10-13T11:03:32,1504.466,  0.400,1,0,247, 25.000, 14.525,  0.000,-23.077, 13.525, 13.800,  0.000, 14.825, 14.300,  0.525,  0.800,  1.000,  0.800,0.00000,  0.000,
mon_rep231013,2023-10-13T11:03:32,1504.866,  0.400,1,0,247, 25.000, 14.525,  0.000,-23.077, 13.525, 13.800,  0.000, 14.825, 14.300,  0.525,  0.800,  1.000,  0.800,0.00000,  0.000,
mon_rep231013,2023-10-13T11:03:33,1505.266,  0.400,1,0,247, 25.000, 14.525,  0.000,-23.077, 13.525, 13.800,  0.000, 14.825, 14.300,  0.525,  0.800,  1.000,  0.800,0.00000,  0.000,
mon_rep231013,2023-10-13T11:03:33,1505.666,  0.400,1,0,247, 25.000, 14.525,  0.000,-23.077, 13.525, 13.800,  0.000, 14.825, 14.300,  0.525,  0.800,  1.000,  0.800,0.00000,  0.000,
mon_rep231013,2023-10-13T11:03:34,1506.066,  0.400,1,0,247, 25.000, 14.525,  0.000,-23.077, 13.525, 13.800,  0.000, 14.825, 14.300,  0.525,  0.800,  1.000,  0.800,0.00000,  0.000,
mon_rep231013,2023-10-13T11:03:34,1506.466,  0.400,1,0,247, 25.000, 14.525,  0.000,-23.077, 13.525, 13.800,  0.000, 14.825, 14.300,  0.525,  0.800,  1.000,  0.800,0.00000,  0.000,
mon_rep231013,2023-10-13T11:03:34,1506.866,  0.400,1,0,247, 25.000, 14.525,  0.000,-23.077, 13.525, 13.800,  0.000, 14.825, 14.300,  0.525,  0.800,  1.000,  0.800,0.00000,  0.000,
mon_rep231013,2023-10-13T11:03:35,1507.266,  0.400,1,0,247, 25.000, 14.525,  0.000,-23.077, 13.525, 13.800,  0.000, 14.825, 14.300,  0.525,  0.800,  1.000,  0.800,0.00000,  0.000,
mon_rep231013,2023-10-13T11:03:35,1507.666,  0.400,1,0,247, 25.000, 14.525,  0.000,-23.077, 13.525, 13.800,  0.000, 14.825, 14.300,  0.525,  0.800,  1.000,  0.800,0.00000,  0.000,
mon_rep231013,2023-10-13T11:03:36,1508.066,  0.400,1,0,247, 25.000, 14.525,  0.000,-23.077, 13.525, 13.800,  0.000, 14.825, 14.300,  0.525,  0.800,  1.000,  0.800,0.00000,  0.000,
mon_rep231013,2023-10-13T11:03:36,1508.466,  0.400,1,0,247, 25.000, 14.525,  0.000,-23.077, 13.525, 13.800,  0.000, 14.825, 14.300,  0.525,  0.800,  1.000,  0.800,0.00000,  0.000,
mon_rep231013,2023-10-13T11:03:36,1508.866,  0.400,1,0,247, 25.000, 14.525,  0.000,-23.077, 13.525, 13.800,  0.000, 14.825, 14.300,  0.525,  0.800,  1.000,  0.800,0.00000,  0.000,
mon_rep231013,2023-10-13T11:03:37,1509.266,  0.400,1,0,247, 25.000, 14.525,  0.000,-23.077, 13.525, 13.800,  0.000, 14.825, 14.300,  0.525,  0.800,  1.000,  0.800,0.00000,  0.000,
mon_rep231013,2023-10-13T11:03:37,1509.666,  0.400,1,0,247, 25.000, 14.525,  0.000,-23.077, 13.525, 13.800,  0.000, 14.825, 14.300,  0.525,  0.800,  1.000,  0.800,0.00000,  0.000,
mon_rep231013,2023-10-13T11:03:38,1510.066,  0.400,1,0,247, 25.000, 14.525,  0.000,-23.077, 13.525, 13.800,  0.000, 14.825, 14.300,  0.525,  0.800,  1.000,  0.800,0.00000,  0.000,
mon_rep231013,2023-10-13T11:03:38,1510.466,  0.400,1,0,247, 25.000, 14.525,  0.000,-23.077, 13.525, 13.800,  0.000, 14.825, 14.300,  0.525,  0.800,  1.000,  0.800,0.00000,  0.000,
mon_rep231013,2023-10-13T11:03:38,1510.866,  0.400,1,0,247, 25.000, 14.525,  0.000,-23.077, 13.525, 13.800,  0.000, 14.825, 14.300,  0.525,  0.800,  1.000,  0.800,0.00000,  0.000,
mon_rep231013,2023-10-13T11:03:39,1511.266,  0.400,1,0,247, 25.000, 14.525,  0.000,-23.077, 13.525, 13.800,  0.000, 14.825, 14.300,  0.525,  0.800,  1.000,  0.800,0.00000,  0.000,
mon_rep231013,2023-10-13T11:03:39,1511.666,  0.400,1,0,247, 25.000, 14.525,  0.000,-23.077, 13.525, 13.800,  0.000, 14.825, 14.300,  0.525,  0.800,  1.000,  0.800,0.00000,  0.000,
mon_rep231013,2023-10-13T11:03:40,1512.066,  0.400,1,0,247, 25.000, 14.525,  0.000,-23.077, 13.525, 13.800,  0.000, 14.825, 14.300,  0.525,  0.800,  1.000,  0.800,0.00000,  0.000,
mon_rep231013,2023-10-13T11:03:40,1512.466,  0.400,1,0,247, 25.000, 14.525,  0.000,-23.077, 13.525, 13.800,  0.000, 14.825, 14.300,  0.525,  0.800,  1.000,  0.800,0.00000,  0.000,
mon_rep231013,2023-10-13T11:03:40,1512.866,  0.400,1,0,247, 25.000, 14.525,  0.000,-23.077, 13.525, 13.800,  0.000, 14.825, 14.300,  0.525,  0.800,  1.000,  0.800,0.00000,  0.000,
mon_rep231013,2023-10-13T11:03:41,1513.266,  0.400,1,0,247, 25.000, 14.525,  0.000,-23.077, 13.525, 13.800,  0.000, 14.825, 14.300,  0.525,  0.800,  1.000,  0.800,0.00000,  0.000,
mon_rep231013,2023-10-13T11:03:41,1513.666,  0.400,1,0,247, 25.000, 14.525,  0.000,-23.077, 13.525, 13.800,  0.000, 14.825, 14.300,  0.525,  0.800,  1.000,  0.800,0.00000,  0.000,
mon_rep231013,2023-10-13T11:03:42,1514.066,  0.400,1,0,247, 25.000, 14.525,  0.000,-23.077, 13.525, 13.800,  0.000, 14.825, 14.300,  0.525,  0.800,  1.000,  0.800,0.00000,  0.000,
mon_rep231013,2023-10-13T11:03:42,1514.466,  0.400,1,0,247, 25.000, 14.525,  0.000,-23.077, 13.525, 13.800,  0.000, 14.825, 14.300,  0.525,  0.800,  1.000,  0.800,0.00000,  0.000,
mon_rep231013,2023-10-13T11:03:42,1514.866,  0.400,1,0,247, 25.000, 14.525,  0.000,-23.077, 13.525, 13.800,  0.000, 14.825, 14.300,  0.525,  0.800,  1.000,  0.800,0.00000,  0.000,
mon_rep231013,2023-10-13T11:03:43,1515.266,  0.400,1,0,247, 25.000, 14.525,  0.000,-23.077, 13.525, 13.800,  0.000, 14.825, 14.300,  0.525,  0.800,  1.000,  0.800,0.00000,  0.000,
mon_rep231013,2023-10-13T11:03:43,1515.666,  0.400,1,0,247, 25.000, 14.525,  0.000,-23.077, 13.525, 13.800,  0.000, 14.825, 14.300,  0.525,  0.800,  1.000,  0.800,0.00000,  0.000,
mon_rep231013,2023-10-13T11:03:44,1516.066,  0.400,1,0,247, 25.000, 14.525,  0.000,-23.077, 13.525, 13.800,  0.000, 14.825, 14.300,  0.525,  0.800,  1.000,  0.800,0.00000,  0.000,
mon_rep231013,2023-10-13T11:03:44,1516.466,  0.400,1,0,247, 25.000, 14.525,  0.000,-23.077, 13.525, 13.800,  0.000, 14.825, 14.300,  0.525,  0.800,  1.000,  0.800,0.00000,  0.000,
mon_rep231013,2023-10-13T11:03:44,1516.866,  0.400,1,0,247, 25.000, 14.525,  0.000,-23.077, 13.525, 13.800,  0.000, 14.825, 14.300,  0.525,  0.800,  1.000,  0.800,0.00000,  0.000,
mon_rep231013,2023-10-13T11:03:45,1517.266,  0.400,1,0,247, 25.000, 14.525,  0.000,-23.077, 13.525, 13.800,  0.000, 14.825, 14.300,  0.525,  0.800,  1.000,  0.800,0.00000,  0.000,
mon_rep231013,2023-10-13T11:03:45,1517.666,  0.400,1,0,247, 25.000, 14.525,  0.000,-23.077, 13.525, 13.800,  0.000, 14.825, 14.300,  0.525,  0.800,  1.000,  0.800,0.00000,  0.000,
mon_rep231013,2023-10-13T11:03:46,1518.066,  0.400,1,0,247, 25.000, 14.525,  0.000,-23.077, 13.525, 13.800,  0.000, 14.825, 14.300,  0.525,  0.800,  1.000,  0.800,0.00000,  0.000,
mon_rep231013,2023-10-13T11:03:46,1518.466,  0.400,1,0,247, 25.000, 14.525,  0.000,-23.077, 13.525, 13.800,  0.000, 14.825, 14.300,  0.525,  0.800,  1.000,  0.800,0.00000,  0.000,
mon_rep231013,2023-10-13T11:03:46,1518.866,  0.400,1,0,247, 25.000, 14.525,  0.000,-23.077, 13.525, 13.800,  0.000, 14.825, 14.300,  0.525,  0.800,  1.000,  0.800,0.00000,  0.000,
mon_rep231013,2023-10-13T11:03:47,1519.266,  0.400,1,0,247, 25.000, 14.525,  0.000,-23.077, 13.525, 13.800,  0.000, 14.825, 14.300,  0.525,  0.800,  1.000,  0.800,0.00000,  0.000,
mon_rep231013,2023-10-13T11:03:47,1519.666,  0.400,1,0,247, 25.000, 14.525,  0.000,-23.077, 13.525, 13.800,  0.000, 14.825, 14.300,  0.525,  0.800,  1.000,  0.800,0.00000,  0.000,
mon_rep231013,2023-10-13T11:03:48,1520.066,  0.400,1,0,247, 25.000, 14.525,  0.000,-23.077, 13.525, 13.800,  0.000, 14.825, 14.300,  0.525,  0.800,  1.000,  0.800,0.00000,  0.000,
mon_rep231013,2023-10-13T11:03:48,1520.466,  0.400,1,0,247, 25.000, 14.525,  0.000,-23.077, 13.525, 13.800,  0.000, 14.825, 14.300,  0.525,  0.800,  1.000,  0.800,0.00000,  0.000,
mon_rep231013,2023-10-13T11:03:48,1520.866,  0.400,1,0,247, 25.000, 14.525,  0.000,-23.077, 13.525, 13.800,  0.000, 14.825, 14.300,  0.525,  0.800,  1.000,  0.800,0.00000,  0.000,
mon_rep231013,2023-10-13T11:03:49,1521.266,  0.400,1,0,247, 25.000, 14.525,  0.000,-23.077, 13.525, 13.800,  0.000, 14.825, 14.300,  0.525,  0.800,  1.000,  0.800,0.00000,  0.000,
mon_rep231013,2023-10-13T11:03:49,1521.666,  0.400,1,0,247, 25.000, 14.525,  0.000,-23.077, 13.525, 13.800,  0.000, 14.825, 14.300,  0.525,  0.800,  1.000,  0.800,0.00000,  0.000,
mon_rep231013,2023-10-13T11:03:50,1522.066,  0.400,1,0,247, 25.000, 14.525,  0.000,-23.077, 13.525, 13.800,  0.000, 14.825, 14.300,  0.525,  0.800,  1.000,  0.800,0.00000,  0.000,
mon_rep231013,2023-10-13T11:03:50,1522.466,  0.400,1,0,247, 25.000, 14.525,  0.000,-23.077, 13.525, 13.800,  0.000, 14.825, 14.300,  0.525,  0.800,  1.000,  0.800,0.00000,  0.000,
mon_rep231013,2023-10-13T11:03:50,1522.866,  0.400,1,0,247, 25.000, 14.525,  0.000,-23.077, 13.525, 13.800,  0.000, 14.825, 14.300,  0.525,  0.800,  1.000,  0.800,0.00000,  0.000,
mon_rep231013,2023-10-13T11:03:51,1523.266,  0.400,1,0,247, 25.000, 14.525,  0.000,-23.077, 13.525, 13.800,  0.000, 14.825, 14.300,  0.525,  0.800,  1.000,  0.800,0.00000,  0.000,
mon_rep231013,2023-10-13T11:03:51,1523.666,  0.400,1,0,247, 25.000, 14.525,  0.000,-23.077, 13.525, 13.800,  0.000, 14.825, 14.300,  0.525,  0.800,  1.000,  0.800,0.00000,  0.000,
mon_rep231013,2023-10-13T11:03:52,1524.066,  0.400,1,0,247, 25.000, 14.525,  0.000,-23.077, 13.525, 13.800,  0.000, 14.825, 14.300,  0.525,  0.800,  1.000,  0.800,0.00000,  0.000,
mon_rep231013,2023-10-13T11:03:52,1524.466,  0.400,1,0,247, 25.000, 14.525,  0.000,-23.077, 13.525, 13.800,  0.000, 14.825, 14.300,  0.525,  0.800,  1.000,  0.800,0.00000,  0.000,
mon_rep231013,2023-10-13T11:03:52,1524.866,  0.400,1,0,247, 25.000, 14.525,  0.000,-23.077, 13.525, 13.800,  0.000, 14.825, 14.300,  0.525,  0.800,  1.000,  0.800,0.00000,  0.000,
mon_rep231013,2023-10-13T11:03:53,1525.266,  0.400,1,0,247, 25.000, 14.525,  0.000,-23.077, 13.525, 13.800,  0.000, 14.825, 14.300,  0.525,  0.800,  1.000,  0.800,0.00000,  0.000,
mon_rep231013,2023-10-13T11:03:53,1525.666,  0.400,1,0,247, 25.000, 14.525,  0.000,-23.077, 13.525, 13.800,  0.000, 14.825, 14.300,  0.525,  0.800,  1.000,  0.800,0.00000,  0.000,
mon_rep231013,2023-10-13T11:03:54,1526.066,  0.400,1,0,247, 25.000, 14.525,  0.000,-23.077, 13.525, 13.800,  0.000, 14.825, 14.300,  0.525,  0.800,  1.000,  0.800,0.00000,  0.000,
mon_rep231013,2023-10-13T11:03:54,1526.466,  0.400,1,0,247, 25.000, 14.525,  0.000,-23.077, 13.525, 13.800,  0.000, 14.825, 14.300,  0.525,  0.800,  1.000,  0.800,0.00000,  0.000,
mon_rep231013,2023-10-13T11:03:54,1526.866,  0.400,1,0,247, 25.000, 14.525,  0.000,-23.077, 13.525, 13.800,  0.000, 14.825, 14.300,  0.525,  0.800,  1.000,  0.800,0.00000,  0.000,
mon_rep231013,2023-10-13T11:03:55,1527.266,  0.400,1,0,247, 25.000, 14.525,  0.000,-23.077, 13.525, 13.800,  0.000, 14.825, 14.300,  0.525,  0.800,  1.000,  0.800,0.00000,  0.000,
mon_rep231013,2023-10-13T11:03:55,1527.666,  0.400,1,0,247, 25.000, 14.525,  0.000,-23.077, 13.525, 13.800,  0.000, 14.825, 14.300,  0.525,  0.800,  1.000,  0.800,0.00000,  0.000,
mon_rep231013,2023-10-13T11:03:56,1528.066,  0.400,1,0,247, 25.000, 14.525,  0.000,-23.077, 13.525, 13.800,  0.000, 14.825, 14.300,  0.525,  0.800,  1.000,  0.800,0.00000,  0.000,
mon_rep231013,2023-10-13T11:03:56,1528.466,  0.400,1,0,247, 25.000, 14.525,  0.000,-23.077, 13.525, 13.800,  0.000, 14.825, 14.300,  0.525,  0.800,  1.000,  0.800,0.00000,  0.000,
mon_rep231013,2023-10-13T11:03:56,1528.866,  0.400,1,0,247, 25.000, 14.525,  0.000,-23.077, 13.525, 13.800,  0.000, 14.825, 14.300,  0.525,  0.800,  1.000,  0.800,0.00000,  0.000,
mon_rep231013,2023-10-13T11:03:57,1529.266,  0.400,1,0,247, 25.000, 14.525,  0.000,-23.077, 13.525, 13.800,  0.000, 14.825, 14.300,  0.525,  0.800,  1.000,  0.800,0.00000,  0.000,
mon_rep231013,2023-10-13T11:03:57,1529.666,  0.400,1,0,247, 25.000, 14.525,  0.000,-23.077, 13.525, 13.800,  0.000, 14.825, 14.300,  0.525,  0.800,  1.000,  0.800,0.00000,  0.000,
mon_rep231013,2023-10-13T11:03:58,1530.066,  0.400,1,0,247, 25.000, 14.525,  0.000,-23.077, 13.525, 13.800,  0.000, 14.825, 14.300,  0.525,  0.800,  1.000,  0.800,0.00000,  0.000,
mon_rep231013,2023-10-13T11:03:58,1530.466,  0.400,1,0,247, 25.000, 14.525,  0.000,-23.077, 13.525, 13.800,  0.000, 14.825, 14.300,  0.525,  0.800,  1.000,  0.800,0.00000,  0.000,
mon_rep231013,2023-10-13T11:03:58,1530.866,  0.400,1,0,247, 25.000, 14.525,  0.000,-23.077, 13.525, 13.800,  0.000, 14.825, 14.300,  0.525,  0.800,  1.000,  0.800,0.00000,  0.000,
mon_rep231013,2023-10-13T11:03:59,1531.266,  0.400,1,0,247, 25.000, 14.525,  0.000,-23.077, 13.525, 13.800,  0.000, 14.825, 14.300,  0.525,  0.800,  1.000,  0.800,0.00000,  0.000,
mon_rep231013,2023-10-13T11:03:59,1531.666,  0.400,1,0,247, 25.000, 14.525,  0.000,-23.077, 13.525, 13.800,  0.000, 14.825, 14.300,  0.525,  0.800,  1.000,  0.800,0.00000,  0.000,
mon_rep231013,2023-10-13T11:04:00,1532.066,  0.400,1,0,247, 25.000, 14.525,  0.000,-23.077, 13.525, 13.800,  0.000, 14.825, 14.300,  0.525,  0.800,  1.000,  0.800,0.00000,  0.000,
mon_rep231013,2023-10-13T11:04:00,1532.466,  0.400,1,0,247, 25.000, 14.525,  0.000,-23.077, 13.525, 13.800,  0.000, 14.825, 14.300,  0.525,  0.800,  1.000,  0.800,0.00000,  0.000,
mon_rep231013,2023-10-13T11:04:00,1532.866,  0.400,1,0,247, 25.000, 14.525,  0.000,-23.077, 13.525, 13.800,  0.000, 14.825, 14.300,  0.525,  0.800,  1.000,  0.800,0.00000,  0.000,
mon_rep231013,2023-10-13T11:04:01,1533.266,  0.400,1,0,247, 25.000, 14.525,  0.000,-23.077, 13.525, 13.800,  0.000, 14.825, 14.300,  0.525,  0.800,  1.000,  0.800,0.00000,  0.000,
mon_rep231013,2023-10-13T11:04:01,1533.666,  0.400,1,0,247, 25.000, 14.525,  0.000,-23.077, 13.525, 13.800,  0.000, 14.825, 14.300,  0.525,  0.800,  1.000,  0.800,0.00000,  0.000,
mon_rep231013,2023-10-13T11:04:02,1534.066,  0.400,1,0,247, 25.000, 14.525,  0.000,-23.077, 13.525, 13.800,  0.000, 14.825, 14.300,  0.525,  0.800,  1.000,  0.800,0.00000,  0.000,
mon_rep231013,2023-10-13T11:04:02,1534.466,  0.400,1,0,247, 25.000, 14.525,  0.000,-23.077, 13.525, 13.800,  0.000, 14.825, 14.300,  0.525,  0.800,  1.000,  0.800,0.00000,  0.000,
mon_rep231013,2023-10-13T11:04:02,1534.866,  0.400,1,0,247, 25.000, 14.525,  0.000,-23.077, 13.525, 13.800,  0.000, 14.825, 14.300,  0.525,  0.800,  1.000,  0.800,0.00000,  0.000,
mon_rep231013,2023-10-13T11:04:03,1535.266,  0.400,1,0,247, 25.000, 14.525,  0.000,-23.077, 13.525, 13.800,  0.000, 14.825, 14.300,  0.525,  0.800,  1.000,  0.800,0.00000,  0.000,
mon_rep231013,2023-10-13T11:04:03,1535.666,  0.400,1,0,247, 25.000, 14.525,  0.000,-23.077, 13.525, 13.800,  0.000, 14.825, 14.300,  0.525,  0.800,  1.000,  0.800,0.00000,  0.000,
mon_rep231013,2023-10-13T11:04:04,1536.066,  0.400,1,0,247, 25.000, 14.525,  0.000,-23.077, 13.525, 13.800,  0.000, 14.825, 14.300,  0.525,  0.800,  1.000,  0.800,0.00000,  0.000,
mon_rep231013,2023-10-13T11:04:04,1536.466,  0.400,1,0,247, 25.000, 14.525,  0.000,-23.077, 13.525, 13.800,  0.000, 14.825, 14.300,  0.525,  0.800,  1.000,  0.800,0.00000,  0.000,
mon_rep231013,2023-10-13T11:04:04,1536.866,  0.400,1,0,247, 25.000, 14.525,  0.000,-23.077, 13.525, 13.800,  0.000, 14.825, 14.300,  0.525,  0.800,  1.000,  0.800,0.00000,  0.000,
mon_rep231013,2023-10-13T11:04:05,1537.266,  0.400,1,0,247, 25.000, 14.525,  0.000,-23.077, 13.525, 13.800,  0.000, 14.825, 14.300,  0.525,  0.800,  1.000,  0.800,0.00000,  0.000,
mon_rep231013,2023-10-13T11:04:05,1537.666,  0.400,1,0,247, 25.000, 14.525,  0.000,-23.077, 13.525, 13.800,  0.000, 14.825, 14.300,  0.525,  0.800,  1.000,  0.800,0.00000,  0.000,
mon_rep231013,2023-10-13T11:04:06,1538.066,  0.400,1,0,247, 25.000, 14.525,  0.000,-23.077, 13.525, 13.800,  0.000, 14.825, 14.300,  0.525,  0.800,  1.000,  0.800,0.00000,  0.000,
mon_rep231013,2023-10-13T11:04:06,1538.466,  0.400,1,0,247, 25.000, 14.525,  0.000,-23.077, 13.525, 13.800,  0.000, 14.825, 14.300,  0.525,  0.800,  1.000,  0.800,0.00000,  0.000,
mon_rep231013,2023-10-13T11:04:06,1538.866,  0.400,1,0,247, 25.000, 14.525,  0.000,-23.077, 13.525, 13.800,  0.000, 14.825, 14.300,  0.525,  0.800,  1.000,  0.800,0.00000,  0.000,
mon_rep231013,2023-10-13T11:04:07,1539.266,  0.400,1,0,247, 25.000, 14.525,  0.000,-23.077, 13.525, 13.800,  0.000, 14.825, 14.300,  0.525,  0.800,  1.000,  0.800,0.00000,  0.000,
mon_rep231013,2023-10-13T11:04:07,1539.666,  0.400,1,0,247, 25.000, 14.525,  0.000,-23.077, 13.525, 13.800,  0.000, 14.825, 14.300,  0.525,  0.800,  1.000,  0.800,0.00000,  0.000,
mon_rep231013,2023-10-13T11:04:08,1540.066,  0.400,1,0,247, 25.000, 14.525,  0.000,-23.077, 13.525, 13.800,  0.000, 14.825, 14.300,  0.525,  0.800,  1.000,  0.800,0.00000,  0.000,
mon_rep231013,2023-10-13T11:04:08,1540.466,  0.400,1,0,247, 25.000, 14.525,  0.000,-23.077, 13.525, 13.800,  0.000, 14.825, 14.300,  0.525,  0.800,  1.000,  0.800,0.00000,  0.000,
mon_rep231013,2023-10-13T11:04:08,1540.866,  0.400,1,0,247, 25.000, 14.525,  0.000,-23.077, 13.525, 13.800,  0.000, 14.825, 14.300,  0.525,  0.800,  1.000,  0.800,0.00000,  0.000,
mon_rep231013,2023-10-13T11:04:09,1541.266,  0.400,1,0,247, 25.000, 14.525,  0.000,-23.077, 13.525, 13.800,  0.000, 14.825, 14.300,  0.525,  0.800,  1.000,  0.800,0.00000,  0.000,
mon_rep231013,2023-10-13T11:04:09,1541.666,  0.400,1,0,247, 25.000, 14.525,  0.000,-23.077, 13.525, 13.800,  0.000, 14.825, 14.300,  0.525,  0.800,  1.000,  0.800,0.00000,  0.000,
mon_rep231013,2023-10-13T11:04:10,1542.066,  0.400,1,0,247, 25.000, 14.525,  0.000,-23.077, 13.525, 13.800,  0.000, 14.825, 14.300,  0.525,  0.800,  1.000,  0.800,0.00000,  0.000,
mon_rep231013,2023-10-13T11:04:10,1542.466,  0.400,1,0,247, 25.000, 14.525,  0.000,-23.077, 13.525, 13.800,  0.000, 14.825, 14.300,  0.525,  0.800,  1.000,  0.800,0.00000,  0.000,
mon_rep231013,2023-10-13T11:04:10,1542.866,  0.400,1,0,247, 25.000, 14.525,  0.000,-23.077, 13.525, 13.800,  0.000, 14.825, 14.300,  0.525,  0.800,  1.000,  0.800,0.00000,  0.000,
mon_rep231013,2023-10-13T11:04:11,1543.266,  0.400,1,0,247, 25.000, 14.525,  0.000,-23.077, 13.525, 13.800,  0.000, 14.825, 14.300,  0.525,  0.800,  1.000,  0.800,0.00000,  0.000,
mon_rep231013,2023-10-13T11:04:11,1543.666,  0.400,1,0,247, 25.000, 14.525,  0.000,-23.077, 13.525, 13.800,  0.000, 14.825, 14.300,  0.525,  0.800,  1.000,  0.800,0.00000,  0.000,
mon_rep231013,2023-10-13T11:04:12,1544.066,  0.400,1,0,247, 25.000, 14.525,  0.000,-23.077, 13.525, 13.800,  0.000, 14.825, 14.300,  0.525,  0.800,  1.000,  0.800,0.00000,  0.000,
mon_rep231013,2023-10-13T11:04:12,1544.466,  0.400,1,0,247, 25.000, 14.525,  0.000,-23.077, 13.525, 13.800,  0.000, 14.825, 14.300,  0.525,  0.800,  1.000,  0.800,0.00000,  0.000,
mon_rep231013,2023-10-13T11:04:12,1544.866,  0.400,1,0,247, 25.000, 14.525,  0.000,-23.077, 13.525, 13.800,  0.000, 14.825, 14.300,  0.525,  0.800,  1.000,  0.800,0.00000,  0.000,
mon_rep231013,2023-10-13T11:04:13,1545.266,  0.400,1,0,247, 25.000, 14.525,  0.000,-23.077, 13.525, 13.800,  0.000, 14.825, 14.300,  0.525,  0.800,  1.000,  0.800,0.00000,  0.000,
mon_rep231013,2023-10-13T11:04:13,1545.666,  0.400,1,0,247, 25.000, 14.525,  0.000,-23.077, 13.525, 13.800,  0.000, 14.825, 14.300,  0.525,  0.800,  1.000,  0.800,0.00000,  0.000,
mon_rep231013,2023-10-13T11:04:14,1546.066,  0.400,1,0,247, 25.000, 14.525,  0.000,-23.077, 13.525, 13.800,  0.000, 14.825, 14.300,  0.525,  0.800,  1.000,  0.800,0.00000,  0.000,
mon_rep231013,2023-10-13T11:04:14,1546.466,  0.400,1,0,247, 25.000, 14.525,  0.000,-23.077, 13.525, 13.800,  0.000, 14.825, 14.300,  0.525,  0.800,  1.000,  0.800,0.00000,  0.000,
mon_rep231013,2023-10-13T11:04:14,1546.866,  0.400,1,0,247, 25.000, 14.525,  0.000,-23.077, 13.525, 13.800,  0.000, 14.825, 14.300,  0.525,  0.800,  1.000,  0.800,0.00000,  0.000,
mon_rep231013,2023-10-13T11:04:15,1547.266,  0.400,1,0,247, 25.000, 14.525,  0.000,-23.077, 13.525, 13.800,  0.000, 14.825, 14.300,  0.525,  0.800,  1.000,  0.800,0.00000,  0.000,
mon_rep231013,2023-10-13T11:04:15,1547.666,  0.400,1,0,247, 25.000, 14.525,  0.000,-23.077, 13.525, 13.800,  0.000, 14.825, 14.300,  0.525,  0.800,  1.000,  0.800,0.00000,  0.000,
mon_rep231013,2023-10-13T11:04:16,1548.066,  0.400,1,0,247, 25.000, 14.525,  0.000,-23.077, 13.525, 13.800,  0.000, 14.825, 14.300,  0.525,  0.800,  1.000,  0.800,0.00000,  0.000,
mon_rep231013,2023-10-13T11:04:16,1548.466,  0.400,1,0,247, 25.000, 14.525,  0.000,-23.077, 13.525, 13.800,  0.000, 14.825, 14.300,  0.525,  0.800,  1.000,  0.800,0.00000,  0.000,
mon_rep231013,2023-10-13T11:04:16,1548.866,  0.400,1,0,247, 25.000, 14.525,  0.000,-23.077, 13.525, 13.800,  0.000, 14.825, 14.300,  0.525,  0.800,  1.000,  0.800,0.00000,  0.000,
mon_rep231013,2023-10-13T11:04:17,1549.266,  0.400,1,0,247, 25.000, 14.525,  0.000,-23.077, 13.525, 13.800,  0.000, 14.825, 14.300,  0.525,  0.800,  1.000,  0.800,0.00000,  0.000,
mon_rep231013,2023-10-13T11:04:17,1549.666,  0.400,1,0,247, 25.000, 14.525,  0.000,-23.077, 13.525, 13.800,  0.000, 14.825, 14.300,  0.525,  0.800,  1.000,  0.800,0.00000,  0.000,
mon_rep231013,2023-10-13T11:04:18,1550.066,  0.400,1,0,247, 25.000, 14.525,  0.000,-23.077, 13.525, 13.800,  0.000, 14.825, 14.300,  0.525,  0.800,  1.000,  0.800,0.00000,  0.000,
mon_rep231013,2023-10-13T11:04:18,1550.466,  0.400,1,0,247, 25.000, 14.525,  0.000,-23.077, 13.525, 13.800,  0.000, 14.825, 14.300,  0.525,  0.800,  1.000,  0.800,0.00000,  0.000,
mon_rep231013,2023-10-13T11:04:18,1550.866,  0.400,1,0,247, 25.000, 14.525,  0.000,-23.077, 13.525, 13.800,  0.000, 14.825, 14.300,  0.525,  0.800,  1.000,  0.800,0.00000,  0.000,
mon_rep231013,2023-10-13T11:04:19,1551.266,  0.400,1,0,247, 25.000, 14.525,  0.000,-23.077, 13.525, 13.800,  0.000, 14.825, 14.300,  0.525,  0.800,  1.000,  0.800,0.00000,  0.000,
mon_rep231013,2023-10-13T11:04:19,1551.666,  0.400,1,0,247, 25.000, 14.525,  0.000,-23.077, 13.525, 13.800,  0.000, 14.825, 14.300,  0.525,  0.800,  1.000,  0.800,0.00000,  0.000,
mon_rep231013,2023-10-13T11:04:20,1552.066,  0.400,1,0,247, 25.000, 14.525,  0.000,-23.077, 13.525, 13.800,  0.000, 14.825, 14.300,  0.525,  0.800,  1.000,  0.800,0.00000,  0.000,
mon_rep231013,2023-10-13T11:04:20,1552.466,  0.400,1,0,247, 25.000, 14.525,  0.000,-23.077, 13.525, 13.800,  0.000, 14.825, 14.300,  0.525,  0.800,  1.000,  0.800,0.00000,  0.000,
mon_rep231013,2023-10-13T11:04:20,1552.866,  0.400,1,0,247, 25.000, 14.525,  0.000,-23.077, 13.525, 13.800,  0.000, 14.825, 14.300,  0.525,  0.800,  1.000,  0.800,0.00000,  0.000,
mon_rep231013,2023-10-13T11:04:21,1553.266,  0.400,1,0,247, 25.000, 14.525,  0.000,-23.077, 13.525, 13.800,  0.000, 14.825, 14.300,  0.525,  0.800,  1.000,  0.800,0.00000,  0.000,
mon_rep231013,2023-10-13T11:04:21,1553.666,  0.400,1,0,247, 25.000, 14.525,  0.000,-23.077, 13.525, 13.800,  0.000, 14.825, 14.300,  0.525,  0.800,  1.000,  0.800,0.00000,  0.000,
mon_rep231013,2023-10-13T11:04:22,1554.066,  0.400,1,0,247, 25.000, 14.525,  0.000,-23.077, 13.525, 13.800,  0.000, 14.825, 14.300,  0.525,  0.800,  1.000,  0.800,0.00000,  0.000,
mon_rep231013,2023-10-13T11:04:22,1554.466,  0.400,1,0,247, 25.000, 14.525,  0.000,-23.077, 13.525, 13.800,  0.000, 14.825, 14.300,  0.525,  0.800,  1.000,  0.800,0.00000,  0.000,
mon_rep231013,2023-10-13T11:04:22,1554.866,  0.400,1,0,247, 25.000, 14.525,  0.000,-23.077, 13.525, 13.800,  0.000, 14.825, 14.300,  0.525,  0.800,  1.000,  0.800,0.00000,  0.000,
mon_rep231013,2023-10-13T11:04:23,1555.266,  0.400,1,0,247, 25.000, 14.525,  0.000,-23.077, 13.525, 13.800,  0.000, 14.825, 14.300,  0.525,  0.800,  1.000,  0.800,0.00000,  0.000,
mon_rep231013,2023-10-13T11:04:23,1555.666,  0.400,1,0,247, 25.000, 14.525,  0.000,-23.077, 13.525, 13.800,  0.000, 14.825, 14.300,  0.525,  0.800,  1.000,  0.800,0.00000,  0.000,
mon_rep231013,2023-10-13T11:04:24,1556.066,  0.400,1,0,247, 25.000, 14.525,  0.000,-23.077, 13.525, 13.800,  0.000, 14.825, 14.300,  0.525,  0.800,  1.000,  0.800,0.00000,  0.000,
mon_rep231013,2023-10-13T11:04:24,1556.466,  0.400,1,0,247, 25.000, 14.525,  0.000,-23.077, 13.525, 13.800,  0.000, 14.825, 14.300,  0.525,  0.800,  1.000,  0.800,0.00000,  0.000,
mon_rep231013,2023-10-13T11:04:24,1556.866,  0.400,1,0,247, 25.000, 14.525,  0.000,-23.077, 13.525, 13.800,  0.000, 14.825, 14.300,  0.525,  0.800,  1.000,  0.800,0.00000,  0.000,
mon_rep231013,2023-10-13T11:04:25,1557.266,  0.400,1,0,247, 25.000, 14.525,  0.000,-23.077, 13.525, 13.800,  0.000, 14.825, 14.300,  0.525,  0.800,  1.000,  0.800,0.00000,  0.000,
mon_rep231013,2023-10-13T11:04:25,1557.666,  0.400,1,0,247, 25.000, 14.525,  0.000,-23.077, 13.525, 13.800,  0.000, 14.825, 14.300,  0.525,  0.800,  1.000,  0.800,0.00000,  0.000,
mon_rep231013,2023-10-13T11:04:26,1558.066,  0.400,1,0,247, 25.000, 14.525,  0.000,-23.077, 13.525, 13.800,  0.000, 14.825, 14.300,  0.525,  0.800,  1.000,  0.800,0.00000,  0.000,
mon_rep231013,2023-10-13T11:04:26,1558.466,  0.400,1,0,247, 25.000, 14.525,  0.000,-23.077, 13.525, 13.800,  0.000, 14.825, 14.300,  0.525,  0.800,  1.000,  0.800,0.00000,  0.000,
mon_rep231013,2023-10-13T11:04:26,1558.866,  0.400,1,0,247, 25.000, 14.525,  0.000,-23.077, 13.525, 13.800,  0.000, 14.825, 14.300,  0.525,  0.800,  1.000,  0.800,0.00000,  0.000,
mon_rep231013,2023-10-13T11:04:27,1559.266,  0.400,1,0,247, 25.000, 14.525,  0.000,-23.077, 13.525, 13.800,  0.000, 14.825, 14.300,  0.525,  0.800,  1.000,  0.800,0.00000,  0.000,
mon_rep231013,2023-10-13T11:04:27,1559.666,  0.400,1,0,247, 25.000, 14.525,  0.000,-23.077, 13.525, 13.800,  0.000, 14.825, 14.300,  0.525,  0.800,  1.000,  0.800,0.00000,  0.000,
mon_rep231013,2023-10-13T11:04:28,1560.066,  0.400,1,0,247, 25.000, 14.525,  0.000,-23.077, 13.525, 13.800,  0.000, 14.825, 14.300,  0.525,  0.800,  1.000,  0.800,0.00000,  0.000,
mon_rep231013,2023-10-13T11:04:28,1560.466,  0.400,1,0,247, 25.000, 14.525,  0.000,-23.077, 13.525, 13.800,  0.000, 14.825, 14.300,  0.525,  0.800,  1.000,  0.800,0.00000,  0.000,
mon_rep231013,2023-10-13T11:04:28,1560.866,  0.400,1,0,247, 25.000, 14.525,  0.000,-23.077, 13.525, 13.800,  0.000, 14.825, 14.300,  0.525,  0.800,  1.000,  0.800,0.00000,  0.000,
mon_rep231013,2023-10-13T11:04:29,1561.266,  0.400,1,0,247, 25.000, 14.525,  0.000,-23.077, 13.525, 13.800,  0.000, 14.825, 14.300,  0.525,  0.800,  1.000,  0.800,0.00000,  0.000,
mon_rep231013,2023-10-13T11:04:29,1561.666,  0.400,1,0,247, 25.000, 14.525,  0.000,-23.077, 13.525, 13.800,  0.000, 14.825, 14.300,  0.525,  0.800,  1.000,  0.800,0.00000,  0.000,
mon_rep231013,2023-10-13T11:04:30,1562.066,  0.400,1,0,247, 25.000, 14.525,  0.000,-23.077, 13.525, 13.800,  0.000, 14.825, 14.300,  0.525,  0.800,  1.000,  0.800,0.00000,  0.000,
mon_rep231013,2023-10-13T11:04:30,1562.466,  0.400,1,0,247, 25.000, 14.525,  0.000,-23.077, 13.525, 13.800,  0.000, 14.825, 14.300,  0.525,  0.800,  1.000,  0.800,0.00000,  0.000,
mon_rep231013,2023-10-13T11:04:30,1562.866,  0.400,1,0,247, 25.000, 14.525,  0.000,-23.077, 13.525, 13.800,  0.000, 14.825, 14.300,  0.525,  0.800,  1.000,  0.800,0.00000,  0.000,
mon_rep231013,2023-10-13T11:04:31,1563.266,  0.400,1,0,247, 25.000, 14.525,  0.000,-23.077, 13.525, 13.800,  0.000, 14.825, 14.300,  0.525,  0.800,  1.000,  0.800,0.00000,  0.000,
mon_rep231013,2023-10-13T11:04:31,1563.666,  0.400,1,0,247, 25.000, 14.525,  0.000,-23.077, 13.525, 13.800,  0.000, 14.825, 14.300,  0.525,  0.800,  1.000,  0.800,0.00000,  0.000,
mon_rep231013,2023-10-13T11:04:32,1564.066,  0.400,1,0,247, 25.000, 14.525,  0.000,-23.077, 13.525, 13.800,  0.000, 14.825, 14.300,  0.525,  0.800,  1.000,  0.800,0.00000,  0.000,
mon_rep231013,2023-10-13T11:04:32,1564.466,  0.400,1,0,247, 25.000, 14.525,  0.000,-23.077, 13.525, 13.800,  0.000, 14.825, 14.300,  0.525,  0.800,  1.000,  0.800,0.00000,  0.000,
mon_rep231013,2023-10-13T11:04:32,1564.866,  0.400,1,0,247, 25.000, 14.525,  0.000,-23.077, 13.525, 13.800,  0.000, 14.825, 14.300,  0.525,  0.800,  1.000,  0.800,0.00000,  0.000,
mon_rep231013,2023-10-13T11:04:33,1565.266,  0.400,1,0,247, 25.000, 14.525,  0.000,-23.077, 13.525, 13.800,  0.000, 14.825, 14.300,  0.525,  0.800,  1.000,  0.800,0.00000,  0.000,
mon_rep231013,2023-10-13T11:04:33,1565.666,  0.400,1,0,247, 25.000, 14.525,  0.000,-23.077, 13.525, 13.800,  0.000, 14.825, 14.300,  0.525,  0.800,  1.000,  0.800,0.00000,  0.000,
mon_rep231013,2023-10-13T11:04:34,1566.066,  0.400,1,0,247, 25.000, 14.525,  0.000,-23.077, 13.525, 13.800,  0.000, 14.825, 14.300,  0.525,  0.800,  1.000,  0.800,0.00000,  0.000,
mon_rep231013,2023-10-13T11:04:34,1566.466,  0.400,1,0,247, 25.000, 14.525,  0.000,-23.077, 13.525, 13.800,  0.000, 14.825, 14.300,  0.525,  0.800,  1.000,  0.800,0.00000,  0.000,
mon_rep231013,2023-10-13T11:04:34,1566.866,  0.400,1,0,247, 25.000, 14.525,  0.000,-23.077, 13.525, 13.800,  0.000, 14.825, 14.300,  0.525,  0.800,  1.000,  0.800,0.00000,  0.000,
mon_rep231013,2023-10-13T11:04:35,1567.266,  0.400,1,0,247, 25.000, 14.525,  0.000,-23.077, 13.525, 13.800,  0.000, 14.825, 14.300,  0.525,  0.800,  1.000,  0.800,0.00000,  0.000,
mon_rep231013,2023-10-13T11:04:35,1567.666,  0.400,1,0,247, 25.000, 14.525,  0.000,-23.077, 13.525, 13.800,  0.000, 14.825, 14.300,  0.525,  0.800,  1.000,  0.800,0.00000,  0.000,
mon_rep231013,2023-10-13T11:04:36,1568.066,  0.400,1,0,247, 25.000, 14.525,  0.000,-23.077, 13.525, 13.800,  0.000, 14.825, 14.300,  0.525,  0.800,  1.000,  0.800,0.00000,  0.000,
mon_rep231013,2023-10-13T11:04:36,1568.466,  0.400,1,0,247, 25.000, 14.525,  0.000,-23.077, 13.525, 13.800,  0.000, 14.825, 14.300,  0.525,  0.800,  1.000,  0.800,0.00000,  0.000,
mon_rep231013,2023-10-13T11:04:36,1568.866,  0.400,1,0,247, 25.000, 14.525,  0.000,-23.077, 13.525, 13.800,  0.000, 14.825, 14.300,  0.525,  0.800,  1.000,  0.800,0.00000,  0.000,
mon_rep231013,2023-10-13T11:04:37,1569.266,  0.400,1,0,247, 25.000, 14.525,  0.000,-23.077, 13.525, 13.800,  0.000, 14.825, 14.300,  0.525,  0.800,  1.000,  0.800,0.00000,  0.000,
mon_rep231013,2023-10-13T11:04:37,1569.666,  0.400,1,0,247, 25.000, 14.525,  0.000,-23.077, 13.525, 13.800,  0.000, 14.825, 14.300,  0.525,  0.800,  1.000,  0.800,0.00000,  0.000,
mon_rep231013,2023-10-13T11:04:38,1570.066,  0.400,1,0,247, 25.000, 14.525,  0.000,-23.077, 13.525, 13.800,  0.000, 14.825, 14.300,  0.525,  0.800,  1.000,  0.800,0.00000,  0.000,
mon_rep231013,2023-10-13T11:04:38,1570.466,  0.400,1,0,247, 25.000, 14.525,  0.000,-23.077, 13.525, 13.800,  0.000, 14.825, 14.300,  0.525,  0.800,  1.000,  0.800,0.00000,  0.000,
mon_rep231013,2023-10-13T11:04:38,1570.866,  0.400,1,0,247, 25.000, 14.525,  0.000,-23.077, 13.525, 13.800,  0.000, 14.825, 14.300,  0.525,  0.800,  1.000,  0.800,0.00000,  0.000,
mon_rep231013,2023-10-13T11:04:39,1571.266,  0.400,1,0,247, 25.000, 14.525,  0.000,-23.077, 13.525, 13.800,  0.000, 14.825, 14.300,  0.525,  0.800,  1.000,  0.800,0.00000,  0.000,
mon_rep231013,2023-10-13T11:04:39,1571.666,  0.400,1,0,247, 25.000, 14.525,  0.000,-23.077, 13.525, 13.800,  0.000, 14.825, 14.300,  0.525,  0.800,  1.000,  0.800,0.00000,  0.000,
mon_rep231013,2023-10-13T11:04:40,1572.066,  0.400,1,0,247, 25.000, 14.525,  0.000,-23.077, 13.525, 13.800,  0.000, 14.825, 14.300,  0.525,  0.800,  1.000,  0.800,0.00000,  0.000,
mon_rep231013,2023-10-13T11:04:40,1572.466,  0.400,1,0,247, 25.000, 14.525,  0.000,-23.077, 13.525, 13.800,  0.000, 14.825, 14.300,  0.525,  0.800,  1.000,  0.800,0.00000,  0.000,
mon_rep231013,2023-10-13T11:04:40,1572.866,  0.400,1,0,247, 25.000, 14.525,  0.000,-23.077, 13.525, 13.800,  0.000, 14.825, 14.300,  0.525,  0.800,  1.000,  0.800,0.00000,  0.000,
mon_rep231013,2023-10-13T11:04:41,1573.266,  0.400,1,0,247, 25.000, 14.525,  0.000,-23.077, 13.525, 13.800,  0.000, 14.825, 14.300,  0.525,  0.800,  1.000,  0.800,0.00000,  0.000,
mon_rep231013,2023-10-13T11:04:41,1573.666,  0.400,1,0,247, 25.000, 14.525,  0.000,-23.077, 13.525, 13.800,  0.000, 14.825, 14.300,  0.525,  0.800,  1.000,  0.800,0.00000,  0.000,
mon_rep231013,2023-10-13T11:04:42,1574.066,  0.400,1,0,247, 25.000, 14.525,  0.000,-23.077, 13.525, 13.800,  0.000, 14.825, 14.300,  0.525,  0.800,  1.000,  0.800,0.00000,  0.000,
mon_rep231013,2023-10-13T11:04:42,1574.466,  0.400,1,0,247, 25.000, 14.525,  0.000,-23.077, 13.525, 13.800,  0.000, 14.825, 14.300,  0.525,  0.800,  1.000,  0.800,0.00000,  0.000,
mon_rep231013,2023-10-13T11:04:42,1574.866,  0.400,1,0,247, 25.000, 14.525,  0.000,-23.077, 13.525, 13.800,  0.000, 14.825, 14.300,  0.525,  0.800,  1.000,  0.800,0.00000,  0.000,
mon_rep231013,2023-10-13T11:04:43,1575.266,  0.400,1,0,247, 25.000, 14.525,  0.000,-23.077, 13.525, 13.800,  0.000, 14.825, 14.300,  0.525,  0.800,  1.000,  0.800,0.00000,  0.000,
mon_rep231013,2023-10-13T11:04:43,1575.666,  0.400,1,0,247, 25.000, 14.525,  0.000,-23.077, 13.525, 13.800,  0.000, 14.825, 14.300,  0.525,  0.800,  1.000,  0.800,0.00000,  0.000,
mon_rep231013,2023-10-13T11:04:44,1576.066,  0.400,1,0,247, 25.000, 14.525,  0.000,-23.077, 13.525, 13.800,  0.000, 14.825, 14.300,  0.525,  0.800,  1.000,  0.800,0.00000,  0.000,
mon_rep231013,2023-10-13T11:04:44,1576.466,  0.400,1,0,247, 25.000, 14.525,  0.000,-23.077, 13.525, 13.800,  0.000, 14.825, 14.300,  0.525,  0.800,  1.000,  0.800,0.00000,  0.000,
mon_rep231013,2023-10-13T11:04:44,1576.866,  0.400,1,0,247, 25.000, 14.525,  0.000,-23.077, 13.525, 13.800,  0.000, 14.825, 14.300,  0.525,  0.800,  1.000,  0.800,0.00000,  0.000,
mon_rep231013,2023-10-13T11:04:45,1577.266,  0.400,1,0,247, 25.000, 14.525,  0.000,-23.077, 13.525, 13.800,  0.000, 14.825, 14.300,  0.525,  0.800,  1.000,  0.800,0.00000,  0.000,
mon_rep231013,2023-10-13T11:04:45,1577.666,  0.400,1,0,247, 25.000, 14.525,  0.000,-23.077, 13.525, 13.800,  0.000, 14.825, 14.300,  0.525,  0.800,  1.000,  0.800,0.00000,  0.000,
mon_rep231013,2023-10-13T11:04:46,1578.066,  0.400,1,0,247, 25.000, 14.525,  0.000,-23.077, 13.525, 13.800,  0.000, 14.825, 14.300,  0.525,  0.800,  1.000,  0.800,0.00000,  0.000,
mon_rep231013,2023-10-13T11:04:46,1578.466,  0.400,1,0,247, 25.000, 14.525,  0.000,-23.077, 13.525, 13.800,  0.000, 14.825, 14.300,  0.525,  0.800,  1.000,  0.800,0.00000,  0.000,
mon_rep231013,2023-10-13T11:04:46,1578.866,  0.400,1,0,247, 25.000, 14.525,  0.000,-23.077, 13.525, 13.800,  0.000, 14.825, 14.300,  0.525,  0.800,  1.000,  0.800,0.00000,  0.000,
mon_rep231013,2023-10-13T11:04:47,1579.266,  0.400,1,0,247, 25.000, 14.525,  0.000,-23.077, 13.525, 13.800,  0.000, 14.825, 14.300,  0.525,  0.800,  1.000,  0.800,0.00000,  0.000,
mon_rep231013,2023-10-13T11:04:47,1579.666,  0.400,1,0,247, 25.000, 14.525,  0.000,-23.077, 13.525, 13.800,  0.000, 14.825, 14.300,  0.525,  0.800,  1.000,  0.800,0.00000,  0.000,
mon_rep231013,2023-10-13T11:04:48,1580.066,  0.400,1,0,247, 25.000, 14.525,  0.000,-23.077, 13.525, 13.800,  0.000, 14.825, 14.300,  0.525,  0.800,  1.000,  0.800,0.00000,  0.000,
mon_rep231013,2023-10-13T11:04:48,1580.466,  0.400,1,0,247, 25.000, 14.525,  0.000,-23.077, 13.525, 13.800,  0.000, 14.825, 14.300,  0.525,  0.800,  1.000,  0.800,0.00000,  0.000,
mon_rep231013,2023-10-13T11:04:48,1580.866,  0.400,1,0,247, 25.000, 14.525,  0.000,-23.077, 13.525, 13.800,  0.000, 14.825, 14.300,  0.525,  0.800,  1.000,  0.800,0.00000,  0.000,
mon_rep231013,2023-10-13T11:04:49,1581.266,  0.400,1,0,247, 25.000, 14.525,  0.000,-23.077, 13.525, 13.800,  0.000, 14.825, 14.300,  0.525,  0.800,  1.000,  0.800,0.00000,  0.000,
mon_rep231013,2023-10-13T11:04:49,1581.666,  0.400,1,0,247, 25.000, 14.525,  0.000,-23.077, 13.525, 13.800,  0.000, 14.825, 14.300,  0.525,  0.800,  1.000,  0.800,0.00000,  0.000,
mon_rep231013,2023-10-13T11:04:50,1582.066,  0.400,1,0,247, 25.000, 14.525,  0.000,-23.077, 13.525, 13.800,  0.000, 14.825, 14.300,  0.525,  0.800,  1.000,  0.800,0.00000,  0.000,
mon_rep231013,2023-10-13T11:04:50,1582.466,  0.400,1,0,247, 25.000, 14.525,  0.000,-23.077, 13.525, 13.800,  0.000, 14.825, 14.300,  0.525,  0.800,  1.000,  0.800,0.00000,  0.000,
mon_rep231013,2023-10-13T11:04:50,1582.866,  0.400,1,0,247, 25.000, 14.525,  0.000,-23.077, 13.525, 13.800,  0.000, 14.825, 14.300,  0.525,  0.800,  1.000,  0.800,0.00000,  0.000,
mon_rep231013,2023-10-13T11:04:51,1583.266,  0.400,1,0,247, 25.000, 14.525,  0.000,-23.077, 13.525, 13.800,  0.000, 14.825, 14.300,  0.525,  0.800,  1.000,  0.800,0.00000,  0.000,
mon_rep231013,2023-10-13T11:04:51,1583.666,  0.400,1,0,247, 25.000, 14.525,  0.000,-23.077, 13.525, 13.800,  0.000, 14.825, 14.300,  0.525,  0.800,  1.000,  0.800,0.00000,  0.000,
mon_rep231013,2023-10-13T11:04:52,1584.066,  0.400,1,0,247, 25.000, 14.525,  0.000,-23.077, 13.525, 13.800,  0.000, 14.825, 14.300,  0.525,  0.800,  1.000,  0.800,0.00000,  0.000,
mon_rep231013,2023-10-13T11:04:52,1584.466,  0.400,1,0,247, 25.000, 14.525,  0.000,-23.077, 13.525, 13.800,  0.000, 14.825, 14.300,  0.525,  0.800,  1.000,  0.800,0.00000,  0.000,
mon_rep231013,2023-10-13T11:04:52,1584.866,  0.400,1,0,247, 25.000, 14.525,  0.000,-23.077, 13.525, 13.800,  0.000, 14.825, 14.300,  0.525,  0.800,  1.000,  0.800,0.00000,  0.000,
mon_rep231013,2023-10-13T11:04:53,1585.266,  0.400,1,0,247, 25.000, 14.525,  0.000,-23.077, 13.525, 13.800,  0.000, 14.825, 14.300,  0.525,  0.800,  1.000,  0.800,0.00000,  0.000,
mon_rep231013,2023-10-13T11:04:53,1585.666,  0.400,1,0,247, 25.000, 14.525,  0.000,-23.077, 13.525, 13.800,  0.000, 14.825, 14.300,  0.525,  0.800,  1.000,  0.800,0.00000,  0.000,
mon_rep231013,2023-10-13T11:04:54,1586.066,  0.400,1,0,247, 25.000, 14.525,  0.000,-23.077, 13.525, 13.800,  0.000, 14.825, 14.300,  0.525,  0.800,  1.000,  0.800,0.00000,  0.000,
mon_rep231013,2023-10-13T11:04:54,1586.466,  0.400,1,0,247, 25.000, 14.525,  0.000,-23.077, 13.525, 13.800,  0.000, 14.825, 14.300,  0.525,  0.800,  1.000,  0.800,0.00000,  0.000,
mon_rep231013,2023-10-13T11:04:54,1586.866,  0.400,1,0,247, 25.000, 14.525,  0.000,-23.077, 13.525, 13.800,  0.000, 14.825, 14.300,  0.525,  0.800,  1.000,  0.800,0.00000,  0.000,
mon_rep231013,2023-10-13T11:04:55,1587.266,  0.400,1,0,247, 25.000, 14.525,  0.000,-23.077, 13.525, 13.800,  0.000, 14.825, 14.300,  0.525,  0.800,  1.000,  0.800,0.00000,  0.000,
mon_rep231013,2023-10-13T11:04:55,1587.666,  0.400,1,0,247, 25.000, 14.525,  0.000,-23.077, 13.525, 13.800,  0.000, 14.825, 14.300,  0.525,  0.800,  1.000,  0.800,0.00000,  0.000,
mon_rep231013,2023-10-13T11:04:56,1588.066,  0.400,1,0,247, 25.000, 14.525,  0.000,-23.077, 13.525, 13.800,  0.000, 14.825, 14.300,  0.525,  0.800,  1.000,  0.800,0.00000,  0.000,
mon_rep231013,2023-10-13T11:04:56,1588.466,  0.400,1,0,247, 25.000, 14.525,  0.000,-23.077, 13.525, 13.800,  0.000, 14.825, 14.300,  0.525,  0.800,  1.000,  0.800,0.00000,  0.000,
mon_rep231013,2023-10-13T11:04:56,1588.866,  0.400,1,0,247, 25.000, 14.525,  0.000,-23.077, 13.525, 13.800,  0.000, 14.825, 14.300,  0.525,  0.800,  1.000,  0.800,0.00000,  0.000,
mon_rep231013,2023-10-13T11:04:57,1589.266,  0.400,1,0,247, 25.000, 14.525,  0.000,-23.077, 13.525, 13.800,  0.000, 14.825, 14.300,  0.525,  0.800,  1.000,  0.800,0.00000,  0.000,
mon_rep231013,2023-10-13T11:04:57,1589.666,  0.400,1,0,247, 25.000, 14.525,  0.000,-23.077, 13.525, 13.800,  0.000, 14.825, 14.300,  0.525,  0.800,  1.000,  0.800,0.00000,  0.000,
mon_rep231013,2023-10-13T11:04:58,1590.066,  0.400,1,0,247, 25.000, 14.525,  0.000,-23.077, 13.525, 13.800,  0.000, 14.825, 14.300,  0.525,  0.800,  1.000,  0.800,0.00000,  0.000,
mon_rep231013,2023-10-13T11:04:58,1590.466,  0.400,1,0,247, 25.000, 14.525,  0.000,-23.077, 13.525, 13.800,  0.000, 14.825, 14.300,  0.525,  0.800,  1.000,  0.800,0.00000,  0.000,
mon_rep231013,2023-10-13T11:04:58,1590.866,  0.400,1,0,247, 25.000, 14.525,  0.000,-23.077, 13.525, 13.800,  0.000, 14.825, 14.300,  0.525,  0.800,  1.000,  0.800,0.00000,  0.000,
mon_rep231013,2023-10-13T11:04:59,1591.266,  0.400,1,0,247, 25.000, 14.525,  0.000,-23.077, 13.525, 13.800,  0.000, 14.825, 14.300,  0.525,  0.800,  1.000,  0.800,0.00000,  0.000,
mon_rep231013,2023-10-13T11:04:59,1591.666,  0.400,1,0,247, 25.000, 14.525,  0.000,-23.077, 13.525, 13.800,  0.000, 14.825, 14.300,  0.525,  0.800,  1.000,  0.800,0.00000,  0.000,
mon_rep231013,2023-10-13T11:05:00,1592.066,  0.400,1,0,247, 25.000, 14.525,  0.000,-23.077, 13.525, 13.800,  0.000, 14.825, 14.300,  0.525,  0.800,  1.000,  0.800,0.00000,  0.000,
mon_rep231013,2023-10-13T11:05:00,1592.466,  0.400,1,0,247, 25.000, 14.525,  0.000,-23.077, 13.525, 13.800,  0.000, 14.825, 14.300,  0.525,  0.800,  1.000,  0.800,0.00000,  0.000,
mon_rep231013,2023-10-13T11:05:00,1592.866,  0.400,1,0,247, 25.000, 14.525,  0.000,-23.077, 13.525, 13.800,  0.000, 14.825, 14.300,  0.525,  0.800,  1.000,  0.800,0.00000,  0.000,
mon_rep231013,2023-10-13T11:05:01,1593.266,  0.400,1,0,247, 25.000, 14.525,  0.000,-23.077, 13.525, 13.800,  0.000, 14.825, 14.300,  0.525,  0.800,  1.000,  0.800,0.00000,  0.000,
mon_rep231013,2023-10-13T11:05:01,1593.666,  0.400,1,0,247, 25.000, 14.525,  0.000,-23.077, 13.525, 13.800,  0.000, 14.825, 14.300,  0.525,  0.800,  1.000,  0.800,0.00000,  0.000,
mon_rep231013,2023-10-13T11:05:02,1594.066,  0.400,1,0,247, 25.000, 14.525,  0.000,-23.077, 13.525, 13.800,  0.000, 14.825, 14.300,  0.525,  0.800,  1.000,  0.800,0.00000,  0.000,
mon_rep231013,2023-10-13T11:05:02,1594.466,  0.400,1,0,247, 25.000, 14.525,  0.000,-23.077, 13.525, 13.800,  0.000, 14.825, 14.300,  0.525,  0.800,  1.000,  0.800,0.00000,  0.000,
mon_rep231013,2023-10-13T11:05:02,1594.866,  0.400,1,0,247, 25.000, 14.525,  0.000,-23.077, 13.525, 13.800,  0.000, 14.825, 14.300,  0.525,  0.800,  1.000,  0.800,0.00000,  0.000,
mon_rep231013,2023-10-13T11:05:03,1595.266,  0.400,1,0,247, 25.000, 14.525,  0.000,-23.077, 13.525, 13.800,  0.000, 14.825, 14.300,  0.525,  0.800,  1.000,  0.800,0.00000,  0.000,
mon_rep231013,2023-10-13T11:05:03,1595.666,  0.400,1,0,247, 25.000, 14.525,  0.000,-23.077, 13.525, 13.800,  0.000, 14.825, 14.300,  0.525,  0.800,  1.000,  0.800,0.00000,  0.000,
mon_rep231013,2023-10-13T11:05:04,1596.066,  0.400,1,0,247, 25.000, 14.525,  0.000,-23.077, 13.525, 13.800,  0.000, 14.825, 14.300,  0.525,  0.800,  1.000,  0.800,0.00000,  0.000,
mon_rep231013,2023-10-13T11:05:04,1596.466,  0.400,1,0,247, 25.000, 14.525,  0.000,-23.077, 13.525, 13.800,  0.000, 14.825, 14.300,  0.525,  0.800,  1.000,  0.800,0.00000,  0.000,
mon_rep231013,2023-10-13T11:05:04,1596.866,  0.400,1,0,247, 25.000, 14.525,  0.000,-23.077, 13.525, 13.800,  0.000, 14.825, 14.300,  0.525,  0.800,  1.000,  0.800,0.00000,  0.000,
mon_rep231013,2023-10-13T11:05:05,1597.266,  0.400,1,0,247, 25.000, 14.525,  0.000,-23.077, 13.525, 13.800,  0.000, 14.825, 14.300,  0.525,  0.800,  1.000,  0.800,0.00000,  0.000,
mon_rep231013,2023-10-13T11:05:05,1597.666,  0.400,1,0,247, 25.000, 14.525,  0.000,-23.077, 13.525, 13.800,  0.000, 14.825, 14.300,  0.525,  0.800,  1.000,  0.800,0.00000,  0.000,
mon_rep231013,2023-10-13T11:05:06,1598.066,  0.400,1,0,247, 25.000, 14.525,  0.000,-23.077, 13.525, 13.800,  0.000, 14.825, 14.300,  0.525,  0.800,  1.000,  0.800,0.00000,  0.000,
mon_rep231013,2023-10-13T11:05:06,1598.466,  0.400,1,0,247, 25.000, 14.525,  0.000,-23.077, 13.525, 13.800,  0.000, 14.825, 14.300,  0.525,  0.800,  1.000,  0.800,0.00000,  0.000,
mon_rep231013,2023-10-13T11:05:06,1598.866,  0.400,1,0,247, 25.000, 14.525,  0.000,-23.077, 13.525, 13.800,  0.000, 14.825, 14.300,  0.525,  0.800,  1.000,  0.800,0.00000,  0.000,
mon_rep231013,2023-10-13T11:05:07,1599.266,  0.400,1,0,247, 25.000, 14.525,  0.000,-23.077, 13.525, 13.800,  0.000, 14.825, 14.300,  0.525,  0.800,  1.000,  0.800,0.00000,  0.000,
mon_rep231013,2023-10-13T11:05:07,1599.666,  0.400,1,0,247, 25.000, 14.525,  0.000,-23.077, 13.525, 13.800,  0.000, 14.825, 14.300,  0.525,  0.800,  1.000,  0.800,0.00000,  0.000,
mon_rep231013,2023-10-13T11:05:08,1600.066,  0.400,1,0,247, 25.000, 14.525,  0.000,-23.077, 13.525, 13.800,  0.000, 14.825, 14.300,  0.525,  0.800,  1.000,  0.800,0.00000,  0.000,
mon_rep231013,2023-10-13T11:05:08,1600.466,  0.400,1,0,247, 25.000, 14.525,  0.000,-23.077, 13.525, 13.800,  0.000, 14.825, 14.300,  0.525,  0.800,  1.000,  0.800,0.00000,  0.000,
mon_rep231013,2023-10-13T11:05:08,1600.866,  0.400,1,0,247, 25.000, 14.525,  0.000,-23.077, 13.525, 13.800,  0.000, 14.825, 14.300,  0.525,  0.800,  1.000,  0.800,0.00000,  0.000,
mon_rep231013,2023-10-13T11:05:09,1601.266,  0.400,1,0,247, 25.000, 14.525,  0.000,-23.077, 13.525, 13.800,  0.000, 14.825, 14.300,  0.525,  0.800,  1.000,  0.800,0.00000,  0.000,
mon_rep231013,2023-10-13T11:05:09,1601.666,  0.400,1,0,247, 25.000, 14.525,  0.000,-23.077, 13.525, 13.800,  0.000, 14.825, 14.300,  0.525,  0.800,  1.000,  0.800,0.00000,  0.000,
mon_rep231013,2023-10-13T11:05:10,1602.066,  0.400,1,0,247, 25.000, 14.525,  0.000,-23.077, 13.525, 13.800,  0.000, 14.825, 14.300,  0.525,  0.800,  1.000,  0.800,0.00000,  0.000,
mon_rep231013,2023-10-13T11:05:10,1602.466,  0.400,1,0,247, 25.000, 14.525,  0.000,-23.077, 13.525, 13.800,  0.000, 14.825, 14.300,  0.525,  0.800,  1.000,  0.800,0.00000,  0.000,
mon_rep231013,2023-10-13T11:05:10,1602.866,  0.400,1,0,247, 25.000, 14.525,  0.000,-23.077, 13.525, 13.800,  0.000, 14.825, 14.300,  0.525,  0.800,  1.000,  0.800,0.00000,  0.000,
mon_rep231013,2023-10-13T11:05:11,1603.266,  0.400,1,0,247, 25.000, 14.525,  0.000,-23.077, 13.525, 13.800,  0.000, 14.825, 14.300,  0.525,  0.800,  1.000,  0.800,0.00000,  0.000,
mon_rep231013,2023-10-13T11:05:11,1603.666,  0.400,1,0,247, 25.000, 14.525,  0.000,-23.077, 13.525, 13.800,  0.000, 14.825, 14.300,  0.525,  0.800,  1.000,  0.800,0.00000,  0.000,
mon_rep231013,2023-10-13T11:05:12,1604.066,  0.400,1,0,247, 25.000, 14.525,  0.000,-23.077, 13.525, 13.800,  0.000, 14.825, 14.300,  0.525,  0.800,  1.000,  0.800,0.00000,  0.000,
mon_rep231013,2023-10-13T11:05:12,1604.466,  0.400,1,0,247, 25.000, 14.525,  0.000,-23.077, 13.525, 13.800,  0.000, 14.825, 14.300,  0.525,  0.800,  1.000,  0.800,0.00000,  0.000,
mon_rep231013,2023-10-13T11:05:12,1604.866,  0.400,1,0,247, 25.000, 14.525,  0.000,-23.077, 13.525, 13.800,  0.000, 14.825, 14.300,  0.525,  0.800,  1.000,  0.800,0.00000,  0.000,
mon_rep231013,2023-10-13T11:05:13,1605.266,  0.400,1,0,247, 25.000, 14.525,  0.000,-23.077, 13.525, 13.800,  0.000, 14.825, 14.300,  0.525,  0.800,  1.000,  0.800,0.00000,  0.000,
mon_rep231013,2023-10-13T11:05:13,1605.666,  0.400,1,0,247, 25.000, 14.525,  0.000,-23.077, 13.525, 13.800,  0.000, 14.825, 14.300,  0.525,  0.800,  1.000,  0.800,0.00000,  0.000,
mon_rep231013,2023-10-13T11:05:14,1606.066,  0.400,1,0,247, 25.000, 14.525,  0.000,-23.077, 13.525, 13.800,  0.000, 14.825, 14.300,  0.525,  0.800,  1.000,  0.800,0.00000,  0.000,
mon_rep231013,2023-10-13T11:05:14,1606.466,  0.400,1,0,247, 25.000, 14.525,  0.000,-23.077, 13.525, 13.800,  0.000, 14.825, 14.300,  0.525,  0.800,  1.000,  0.800,0.00000,  0.000,
mon_rep231013,2023-10-13T11:05:14,1606.866,  0.400,1,0,247, 25.000, 14.525,  0.000,-23.077, 13.525, 13.800,  0.000, 14.825, 14.300,  0.525,  0.800,  1.000,  0.800,0.00000,  0.000,
mon_rep231013,2023-10-13T11:05:15,1607.266,  0.400,1,0,247, 25.000, 14.525,  0.000,-23.077, 13.525, 13.800,  0.000, 14.825, 14.300,  0.525,  0.800,  1.000,  0.800,0.00000,  0.000,
mon_rep231013,2023-10-13T11:05:15,1607.666,  0.400,1,0,247, 25.000, 14.525,  0.000,-23.077, 13.525, 13.800,  0.000, 14.825, 14.300,  0.525,  0.800,  1.000,  0.800,0.00000,  0.000,
mon_rep231013,2023-10-13T11:05:16,1608.066,  0.400,1,0,247, 25.000, 14.525,  0.000,-23.077, 13.525, 13.800,  0.000, 14.825, 14.300,  0.525,  0.800,  1.000,  0.800,0.00000,  0.000,
mon_rep231013,2023-10-13T11:05:16,1608.466,  0.400,1,0,247, 25.000, 14.525,  0.000,-23.077, 13.525, 13.800,  0.000, 14.825, 14.300,  0.525,  0.800,  1.000,  0.800,0.00000,  0.000,
mon_rep231013,2023-10-13T11:05:16,1608.866,  0.400,1,0,247, 25.000, 14.525,  0.000,-23.077, 13.525, 13.800,  0.000, 14.825, 14.300,  0.525,  0.800,  1.000,  0.800,0.00000,  0.000,
mon_rep231013,2023-10-13T11:05:17,1609.266,  0.400,1,0,247, 25.000, 14.525,  0.000,-23.077, 13.525, 13.800,  0.000, 14.825, 14.300,  0.525,  0.800,  1.000,  0.800,0.00000,  0.000,
mon_rep231013,2023-10-13T11:05:17,1609.666,  0.400,1,0,247, 25.000, 14.525,  0.000,-23.077, 13.525, 13.800,  0.000, 14.825, 14.300,  0.525,  0.800,  1.000,  0.800,0.00000,  0.000,
mon_rep231013,2023-10-13T11:05:18,1610.066,  0.400,1,0,247, 25.000, 14.525,  0.000,-23.077, 13.525, 13.800,  0.000, 14.825, 14.300,  0.525,  0.800,  1.000,  0.800,0.00000,  0.000,
mon_rep231013,2023-10-13T11:05:18,1610.466,  0.400,1,0,247, 25.000, 14.525,  0.000,-23.077, 13.525, 13.800,  0.000, 14.825, 14.300,  0.525,  0.800,  1.000,  0.800,0.00000,  0.000,
mon_rep231013,2023-10-13T11:05:18,1610.866,  0.400,1,0,247, 25.000, 14.525,  0.000,-23.077, 13.525, 13.800,  0.000, 14.825, 14.300,  0.525,  0.800,  1.000,  0.800,0.00000,  0.000,
mon_rep231013,2023-10-13T11:05:19,1611.266,  0.400,1,0,247, 25.000, 14.525,  0.000,-23.077, 13.525, 13.800,  0.000, 14.825, 14.300,  0.525,  0.800,  1.000,  0.800,0.00000,  0.000,
mon_rep231013,2023-10-13T11:05:19,1611.666,  0.400,1,0,247, 25.000, 14.525,  0.000,-23.077, 13.525, 13.800,  0.000, 14.825, 14.300,  0.525,  0.800,  1.000,  0.800,0.00000,  0.000,
mon_rep231013,2023-10-13T11:05:20,1612.066,  0.400,1,0,247, 25.000, 14.525,  0.000,-23.077, 13.525, 13.800,  0.000, 14.825, 14.300,  0.525,  0.800,  1.000,  0.800,0.00000,  0.000,
mon_rep231013,2023-10-13T11:05:20,1612.466,  0.400,1,0,247, 25.000, 14.525,  0.000,-23.077, 13.525, 13.800,  0.000, 14.825, 14.300,  0.525,  0.800,  1.000,  0.800,0.00000,  0.000,
mon_rep231013,2023-10-13T11:05:20,1612.866,  0.400,1,0,247, 25.000, 14.525,  0.000,-23.077, 13.525, 13.800,  0.000, 14.825, 14.300,  0.525,  0.800,  1.000,  0.800,0.00000,  0.000,
mon_rep231013,2023-10-13T11:05:21,1613.266,  0.400,1,0,247, 25.000, 14.525,  0.000,-23.077, 13.525, 13.800,  0.000, 14.825, 14.300,  0.525,  0.800,  1.000,  0.800,0.00000,  0.000,
mon_rep231013,2023-10-13T11:05:21,1613.666,  0.400,1,0,247, 25.000, 14.525,  0.000,-23.077, 13.525, 13.800,  0.000, 14.825, 14.300,  0.525,  0.800,  1.000,  0.800,0.00000,  0.000,
mon_rep231013,2023-10-13T11:05:22,1614.066,  0.400,1,0,247, 25.000, 14.525,  0.000,-23.077, 13.525, 13.800,  0.000, 14.825, 14.300,  0.525,  0.800,  1.000,  0.800,0.00000,  0.000,
mon_rep231013,2023-10-13T11:05:22,1614.466,  0.400,1,0,247, 25.000, 14.525,  0.000,-23.077, 13.525, 13.800,  0.000, 14.825, 14.300,  0.525,  0.800,  1.000,  0.800,0.00000,  0.000,
mon_rep231013,2023-10-13T11:05:22,1614.866,  0.400,1,0,247, 25.000, 14.525,  0.000,-23.077, 13.525, 13.800,  0.000, 14.825, 14.300,  0.525,  0.800,  1.000,  0.800,0.00000,  0.000,
mon_rep231013,2023-10-13T11:05:23,1615.266,  0.400,1,0,247, 25.000, 14.525,  0.000,-23.077, 13.525, 13.800,  0.000, 14.825, 14.300,  0.525,  0.800,  1.000,  0.800,0.00000,  0.000,
mon_rep231013,2023-10-13T11:05:23,1615.666,  0.400,1,0,247, 25.000, 14.525,  0.000,-23.077, 13.525, 13.800,  0.000, 14.825, 14.300,  0.525,  0.800,  1.000,  0.800,0.00000,  0.000,
mon_rep231013,2023-10-13T11:05:24,1616.066,  0.400,1,0,247, 25.000, 14.525,  0.000,-23.077, 13.525, 13.800,  0.000, 14.825, 14.300,  0.525,  0.800,  1.000,  0.800,0.00000,  0.000,
mon_rep231013,2023-10-13T11:05:24,1616.466,  0.400,1,0,247, 25.000, 14.525,  0.000,-23.077, 13.525, 13.800,  0.000, 14.825, 14.300,  0.525,  0.800,  1.000,  0.800,0.00000,  0.000,
mon_rep231013,2023-10-13T11:05:24,1616.866,  0.400,1,0,247, 25.000, 14.525,  0.000,-23.077, 13.525, 13.800,  0.000, 14.825, 14.300,  0.525,  0.800,  1.000,  0.800,0.00000,  0.000,
mon_rep231013,2023-10-13T11:05:25,1617.266,  0.400,1,0,247, 25.000, 14.525,  0.000,-23.077, 13.525, 13.800,  0.000, 14.825, 14.300,  0.525,  0.800,  1.000,  0.800,0.00000,  0.000,
mon_rep231013,2023-10-13T11:05:25,1617.666,  0.400,1,0,247, 25.000, 14.525,  0.000,-23.077, 13.525, 13.800,  0.000, 14.825, 14.300,  0.525,  0.800,  1.000,  0.800,0.00000,  0.000,
mon_rep231013,2023-10-13T11:05:26,1618.066,  0.400,1,0,247, 25.000, 14.525,  0.000,-23.077, 13.525, 13.800,  0.000, 14.825, 14.300,  0.525,  0.800,  1.000,  0.800,0.00000,  0.000,
mon_rep231013,2023-10-13T11:05:26,1618.466,  0.400,1,0,247, 25.000, 14.525,  0.000,-23.077, 13.525, 13.800,  0.000, 14.825, 14.300,  0.525,  0.800,  1.000,  0.800,0.00000,  0.000,
mon_rep231013,2023-10-13T11:05:26,1618.866,  0.400,1,0,247, 25.000, 14.525,  0.000,-23.077, 13.525, 13.800,  0.000, 14.825, 14.300,  0.525,  0.800,  1.000,  0.800,0.00000,  0.000,
mon_rep231013,2023-10-13T11:05:27,1619.266,  0.400,1,0,247, 25.000, 14.525,  0.000,-23.077, 13.525, 13.800,  0.000, 14.825, 14.300,  0.525,  0.800,  1.000,  0.800,0.00000,  0.000,
mon_rep231013,2023-10-13T11:05:27,1619.666,  0.400,1,0,247, 25.000, 14.525,  0.000,-23.077, 13.525, 13.800,  0.000, 14.825, 14.300,  0.525,  0.800,  1.000,  0.800,0.00000,  0.000,
mon_rep231013,2023-10-13T11:05:28,1620.066,  0.400,1,0,247, 25.000, 14.525,  0.000,-23.077, 13.525, 13.800,  0.000, 14.825, 14.300,  0.525,  0.800,  1.000,  0.800,0.00000,  0.000,
mon_rep231013,2023-10-13T11:05:28,1620.466,  0.400,1,0,247, 25.000, 14.525,  0.000,-23.077, 13.525, 13.800,  0.000, 14.825, 14.300,  0.525,  0.800,  1.000,  0.800,0.00000,  0.000,
mon_rep231013,2023-10-13T11:05:28,1620.866,  0.400,1,0,247, 25.000, 14.525,  0.000,-23.077, 13.525, 13.800,  0.000, 14.825, 14.300,  0.525,  0.800,  1.000,  0.800,0.00000,  0.000,
mon_rep231013,2023-10-13T11:05:29,1621.266,  0.400,1,0,247, 25.000, 14.525,  0.000,-23.077, 13.525, 13.800,  0.000, 14.825, 14.300,  0.525,  0.800,  1.000,  0.800,0.00000,  0.000,
mon_rep231013,2023-10-13T11:05:29,1621.666,  0.400,1,0,247, 25.000, 14.525,  0.000,-23.077, 13.525, 13.800,  0.000, 14.825, 14.300,  0.525,  0.800,  1.000,  0.800,0.00000,  0.000,
mon_rep231013,2023-10-13T11:05:30,1622.066,  0.400,1,0,247, 25.000, 14.525,  0.000,-23.077, 13.525, 13.800,  0.000, 14.825, 14.300,  0.525,  0.800,  1.000,  0.800,0.00000,  0.000,
mon_rep231013,2023-10-13T11:05:30,1622.466,  0.400,1,0,247, 25.000, 14.525,  0.000,-23.077, 13.525, 13.800,  0.000, 14.825, 14.300,  0.525,  0.800,  1.000,  0.800,0.00000,  0.000,
mon_rep231013,2023-10-13T11:05:30,1622.866,  0.400,1,0,247, 25.000, 14.525,  0.000,-23.077, 13.525, 13.800,  0.000, 14.825, 14.300,  0.525,  0.800,  1.000,  0.800,0.00000,  0.000,
mon_rep231013,2023-10-13T11:05:31,1623.266,  0.400,1,0,247, 25.000, 14.525,  0.000,-23.077, 13.525, 13.800,  0.000, 14.825, 14.300,  0.525,  0.800,  1.000,  0.800,0.00000,  0.000,
mon_rep231013,2023-10-13T11:05:31,1623.666,  0.400,1,0,247, 25.000, 14.525,  0.000,-23.077, 13.525, 13.800,  0.000, 14.825, 14.300,  0.525,  0.800,  1.000,  0.800,0.00000,  0.000,
mon_rep231013,2023-10-13T11:05:32,1624.066,  0.400,1,0,247, 25.000, 14.525,  0.000,-23.077, 13.525, 13.800,  0.000, 14.825, 14.300,  0.525,  0.800,  1.000,  0.800,0.00000,  0.000,
mon_rep231013,2023-10-13T11:05:32,1624.466,  0.400,1,0,247, 25.000, 14.525,  0.000,-23.077, 13.525, 13.800,  0.000, 14.825, 14.300,  0.525,  0.800,  1.000,  0.800,0.00000,  0.000,
mon_rep231013,2023-10-13T11:05:32,1624.866,  0.400,1,0,247, 25.000, 14.525,  0.000,-23.077, 13.525, 13.800,  0.000, 14.825, 14.300,  0.525,  0.800,  1.000,  0.800,0.00000,  0.000,
mon_rep231013,2023-10-13T11:05:33,1625.266,  0.400,1,0,247, 25.000, 14.525,  0.000,-23.077, 13.525, 13.800,  0.000, 14.825, 14.300,  0.525,  0.800,  1.000,  0.800,0.00000,  0.000,
mon_rep231013,2023-10-13T11:05:33,1625.666,  0.400,1,0,247, 25.000, 14.525,  0.000,-23.077, 13.525, 13.800,  0.000, 14.825, 14.300,  0.525,  0.800,  1.000,  0.800,0.00000,  0.000,
mon_rep231013,2023-10-13T11:05:34,1626.066,  0.400,1,0,247, 25.000, 14.525,  0.000,-23.077, 13.525, 13.800,  0.000, 14.825, 14.300,  0.525,  0.800,  1.000,  0.800,0.00000,  0.000,
mon_rep231013,2023-10-13T11:05:34,1626.466,  0.400,1,0,247, 25.000, 14.525,  0.000,-23.077, 13.525, 13.800,  0.000, 14.825, 14.300,  0.525,  0.800,  1.000,  0.800,0.00000,  0.000,
mon_rep231013,2023-10-13T11:05:34,1626.866,  0.400,1,0,247, 25.000, 14.525,  0.000,-23.077, 13.525, 13.800,  0.000, 14.825, 14.300,  0.525,  0.800,  1.000,  0.800,0.00000,  0.000,
mon_rep231013,2023-10-13T11:05:35,1627.266,  0.400,1,0,247, 25.000, 14.525,  0.000,-23.077, 13.525, 13.800,  0.000, 14.825, 14.300,  0.525,  0.800,  1.000,  0.800,0.00000,  0.000,
mon_rep231013,2023-10-13T11:05:35,1627.666,  0.400,1,0,247, 25.000, 14.525,  0.000,-23.077, 13.525, 13.800,  0.000, 14.825, 14.300,  0.525,  0.800,  1.000,  0.800,0.00000,  0.000,
mon_rep231013,2023-10-13T11:05:36,1628.066,  0.400,1,0,247, 25.000, 14.525,  0.000,-23.077, 13.525, 13.800,  0.000, 14.825, 14.300,  0.525,  0.800,  1.000,  0.800,0.00000,  0.000,
mon_rep231013,2023-10-13T11:05:36,1628.466,  0.400,1,0,247, 25.000, 14.525,  0.000,-23.077, 13.525, 13.800,  0.000, 14.825, 14.300,  0.525,  0.800,  1.000,  0.800,0.00000,  0.000,
mon_rep231013,2023-10-13T11:05:36,1628.866,  0.400,1,0,247, 25.000, 14.525,  0.000,-23.077, 13.525, 13.800,  0.000, 14.825, 14.300,  0.525,  0.800,  1.000,  0.800,0.00000,  0.000,
mon_rep231013,2023-10-13T11:05:37,1629.266,  0.400,1,0,247, 25.000, 14.525,  0.000,-23.077, 13.525, 13.800,  0.000, 14.825, 14.300,  0.525,  0.800,  1.000,  0.800,0.00000,  0.000,
mon_rep231013,2023-10-13T11:05:37,1629.666,  0.400,1,0,247, 25.000, 14.525,  0.000,-23.077, 13.525, 13.800,  0.000, 14.825, 14.300,  0.525,  0.800,  1.000,  0.800,0.00000,  0.000,
mon_rep231013,2023-10-13T11:05:38,1630.066,  0.400,1,0,247, 25.000, 14.525,  0.000,-23.077, 13.525, 13.800,  0.000, 14.825, 14.300,  0.525,  0.800,  1.000,  0.800,0.00000,  0.000,
mon_rep231013,2023-10-13T11:05:38,1630.466,  0.400,1,0,247, 25.000, 14.525,  0.000,-23.077, 13.525, 13.800,  0.000, 14.825, 14.300,  0.525,  0.800,  1.000,  0.800,0.00000,  0.000,
mon_rep231013,2023-10-13T11:05:38,1630.866,  0.400,1,0,247, 25.000, 14.525,  0.000,-23.077, 13.525, 13.800,  0.000, 14.825, 14.300,  0.525,  0.800,  1.000,  0.800,0.00000,  0.000,
mon_rep231013,2023-10-13T11:05:39,1631.266,  0.400,1,0,247, 25.000, 14.525,  0.000,-23.077, 13.525, 13.800,  0.000, 14.825, 14.300,  0.525,  0.800,  1.000,  0.800,0.00000,  0.000,
mon_rep231013,2023-10-13T11:05:39,1631.666,  0.400,1,0,247, 25.000, 14.525,  0.000,-23.077, 13.525, 13.800,  0.000, 14.825, 14.300,  0.525,  0.800,  1.000,  0.800,0.00000,  0.000,
mon_rep231013,2023-10-13T11:05:40,1632.066,  0.400,1,0,247, 25.000, 14.525,  0.000,-23.077, 13.525, 13.800,  0.000, 14.825, 14.300,  0.525,  0.800,  1.000,  0.800,0.00000,  0.000,
mon_rep231013,2023-10-13T11:05:40,1632.466,  0.400,1,0,247, 25.000, 14.525,  0.000,-23.077, 13.525, 13.800,  0.000, 14.825, 14.300,  0.525,  0.800,  1.000,  0.800,0.00000,  0.000,
mon_rep231013,2023-10-13T11:05:40,1632.866,  0.400,1,0,247, 25.000, 14.525,  0.000,-23.077, 13.525, 13.800,  0.000, 14.825, 14.300,  0.525,  0.800,  1.000,  0.800,0.00000,  0.000,
mon_rep231013,2023-10-13T11:05:41,1633.266,  0.400,1,0,247, 25.000, 14.525,  0.000,-23.077, 13.525, 13.800,  0.000, 14.825, 14.300,  0.525,  0.800,  1.000,  0.800,0.00000,  0.000,
mon_rep231013,2023-10-13T11:05:41,1633.666,  0.400,1,0,247, 25.000, 14.525,  0.000,-23.077, 13.525, 13.800,  0.000, 14.825, 14.300,  0.525,  0.800,  1.000,  0.800,0.00000,  0.000,
mon_rep231013,2023-10-13T11:05:42,1634.066,  0.400,1,0,247, 25.000, 14.525,  0.000,-23.077, 13.525, 13.800,  0.000, 14.825, 14.300,  0.525,  0.800,  1.000,  0.800,0.00000,  0.000,
mon_rep231013,2023-10-13T11:05:42,1634.466,  0.400,1,0,247, 25.000, 14.525,  0.000,-23.077, 13.525, 13.800,  0.000, 14.825, 14.300,  0.525,  0.800,  1.000,  0.800,0.00000,  0.000,
mon_rep231013,2023-10-13T11:05:42,1634.866,  0.400,1,0,247, 25.000, 14.525,  0.000,-23.077, 13.525, 13.800,  0.000, 14.825, 14.300,  0.525,  0.800,  1.000,  0.800,0.00000,  0.000,
mon_rep231013,2023-10-13T11:05:43,1635.266,  0.400,1,0,247, 25.000, 14.525,  0.000,-23.077, 13.525, 13.800,  0.000, 14.825, 14.300,  0.525,  0.800,  1.000,  0.800,0.00000,  0.000,
mon_rep231013,2023-10-13T11:05:43,1635.666,  0.400,1,0,247, 25.000, 14.525,  0.000,-23.077, 13.525, 13.800,  0.000, 14.825, 14.300,  0.525,  0.800,  1.000,  0.800,0.00000,  0.000,
mon_rep231013,2023-10-13T11:05:44,1636.066,  0.400,1,0,247, 25.000, 14.525,  0.000,-23.077, 13.525, 13.800,  0.000, 14.825, 14.300,  0.525,  0.800,  1.000,  0.800,0.00000,  0.000,
mon_rep231013,2023-10-13T11:05:44,1636.466,  0.400,1,0,247, 25.000, 14.525,  0.000,-23.077, 13.525, 13.800,  0.000, 14.825, 14.300,  0.525,  0.800,  1.000,  0.800,0.00000,  0.000,
mon_rep231013,2023-10-13T11:05:44,1636.866,  0.400,1,0,247, 25.000, 14.525,  0.000,-23.077, 13.525, 13.800,  0.000, 14.825, 14.300,  0.525,  0.800,  1.000,  0.800,0.00000,  0.000,
mon_rep231013,2023-10-13T11:05:45,1637.266,  0.400,1,0,247, 25.000, 14.525,  0.000,-23.077, 13.525, 13.800,  0.000, 14.825, 14.300,  0.525,  0.800,  1.000,  0.800,0.00000,  0.000,
mon_rep231013,2023-10-13T11:05:45,1637.666,  0.400,1,0,247, 25.000, 14.525,  0.000,-23.077, 13.525, 13.800,  0.000, 14.825, 14.300,  0.525,  0.800,  1.000,  0.800,0.00000,  0.000,
mon_rep231013,2023-10-13T11:05:46,1638.066,  0.400,1,0,247, 25.000, 14.525,  0.000,-23.077, 13.525, 13.800,  0.000, 14.825, 14.300,  0.525,  0.800,  1.000,  0.800,0.00000,  0.000,
mon_rep231013,2023-10-13T11:05:46,1638.466,  0.400,1,0,247, 25.000, 14.525,  0.000,-23.077, 13.525, 13.800,  0.000, 14.825, 14.300,  0.525,  0.800,  1.000,  0.800,0.00000,  0.000,
mon_rep231013,2023-10-13T11:05:46,1638.866,  0.400,1,0,247, 25.000, 14.525,  0.000,-23.077, 13.525, 13.800,  0.000, 14.825, 14.300,  0.525,  0.800,  1.000,  0.800,0.00000,  0.000,
mon_rep231013,2023-10-13T11:05:47,1639.266,  0.400,1,0,247, 25.000, 14.525,  0.000,-23.077, 13.525, 13.800,  0.000, 14.825, 14.300,  0.525,  0.800,  1.000,  0.800,0.00000,  0.000,
mon_rep231013,2023-10-13T11:05:47,1639.666,  0.400,1,0,247, 25.000, 14.525,  0.000,-23.077, 13.525, 13.800,  0.000, 14.825, 14.300,  0.525,  0.800,  1.000,  0.800,0.00000,  0.000,
mon_rep231013,2023-10-13T11:05:48,1640.066,  0.400,1,0,247, 25.000, 14.525,  0.000,-23.077, 13.525, 13.800,  0.000, 14.825, 14.300,  0.525,  0.800,  1.000,  0.800,0.00000,  0.000,
mon_rep231013,2023-10-13T11:05:48,1640.466,  0.400,1,0,247, 25.000, 14.525,  0.000,-23.077, 13.525, 13.800,  0.000, 14.825, 14.300,  0.525,  0.800,  1.000,  0.800,0.00000,  0.000,
mon_rep231013,2023-10-13T11:05:48,1640.866,  0.400,1,0,247, 25.000, 14.525,  0.000,-23.077, 13.525, 13.800,  0.000, 14.825, 14.300,  0.525,  0.800,  1.000,  0.800,0.00000,  0.000,
mon_rep231013,2023-10-13T11:05:49,1641.266,  0.400,1,0,247, 25.000, 14.525,  0.000,-23.077, 13.525, 13.800,  0.000, 14.825, 14.300,  0.525,  0.800,  1.000,  0.800,0.00000,  0.000,
mon_rep231013,2023-10-13T11:05:49,1641.666,  0.400,1,0,247, 25.000, 14.525,  0.000,-23.077, 13.525, 13.800,  0.000, 14.825, 14.300,  0.525,  0.800,  1.000,  0.800,0.00000,  0.000,
mon_rep231013,2023-10-13T11:05:50,1642.066,  0.400,1,0,247, 25.000, 14.525,  0.000,-23.077, 13.525, 13.800,  0.000, 14.825, 14.300,  0.525,  0.800,  1.000,  0.800,0.00000,  0.000,
mon_rep231013,2023-10-13T11:05:50,1642.466,  0.400,1,0,247, 25.000, 14.525,  0.000,-23.077, 13.525, 13.800,  0.000, 14.825, 14.300,  0.525,  0.800,  1.000,  0.800,0.00000,  0.000,
mon_rep231013,2023-10-13T11:05:50,1642.866,  0.400,1,0,247, 25.000, 14.525,  0.000,-23.077, 13.525, 13.800,  0.000, 14.825, 14.300,  0.525,  0.800,  1.000,  0.800,0.00000,  0.000,
mon_rep231013,2023-10-13T11:05:51,1643.266,  0.400,1,0,247, 25.000, 14.525,  0.000,-23.077, 13.525, 13.800,  0.000, 14.825, 14.300,  0.525,  0.800,  1.000,  0.800,0.00000,  0.000,
mon_rep231013,2023-10-13T11:05:51,1643.666,  0.400,1,0,247, 25.000, 14.525,  0.000,-23.077, 13.525, 13.800,  0.000, 14.825, 14.300,  0.525,  0.800,  1.000,  0.800,0.00000,  0.000,
mon_rep231013,2023-10-13T11:05:52,1644.066,  0.400,1,0,247, 25.000, 14.525,  0.000,-23.077, 13.525, 13.800,  0.000, 14.825, 14.300,  0.525,  0.800,  1.000,  0.800,0.00000,  0.000,
mon_rep231013,2023-10-13T11:05:52,1644.466,  0.400,1,0,247, 25.000, 14.525,  0.000,-23.077, 13.525, 13.800,  0.000, 14.825, 14.300,  0.525,  0.800,  1.000,  0.800,0.00000,  0.000,
mon_rep231013,2023-10-13T11:05:52,1644.866,  0.400,1,0,247, 25.000, 14.525,  0.000,-23.077, 13.525, 13.800,  0.000, 14.825, 14.300,  0.525,  0.800,  1.000,  0.800,0.00000,  0.000,
mon_rep231013,2023-10-13T11:05:53,1645.266,  0.400,1,0,247, 25.000, 14.525,  0.000,-23.077, 13.525, 13.800,  0.000, 14.825, 14.300,  0.525,  0.800,  1.000,  0.800,0.00000,  0.000,
mon_rep231013,2023-10-13T11:05:53,1645.666,  0.400,1,0,247, 25.000, 14.525,  0.000,-23.077, 13.525, 13.800,  0.000, 14.825, 14.300,  0.525,  0.800,  1.000,  0.800,0.00000,  0.000,
mon_rep231013,2023-10-13T11:05:54,1646.066,  0.400,1,0,247, 25.000, 14.525,  0.000,-23.077, 13.525, 13.800,  0.000, 14.825, 14.300,  0.525,  0.800,  1.000,  0.800,0.00000,  0.000,
mon_rep231013,2023-10-13T11:05:54,1646.466,  0.400,1,0,247, 25.000, 14.525,  0.000,-23.077, 13.525, 13.800,  0.000, 14.825, 14.300,  0.525,  0.800,  1.000,  0.800,0.00000,  0.000,
mon_rep231013,2023-10-13T11:05:54,1646.866,  0.400,1,0,247, 25.000, 14.525,  0.000,-23.077, 13.525, 13.800,  0.000, 14.825, 14.300,  0.525,  0.800,  1.000,  0.800,0.00000,  0.000,
mon_rep231013,2023-10-13T11:05:55,1647.266,  0.400,1,0,247, 25.000, 14.525,  0.000,-23.077, 13.525, 13.800,  0.000, 14.825, 14.300,  0.525,  0.800,  1.000,  0.800,0.00000,  0.000,
mon_rep231013,2023-10-13T11:05:55,1647.666,  0.400,1,0,247, 25.000, 14.525,  0.000,-23.077, 13.525, 13.800,  0.000, 14.825, 14.300,  0.525,  0.800,  1.000,  0.800,0.00000,  0.000,
mon_rep231013,2023-10-13T11:05:56,1648.066,  0.400,1,0,247, 25.000, 14.525,  0.000,-23.077, 13.525, 13.800,  0.000, 14.825, 14.300,  0.525,  0.800,  1.000,  0.800,0.00000,  0.000,
mon_rep231013,2023-10-13T11:05:56,1648.466,  0.400,1,0,247, 25.000, 14.525,  0.000,-23.077, 13.525, 13.800,  0.000, 14.825, 14.300,  0.525,  0.800,  1.000,  0.800,0.00000,  0.000,
mon_rep231013,2023-10-13T11:05:56,1648.866,  0.400,1,0,247, 25.000, 14.525,  0.000,-23.077, 13.525, 13.800,  0.000, 14.825, 14.300,  0.525,  0.800,  1.000,  0.800,0.00000,  0.000,
mon_rep231013,2023-10-13T11:05:57,1649.266,  0.400,1,0,247, 25.000, 14.525,  0.000,-23.077, 13.525, 13.800,  0.000, 14.825, 14.300,  0.525,  0.800,  1.000,  0.800,0.00000,  0.000,
mon_rep231013,2023-10-13T11:05:57,1649.666,  0.400,1,0,247, 25.000, 14.525,  0.000,-23.077, 13.525, 13.800,  0.000, 14.825, 14.300,  0.525,  0.800,  1.000,  0.800,0.00000,  0.000,
mon_rep231013,2023-10-13T11:05:58,1650.066,  0.400,1,0,247, 25.000, 14.525,  0.000,-23.077, 13.525, 13.800,  0.000, 14.825, 14.300,  0.525,  0.800,  1.000,  0.800,0.00000,  0.000,
mon_rep231013,2023-10-13T11:05:58,1650.466,  0.400,1,0,247, 25.000, 14.525,  0.000,-23.077, 13.525, 13.800,  0.000, 14.825, 14.300,  0.525,  0.800,  1.000,  0.800,0.00000,  0.000,
mon_rep231013,2023-10-13T11:05:58,1650.866,  0.400,1,0,247, 25.000, 14.525,  0.000,-23.077, 13.525, 13.800,  0.000, 14.825, 14.300,  0.525,  0.800,  1.000,  0.800,0.00000,  0.000,
mon_rep231013,2023-10-13T11:05:59,1651.266,  0.400,1,0,247, 25.000, 14.525,  0.000,-23.077, 13.525, 13.800,  0.000, 14.825, 14.300,  0.525,  0.800,  1.000,  0.800,0.00000,  0.000,
mon_rep231013,2023-10-13T11:05:59,1651.666,  0.400,1,0,247, 25.000, 14.525,  0.000,-23.077, 13.525, 13.800,  0.000, 14.825, 14.300,  0.525,  0.800,  1.000,  0.800,0.00000,  0.000,
mon_rep231013,2023-10-13T11:06:00,1652.066,  0.400,1,0,247, 25.000, 14.525,  0.000,-23.077, 13.525, 13.800,  0.000, 14.825, 14.300,  0.525,  0.800,  1.000,  0.800,0.00000,  0.000,
mon_rep231013,2023-10-13T11:06:00,1652.466,  0.400,1,0,247, 25.000, 14.525,  0.000,-23.077, 13.525, 13.800,  0.000, 14.825, 14.300,  0.525,  0.800,  1.000,  0.800,0.00000,  0.000,
mon_rep231013,2023-10-13T11:06:00,1652.866,  0.400,1,0,247, 25.000, 14.525,  0.000,-23.077, 13.525, 13.800,  0.000, 14.825, 14.300,  0.525,  0.800,  1.000,  0.800,0.00000,  0.000,
mon_rep231013,2023-10-13T11:06:01,1653.266,  0.400,1,0,247, 25.000, 14.525,  0.000,-23.077, 13.525, 13.800,  0.000, 14.825, 14.300,  0.525,  0.800,  1.000,  0.800,0.00000,  0.000,
mon_rep231013,2023-10-13T11:06:01,1653.666,  0.400,1,0,247, 25.000, 14.525,  0.000,-23.077, 13.525, 13.800,  0.000, 14.825, 14.300,  0.525,  0.800,  1.000,  0.800,0.00000,  0.000,
mon_rep231013,2023-10-13T11:06:02,1654.066,  0.400,1,0,247, 25.000, 14.525,  0.000,-23.077, 13.525, 13.800,  0.000, 14.825, 14.300,  0.525,  0.800,  1.000,  0.800,0.00000,  0.000,
mon_rep231013,2023-10-13T11:06:02,1654.466,  0.400,1,0,247, 25.000, 14.525,  0.000,-23.077, 13.525, 13.800,  0.000, 14.825, 14.300,  0.525,  0.800,  1.000,  0.800,0.00000,  0.000,
mon_rep231013,2023-10-13T11:06:02,1654.866,  0.400,1,0,247, 25.000, 14.525,  0.000,-23.077, 13.525, 13.800,  0.000, 14.825, 14.300,  0.525,  0.800,  1.000,  0.800,0.00000,  0.000,
mon_rep231013,2023-10-13T11:06:03,1655.266,  0.400,1,0,247, 25.000, 14.525,  0.000,-23.077, 13.525, 13.800,  0.000, 14.825, 14.300,  0.525,  0.800,  1.000,  0.800,0.00000,  0.000,
mon_rep231013,2023-10-13T11:06:03,1655.666,  0.400,1,0,247, 25.000, 14.525,  0.000,-23.077, 13.525, 13.800,  0.000, 14.825, 14.300,  0.525,  0.800,  1.000,  0.800,0.00000,  0.000,
mon_rep231013,2023-10-13T11:06:04,1656.066,  0.400,1,0,247, 25.000, 14.525,  0.000,-23.077, 13.525, 13.800,  0.000, 14.825, 14.300,  0.525,  0.800,  1.000,  0.800,0.00000,  0.000,
mon_rep231013,2023-10-13T11:06:04,1656.466,  0.400,1,0,247, 25.000, 14.525,  0.000,-23.077, 13.525, 13.800,  0.000, 14.825, 14.300,  0.525,  0.800,  1.000,  0.800,0.00000,  0.000,
mon_rep231013,2023-10-13T11:06:04,1656.866,  0.400,1,0,247, 25.000, 14.525,  0.000,-23.077, 13.525, 13.800,  0.000, 14.825, 14.300,  0.525,  0.800,  1.000,  0.800,0.00000,  0.000,
mon_rep231013,2023-10-13T11:06:05,1657.266,  0.400,1,0,247, 25.000, 14.525,  0.000,-23.077, 13.525, 13.800,  0.000, 14.825, 14.300,  0.525,  0.800,  1.000,  0.800,0.00000,  0.000,
mon_rep231013,2023-10-13T11:06:05,1657.666,  0.400,1,0,247, 25.000, 14.525,  0.000,-23.077, 13.525, 13.800,  0.000, 14.825, 14.300,  0.525,  0.800,  1.000,  0.800,0.00000,  0.000,
mon_rep231013,2023-10-13T11:06:06,1658.066,  0.400,1,0,247, 25.000, 14.525,  0.000,-23.077, 13.525, 13.800,  0.000, 14.825, 14.300,  0.525,  0.800,  1.000,  0.800,0.00000,  0.000,
mon_rep231013,2023-10-13T11:06:06,1658.466,  0.400,1,0,247, 25.000, 14.525,  0.000,-23.077, 13.525, 13.800,  0.000, 14.825, 14.300,  0.525,  0.800,  1.000,  0.800,0.00000,  0.000,
mon_rep231013,2023-10-13T11:06:06,1658.866,  0.400,1,0,247, 25.000, 14.525,  0.000,-23.077, 13.525, 13.800,  0.000, 14.825, 14.300,  0.525,  0.800,  1.000,  0.800,0.00000,  0.000,
mon_rep231013,2023-10-13T11:06:07,1659.266,  0.400,1,0,247, 25.000, 14.525,  0.000,-23.077, 13.525, 13.800,  0.000, 14.825, 14.300,  0.525,  0.800,  1.000,  0.800,0.00000,  0.000,
mon_rep231013,2023-10-13T11:06:07,1659.666,  0.400,1,0,247, 25.000, 14.525,  0.000,-23.077, 13.525, 13.800,  0.000, 14.825, 14.300,  0.525,  0.800,  1.000,  0.800,0.00000,  0.000,
mon_rep231013,2023-10-13T11:06:08,1660.066,  0.400,1,0,247, 25.000, 14.525,  0.000,-23.077, 13.525, 13.800,  0.000, 14.825, 14.300,  0.525,  0.800,  1.000,  0.800,0.00000,  0.000,
mon_rep231013,2023-10-13T11:06:08,1660.466,  0.400,1,0,247, 25.000, 14.525,  0.000,-23.077, 13.525, 13.800,  0.000, 14.825, 14.300,  0.525,  0.800,  1.000,  0.800,0.00000,  0.000,
mon_rep231013,2023-10-13T11:06:08,1660.866,  0.400,1,0,247, 25.000, 14.525,  0.000,-23.077, 13.525, 13.800,  0.000, 14.825, 14.300,  0.525,  0.800,  1.000,  0.800,0.00000,  0.000,
mon_rep231013,2023-10-13T11:06:09,1661.266,  0.400,1,0,247, 25.000, 14.525,  0.000,-23.077, 13.525, 13.800,  0.000, 14.825, 14.300,  0.525,  0.800,  1.000,  0.800,0.00000,  0.000,
mon_rep231013,2023-10-13T11:06:09,1661.666,  0.400,1,0,247, 25.000, 14.525,  0.000,-23.077, 13.525, 13.800,  0.000, 14.825, 14.300,  0.525,  0.800,  1.000,  0.800,0.00000,  0.000,
mon_rep231013,2023-10-13T11:06:10,1662.066,  0.400,1,0,247, 25.000, 14.525,  0.000,-23.077, 13.525, 13.800,  0.000, 14.825, 14.300,  0.525,  0.800,  1.000,  0.800,0.00000,  0.000,
mon_rep231013,2023-10-13T11:06:10,1662.466,  0.400,1,0,247, 25.000, 14.525,  0.000,-23.077, 13.525, 13.800,  0.000, 14.825, 14.300,  0.525,  0.800,  1.000,  0.800,0.00000,  0.000,
mon_rep231013,2023-10-13T11:06:10,1662.866,  0.400,1,0,247, 25.000, 14.525,  0.000,-23.077, 13.525, 13.800,  0.000, 14.825, 14.300,  0.525,  0.800,  1.000,  0.800,0.00000,  0.000,
mon_rep231013,2023-10-13T11:06:11,1663.266,  0.400,1,0,247, 25.000, 14.525,  0.000,-23.077, 13.525, 13.800,  0.000, 14.825, 14.300,  0.525,  0.800,  1.000,  0.800,0.00000,  0.000,
mon_rep231013,2023-10-13T11:06:11,1663.666,  0.400,1,0,247, 25.000, 14.525,  0.000,-23.077, 13.525, 13.800,  0.000, 14.825, 14.300,  0.525,  0.800,  1.000,  0.800,0.00000,  0.000,
mon_rep231013,2023-10-13T11:06:12,1664.066,  0.400,1,0,247, 25.000, 14.525,  0.000,-23.077, 13.525, 13.800,  0.000, 14.825, 14.300,  0.525,  0.800,  1.000,  0.800,0.00000,  0.000,
mon_rep231013,2023-10-13T11:06:12,1664.466,  0.400,1,0,247, 25.000, 14.525,  0.000,-23.077, 13.525, 13.800,  0.000, 14.825, 14.300,  0.525,  0.800,  1.000,  0.800,0.00000,  0.000,
mon_rep231013,2023-10-13T11:06:12,1664.866,  0.400,1,0,247, 25.000, 14.525,  0.000,-23.077, 13.525, 13.800,  0.000, 14.825, 14.300,  0.525,  0.800,  1.000,  0.800,0.00000,  0.000,
mon_rep231013,2023-10-13T11:06:13,1665.266,  0.400,1,0,247, 25.000, 14.525,  0.000,-23.077, 13.525, 13.800,  0.000, 14.825, 14.300,  0.525,  0.800,  1.000,  0.800,0.00000,  0.000,
mon_rep231013,2023-10-13T11:06:13,1665.666,  0.400,1,0,247, 25.000, 14.525,  0.000,-23.077, 13.525, 13.800,  0.000, 14.825, 14.300,  0.525,  0.800,  1.000,  0.800,0.00000,  0.000,
mon_rep231013,2023-10-13T11:06:14,1666.066,  0.400,1,0,247, 25.000, 14.525,  0.000,-23.077, 13.525, 13.800,  0.000, 14.825, 14.300,  0.525,  0.800,  1.000,  0.800,0.00000,  0.000,
mon_rep231013,2023-10-13T11:06:14,1666.466,  0.400,1,0,247, 25.000, 14.525,  0.000,-23.077, 13.525, 13.800,  0.000, 14.825, 14.300,  0.525,  0.800,  1.000,  0.800,0.00000,  0.000,
mon_rep231013,2023-10-13T11:06:14,1666.866,  0.400,1,0,247, 25.000, 14.525,  0.000,-23.077, 13.525, 13.800,  0.000, 14.825, 14.300,  0.525,  0.800,  1.000,  0.800,0.00000,  0.000,
mon_rep231013,2023-10-13T11:06:15,1667.266,  0.400,1,0,247, 25.000, 14.525,  0.000,-23.077, 13.525, 13.800,  0.000, 14.825, 14.300,  0.525,  0.800,  1.000,  0.800,0.00000,  0.000,
mon_rep231013,2023-10-13T11:06:15,1667.666,  0.400,1,0,247, 25.000, 14.525,  0.000,-23.077, 13.525, 13.800,  0.000, 14.825, 14.300,  0.525,  0.800,  1.000,  0.800,0.00000,  0.000,
mon_rep231013,2023-10-13T11:06:16,1668.066,  0.400,1,0,247, 25.000, 14.525,  0.000,-23.077, 13.525, 13.800,  0.000, 14.825, 14.300,  0.525,  0.800,  1.000,  0.800,0.00000,  0.000,
mon_rep231013,2023-10-13T11:06:16,1668.466,  0.400,1,0,247, 25.000, 14.525,  0.000,-23.077, 13.525, 13.800,  0.000, 14.825, 14.300,  0.525,  0.800,  1.000,  0.800,0.00000,  0.000,
mon_rep231013,2023-10-13T11:06:16,1668.866,  0.400,1,0,247, 25.000, 14.525,  0.000,-23.077, 13.525, 13.800,  0.000, 14.825, 14.300,  0.525,  0.800,  1.000,  0.800,0.00000,  0.000,
mon_rep231013,2023-10-13T11:06:17,1669.266,  0.400,1,0,247, 25.000, 14.525,  0.000,-23.077, 13.525, 13.800,  0.000, 14.825, 14.300,  0.525,  0.800,  1.000,  0.800,0.00000,  0.000,
mon_rep231013,2023-10-13T11:06:17,1669.666,  0.400,1,0,247, 25.000, 14.525,  0.000,-23.077, 13.525, 13.800,  0.000, 14.825, 14.300,  0.525,  0.800,  1.000,  0.800,0.00000,  0.000,
mon_rep231013,2023-10-13T11:06:18,1670.066,  0.400,1,0,247, 25.000, 14.525,  0.000,-23.077, 13.525, 13.800,  0.000, 14.825, 14.300,  0.525,  0.800,  1.000,  0.800,0.00000,  0.000,
mon_rep231013,2023-10-13T11:06:18,1670.466,  0.400,1,0,247, 25.000, 14.525,  0.000,-23.077, 13.525, 13.800,  0.000, 14.825, 14.300,  0.525,  0.800,  1.000,  0.800,0.00000,  0.000,
mon_rep231013,2023-10-13T11:06:18,1670.866,  0.400,1,0,247, 25.000, 14.525,  0.000,-23.077, 13.525, 13.800,  0.000, 14.825, 14.300,  0.525,  0.800,  1.000,  0.800,0.00000,  0.000,
mon_rep231013,2023-10-13T11:06:19,1671.266,  0.400,1,0,247, 25.000, 14.525,  0.000,-23.077, 13.525, 13.800,  0.000, 14.825, 14.300,  0.525,  0.800,  1.000,  0.800,0.00000,  0.000,
mon_rep231013,2023-10-13T11:06:19,1671.666,  0.400,1,0,247, 25.000, 14.525,  0.000,-23.077, 13.525, 13.800,  0.000, 14.825, 14.300,  0.525,  0.800,  1.000,  0.800,0.00000,  0.000,
mon_rep231013,2023-10-13T11:06:20,1672.066,  0.400,1,0,247, 25.000, 14.525,  0.000,-23.077, 13.525, 13.800,  0.000, 14.825, 14.300,  0.525,  0.800,  1.000,  0.800,0.00000,  0.000,
mon_rep231013,2023-10-13T11:06:20,1672.466,  0.400,1,0,247, 25.000, 14.525,  0.000,-23.077, 13.525, 13.800,  0.000, 14.825, 14.300,  0.525,  0.800,  1.000,  0.800,0.00000,  0.000,
mon_rep231013,2023-10-13T11:06:20,1672.866,  0.400,1,0,247, 25.000, 14.525,  0.000,-23.077, 13.525, 13.800,  0.000, 14.825, 14.300,  0.525,  0.800,  1.000,  0.800,0.00000,  0.000,
mon_rep231013,2023-10-13T11:06:21,1673.266,  0.400,1,0,247, 25.000, 14.525,  0.000,-23.077, 13.525, 13.800,  0.000, 14.825, 14.300,  0.525,  0.800,  1.000,  0.800,0.00000,  0.000,
mon_rep231013,2023-10-13T11:06:21,1673.666,  0.400,1,0,247, 25.000, 14.525,  0.000,-23.077, 13.525, 13.800,  0.000, 14.825, 14.300,  0.525,  0.800,  1.000,  0.800,0.00000,  0.000,
mon_rep231013,2023-10-13T11:06:22,1674.066,  0.400,1,0,247, 25.000, 14.525,  0.000,-23.077, 13.525, 13.800,  0.000, 14.825, 14.300,  0.525,  0.800,  1.000,  0.800,0.00000,  0.000,
mon_rep231013,2023-10-13T11:06:22,1674.466,  0.400,1,0,247, 25.000, 14.525,  0.000,-23.077, 13.525, 13.800,  0.000, 14.825, 14.300,  0.525,  0.800,  1.000,  0.800,0.00000,  0.000,
mon_rep231013,2023-10-13T11:06:22,1674.866,  0.400,1,0,247, 25.000, 14.525,  0.000,-23.077, 13.525, 13.800,  0.000, 14.825, 14.300,  0.525,  0.800,  1.000,  0.800,0.00000,  0.000,
mon_rep231013,2023-10-13T11:06:23,1675.266,  0.400,1,0,247, 25.000, 14.525,  0.000,-23.077, 13.525, 13.800,  0.000, 14.825, 14.300,  0.525,  0.800,  1.000,  0.800,0.00000,  0.000,
mon_rep231013,2023-10-13T11:06:23,1675.666,  0.400,1,0,247, 25.000, 14.525,  0.000,-23.077, 13.525, 13.800,  0.000, 14.825, 14.300,  0.525,  0.800,  1.000,  0.800,0.00000,  0.000,
mon_rep231013,2023-10-13T11:06:24,1676.066,  0.400,1,0,247, 25.000, 14.525,  0.000,-23.077, 13.525, 13.800,  0.000, 14.825, 14.300,  0.525,  0.800,  1.000,  0.800,0.00000,  0.000,
mon_rep231013,2023-10-13T11:06:24,1676.466,  0.400,1,0,247, 25.000, 14.525,  0.000,-23.077, 13.525, 13.800,  0.000, 14.825, 14.300,  0.525,  0.800,  1.000,  0.800,0.00000,  0.000,
mon_rep231013,2023-10-13T11:06:24,1676.866,  0.400,1,0,247, 25.000, 14.525,  0.000,-23.077, 13.525, 13.800,  0.000, 14.825, 14.300,  0.525,  0.800,  1.000,  0.800,0.00000,  0.000,
mon_rep231013,2023-10-13T11:06:25,1677.266,  0.400,1,0,247, 25.000, 14.525,  0.000,-23.077, 13.525, 13.800,  0.000, 14.825, 14.300,  0.525,  0.800,  1.000,  0.800,0.00000,  0.000,
mon_rep231013,2023-10-13T11:06:25,1677.666,  0.400,1,0,247, 25.000, 14.525,  0.000,-23.077, 13.525, 13.800,  0.000, 14.825, 14.300,  0.525,  0.800,  1.000,  0.800,0.00000,  0.000,
mon_rep231013,2023-10-13T11:06:26,1678.066,  0.400,1,0,247, 25.000, 14.525,  0.000,-23.077, 13.525, 13.800,  0.000, 14.825, 14.300,  0.525,  0.800,  1.000,  0.800,0.00000,  0.000,
mon_rep231013,2023-10-13T11:06:26,1678.466,  0.400,1,0,247, 25.000, 14.525,  0.000,-23.077, 13.525, 13.800,  0.000, 14.825, 14.300,  0.525,  0.800,  1.000,  0.800,0.00000,  0.000,
mon_rep231013,2023-10-13T11:06:26,1678.866,  0.400,1,0,247, 25.000, 14.525,  0.000,-23.077, 13.525, 13.800,  0.000, 14.825, 14.300,  0.525,  0.800,  1.000,  0.800,0.00000,  0.000,
mon_rep231013,2023-10-13T11:06:27,1679.266,  0.400,1,0,247, 25.000, 14.525,  0.000,-23.077, 13.525, 13.800,  0.000, 14.825, 14.300,  0.525,  0.800,  1.000,  0.800,0.00000,  0.000,
mon_rep231013,2023-10-13T11:06:27,1679.666,  0.400,1,0,247, 25.000, 14.525,  0.000,-23.077, 13.525, 13.800,  0.000, 14.825, 14.300,  0.525,  0.800,  1.000,  0.800,0.00000,  0.000,
mon_rep231013,2023-10-13T11:06:28,1680.066,  0.400,1,0,247, 25.000, 14.525,  0.000,-23.077, 13.525, 13.800,  0.000, 14.825, 14.300,  0.525,  0.800,  1.000,  0.800,0.00000,  0.000,
mon_rep231013,2023-10-13T11:06:28,1680.466,  0.400,1,0,247, 25.000, 14.525,  0.000,-23.077, 13.525, 13.800,  0.000, 14.825, 14.300,  0.525,  0.800,  1.000,  0.800,0.00000,  0.000,
mon_rep231013,2023-10-13T11:06:28,1680.866,  0.400,1,0,247, 25.000, 14.525,  0.000,-23.077, 13.525, 13.800,  0.000, 14.825, 14.300,  0.525,  0.800,  1.000,  0.800,0.00000,  0.000,
mon_rep231013,2023-10-13T11:06:29,1681.266,  0.400,1,0,247, 25.000, 14.525,  0.000,-23.077, 13.525, 13.800,  0.000, 14.825, 14.300,  0.525,  0.800,  1.000,  0.800,0.00000,  0.000,
mon_rep231013,2023-10-13T11:06:29,1681.666,  0.400,1,0,247, 25.000, 14.525,  0.000,-23.077, 13.525, 13.800,  0.000, 14.825, 14.300,  0.525,  0.800,  1.000,  0.800,0.00000,  0.000,
mon_rep231013,2023-10-13T11:06:30,1682.066,  0.400,1,0,247, 25.000, 14.525,  0.000,-23.077, 13.525, 13.800,  0.000, 14.825, 14.300,  0.525,  0.800,  1.000,  0.800,0.00000,  0.000,
mon_rep231013,2023-10-13T11:06:30,1682.466,  0.400,1,0,247, 25.000, 14.525,  0.000,-23.077, 13.525, 13.800,  0.000, 14.825, 14.300,  0.525,  0.800,  1.000,  0.800,0.00000,  0.000,
mon_rep231013,2023-10-13T11:06:30,1682.866,  0.400,1,0,247, 25.000, 14.525,  0.000,-23.077, 13.525, 13.800,  0.000, 14.825, 14.300,  0.525,  0.800,  1.000,  0.800,0.00000,  0.000,
mon_rep231013,2023-10-13T11:06:31,1683.266,  0.400,1,0,247, 25.000, 14.525,  0.000,-23.077, 13.525, 13.800,  0.000, 14.825, 14.300,  0.525,  0.800,  1.000,  0.800,0.00000,  0.000,
mon_rep231013,2023-10-13T11:06:31,1683.666,  0.400,1,0,247, 25.000, 14.525,  0.000,-23.077, 13.525, 13.800,  0.000, 14.825, 14.300,  0.525,  0.800,  1.000,  0.800,0.00000,  0.000,
mon_rep231013,2023-10-13T11:06:32,1684.066,  0.400,1,0,247, 25.000, 14.525,  0.000,-23.077, 13.525, 13.800,  0.000, 14.825, 14.300,  0.525,  0.800,  1.000,  0.800,0.00000,  0.000,
mon_rep231013,2023-10-13T11:06:32,1684.466,  0.400,1,0,247, 25.000, 14.525,  0.000,-23.077, 13.525, 13.800,  0.000, 14.825, 14.300,  0.525,  0.800,  1.000,  0.800,0.00000,  0.000,
mon_rep231013,2023-10-13T11:06:32,1684.866,  0.400,1,0,247, 25.000, 14.525,  0.000,-23.077, 13.525, 13.800,  0.000, 14.825, 14.300,  0.525,  0.800,  1.000,  0.800,0.00000,  0.000,
mon_rep231013,2023-10-13T11:06:33,1685.266,  0.400,1,0,247, 25.000, 14.525,  0.000,-23.077, 13.525, 13.800,  0.000, 14.825, 14.300,  0.525,  0.800,  1.000,  0.800,0.00000,  0.000,
mon_rep231013,2023-10-13T11:06:33,1685.666,  0.400,1,0,247, 25.000, 14.525,  0.000,-23.077, 13.525, 13.800,  0.000, 14.825, 14.300,  0.525,  0.800,  1.000,  0.800,0.00000,  0.000,
mon_rep231013,2023-10-13T11:06:34,1686.066,  0.400,1,0,247, 25.000, 14.525,  0.000,-23.077, 13.525, 13.800,  0.000, 14.825, 14.300,  0.525,  0.800,  1.000,  0.800,0.00000,  0.000,
mon_rep231013,2023-10-13T11:06:34,1686.466,  0.400,1,0,247, 25.000, 14.525,  0.000,-23.077, 13.525, 13.800,  0.000, 14.825, 14.300,  0.525,  0.800,  1.000,  0.800,0.00000,  0.000,
mon_rep231013,2023-10-13T11:06:34,1686.866,  0.400,1,0,247, 25.000, 14.525,  0.000,-23.077, 13.525, 13.800,  0.000, 14.825, 14.300,  0.525,  0.800,  1.000,  0.800,0.00000,  0.000,
mon_rep231013,2023-10-13T11:06:35,1687.266,  0.400,1,0,247, 25.000, 14.525,  0.000,-23.077, 13.525, 13.800,  0.000, 14.825, 14.300,  0.525,  0.800,  1.000,  0.800,0.00000,  0.000,
mon_rep231013,2023-10-13T11:06:35,1687.666,  0.400,1,0,247, 25.000, 14.525,  0.000,-23.077, 13.525, 13.800,  0.000, 14.825, 14.300,  0.525,  0.800,  1.000,  0.800,0.00000,  0.000,
mon_rep231013,2023-10-13T11:06:36,1688.066,  0.400,1,0,247, 25.000, 14.525,  0.000,-23.077, 13.525, 13.800,  0.000, 14.825, 14.300,  0.525,  0.800,  1.000,  0.800,0.00000,  0.000,
mon_rep231013,2023-10-13T11:06:36,1688.466,  0.400,1,0,247, 25.000, 14.525,  0.000,-23.077, 13.525, 13.800,  0.000, 14.825, 14.300,  0.525,  0.800,  1.000,  0.800,0.00000,  0.000,
mon_rep231013,2023-10-13T11:06:36,1688.866,  0.400,1,0,247, 25.000, 14.525,  0.000,-23.077, 13.525, 13.800,  0.000, 14.825, 14.300,  0.525,  0.800,  1.000,  0.800,0.00000,  0.000,
mon_rep231013,2023-10-13T11:06:37,1689.266,  0.400,1,0,247, 25.000, 14.525,  0.000,-23.077, 13.525, 13.800,  0.000, 14.825, 14.300,  0.525,  0.800,  1.000,  0.800,0.00000,  0.000,
mon_rep231013,2023-10-13T11:06:37,1689.666,  0.400,1,0,247, 25.000, 14.525,  0.000,-23.077, 13.525, 13.800,  0.000, 14.825, 14.300,  0.525,  0.800,  1.000,  0.800,0.00000,  0.000,
mon_rep231013,2023-10-13T11:06:38,1690.066,  0.400,1,0,247, 25.000, 14.525,  0.000,-23.077, 13.525, 13.800,  0.000, 14.825, 14.300,  0.525,  0.800,  1.000,  0.800,0.00000,  0.000,
mon_rep231013,2023-10-13T11:06:38,1690.466,  0.400,1,0,247, 25.000, 14.525,  0.000,-23.077, 13.525, 13.800,  0.000, 14.825, 14.300,  0.525,  0.800,  1.000,  0.800,0.00000,  0.000,
mon_rep231013,2023-10-13T11:06:38,1690.866,  0.400,1,0,247, 25.000, 14.525,  0.000,-23.077, 13.525, 13.800,  0.000, 14.825, 14.300,  0.525,  0.800,  1.000,  0.800,0.00000,  0.000,
mon_rep231013,2023-10-13T11:06:39,1691.266,  0.400,1,0,247, 25.000, 14.525,  0.000,-23.077, 13.525, 13.800,  0.000, 14.825, 14.300,  0.525,  0.800,  1.000,  0.800,0.00000,  0.000,
mon_rep231013,2023-10-13T11:06:39,1691.666,  0.400,1,0,247, 25.000, 14.525,  0.000,-23.077, 13.525, 13.800,  0.000, 14.825, 14.300,  0.525,  0.800,  1.000,  0.800,0.00000,  0.000,
mon_rep231013,2023-10-13T11:06:40,1692.066,  0.400,1,0,247, 25.000, 14.525,  0.000,-23.077, 13.525, 13.800,  0.000, 14.825, 14.300,  0.525,  0.800,  1.000,  0.800,0.00000,  0.000,
mon_rep231013,2023-10-13T11:06:40,1692.466,  0.400,1,0,247, 25.000, 14.525,  0.000,-23.077, 13.525, 13.800,  0.000, 14.825, 14.300,  0.525,  0.800,  1.000,  0.800,0.00000,  0.000,
mon_rep231013,2023-10-13T11:06:40,1692.866,  0.400,1,0,247, 25.000, 14.525,  0.000,-23.077, 13.525, 13.800,  0.000, 14.825, 14.300,  0.525,  0.800,  1.000,  0.800,0.00000,  0.000,
mon_rep231013,2023-10-13T11:06:41,1693.266,  0.400,1,0,247, 25.000, 14.525,  0.000,-23.077, 13.525, 13.800,  0.000, 14.825, 14.300,  0.525,  0.800,  1.000,  0.800,0.00000,  0.000,
mon_rep231013,2023-10-13T11:06:41,1693.666,  0.400,1,0,247, 25.000, 14.525,  0.000,-23.077, 13.525, 13.800,  0.000, 14.825, 14.300,  0.525,  0.800,  1.000,  0.800,0.00000,  0.000,
mon_rep231013,2023-10-13T11:06:42,1694.066,  0.400,1,0,247, 25.000, 14.525,  0.000,-23.077, 13.525, 13.800,  0.000, 14.825, 14.300,  0.525,  0.800,  1.000,  0.800,0.00000,  0.000,
mon_rep231013,2023-10-13T11:06:42,1694.466,  0.400,1,0,247, 25.000, 14.525,  0.000,-23.077, 13.525, 13.800,  0.000, 14.825, 14.300,  0.525,  0.800,  1.000,  0.800,0.00000,  0.000,
mon_rep231013,2023-10-13T11:06:42,1694.866,  0.400,1,0,247, 25.000, 14.525,  0.000,-23.077, 13.525, 13.800,  0.000, 14.825, 14.300,  0.525,  0.800,  1.000,  0.800,0.00000,  0.000,
mon_rep231013,2023-10-13T11:06:43,1695.266,  0.400,1,0,247, 25.000, 14.525,  0.000,-23.077, 13.525, 13.800,  0.000, 14.825, 14.300,  0.525,  0.800,  1.000,  0.800,0.00000,  0.000,
mon_rep231013,2023-10-13T11:06:43,1695.666,  0.400,1,0,247, 25.000, 14.525,  0.000,-23.077, 13.525, 13.800,  0.000, 14.825, 14.300,  0.525,  0.800,  1.000,  0.800,0.00000,  0.000,
mon_rep231013,2023-10-13T11:06:44,1696.066,  0.400,1,0,247, 25.000, 14.525,  0.000,-23.077, 13.525, 13.800,  0.000, 14.825, 14.300,  0.525,  0.800,  1.000,  0.800,0.00000,  0.000,
mon_rep231013,2023-10-13T11:06:44,1696.466,  0.400,1,0,247, 25.000, 14.525,  0.000,-23.077, 13.525, 13.800,  0.000, 14.825, 14.300,  0.525,  0.800,  1.000,  0.800,0.00000,  0.000,
mon_rep231013,2023-10-13T11:06:44,1696.866,  0.400,1,0,247, 25.000, 14.525,  0.000,-23.077, 13.525, 13.800,  0.000, 14.825, 14.300,  0.525,  0.800,  1.000,  0.800,0.00000,  0.000,
mon_rep231013,2023-10-13T11:06:45,1697.266,  0.400,1,0,247, 25.000, 14.525,  0.000,-23.077, 13.525, 13.800,  0.000, 14.825, 14.300,  0.525,  0.800,  1.000,  0.800,0.00000,  0.000,
mon_rep231013,2023-10-13T11:06:45,1697.666,  0.400,1,0,247, 25.000, 14.525,  0.000,-23.077, 13.525, 13.800,  0.000, 14.825, 14.300,  0.525,  0.800,  1.000,  0.800,0.00000,  0.000,
mon_rep231013,2023-10-13T11:06:46,1698.066,  0.400,1,0,247, 25.000, 14.525,  0.000,-23.077, 13.525, 13.800,  0.000, 14.825, 14.300,  0.525,  0.800,  1.000,  0.800,0.00000,  0.000,
mon_rep231013,2023-10-13T11:06:46,1698.466,  0.400,1,0,247, 25.000, 14.525,  0.000,-23.077, 13.525, 13.800,  0.000, 14.825, 14.300,  0.525,  0.800,  1.000,  0.800,0.00000,  0.000,
mon_rep231013,2023-10-13T11:06:46,1698.866,  0.400,1,0,247, 25.000, 14.525,  0.000,-23.077, 13.525, 13.800,  0.000, 14.825, 14.300,  0.525,  0.800,  1.000,  0.800,0.00000,  0.000,
mon_rep231013,2023-10-13T11:06:47,1699.266,  0.400,1,0,247, 25.000, 14.525,  0.000,-23.077, 13.525, 13.800,  0.000, 14.825, 14.300,  0.525,  0.800,  1.000,  0.800,0.00000,  0.000,
mon_rep231013,2023-10-13T11:06:47,1699.666,  0.400,1,0,247, 25.000, 14.525,  0.000,-23.077, 13.525, 13.800,  0.000, 14.825, 14.300,  0.525,  0.800,  1.000,  0.800,0.00000,  0.000,
mon_rep231013,2023-10-13T11:06:48,1700.066,  0.400,1,0,247, 25.000, 14.525,  0.000,-23.077, 13.525, 13.800,  0.000, 14.825, 14.300,  0.525,  0.800,  1.000,  0.800,0.00000,  0.000,
mon_rep231013,2023-10-13T11:06:48,1700.466,  0.400,1,0,247, 25.000, 14.525,  0.000,-23.077, 13.525, 13.800,  0.000, 14.825, 14.300,  0.525,  0.800,  1.000,  0.800,0.00000,  0.000,
mon_rep231013,2023-10-13T11:06:48,1700.866,  0.400,1,0,247, 25.000, 14.525,  0.000,-23.077, 13.525, 13.800,  0.000, 14.825, 14.300,  0.525,  0.800,  1.000,  0.800,0.00000,  0.000,
mon_rep231013,2023-10-13T11:06:49,1701.266,  0.400,1,0,247, 25.000, 14.525,  0.000,-23.077, 13.525, 13.800,  0.000, 14.825, 14.300,  0.525,  0.800,  1.000,  0.800,0.00000,  0.000,
mon_rep231013,2023-10-13T11:06:49,1701.666,  0.400,1,0,247, 25.000, 14.525,  0.000,-23.077, 13.525, 13.800,  0.000, 14.825, 14.300,  0.525,  0.800,  1.000,  0.800,0.00000,  0.000,
mon_rep231013,2023-10-13T11:06:50,1702.066,  0.400,1,0,247, 25.000, 14.525,  0.000,-23.077, 13.525, 13.800,  0.000, 14.825, 14.300,  0.525,  0.800,  1.000,  0.800,0.00000,  0.000,
mon_rep231013,2023-10-13T11:06:50,1702.466,  0.400,1,0,247, 25.000, 14.525,  0.000,-23.077, 13.525, 13.800,  0.000, 14.825, 14.300,  0.525,  0.800,  1.000,  0.800,0.00000,  0.000,
mon_rep231013,2023-10-13T11:06:50,1702.866,  0.400,1,0,247, 25.000, 14.525,  0.000,-23.077, 13.525, 13.800,  0.000, 14.825, 14.300,  0.525,  0.800,  1.000,  0.800,0.00000,  0.000,
mon_rep231013,2023-10-13T11:06:51,1703.266,  0.400,1,0,247, 25.000, 14.525,  0.000,-23.077, 13.525, 13.800,  0.000, 14.825, 14.300,  0.525,  0.800,  1.000,  0.800,0.00000,  0.000,
mon_rep231013,2023-10-13T11:06:51,1703.666,  0.400,1,0,247, 25.000, 14.525,  0.000,-23.077, 13.525, 13.800,  0.000, 14.825, 14.300,  0.525,  0.800,  1.000,  0.800,0.00000,  0.000,
mon_rep231013,2023-10-13T11:06:52,1704.066,  0.400,1,0,247, 25.000, 14.525,  0.000,-23.077, 13.525, 13.800,  0.000, 14.825, 14.300,  0.525,  0.800,  1.000,  0.800,0.00000,  0.000,
mon_rep231013,2023-10-13T11:06:52,1704.466,  0.400,1,0,247, 25.000, 14.525,  0.000,-23.077, 13.525, 13.800,  0.000, 14.825, 14.300,  0.525,  0.800,  1.000,  0.800,0.00000,  0.000,
mon_rep231013,2023-10-13T11:06:52,1704.866,  0.400,1,0,247, 25.000, 14.525,  0.000,-23.077, 13.525, 13.800,  0.000, 14.825, 14.300,  0.525,  0.800,  1.000,  0.800,0.00000,  0.000,
mon_rep231013,2023-10-13T11:06:53,1705.266,  0.400,1,0,247, 25.000, 14.525,  0.000,-23.077, 13.525, 13.800,  0.000, 14.825, 14.300,  0.525,  0.800,  1.000,  0.800,0.00000,  0.000,
mon_rep231013,2023-10-13T11:06:53,1705.666,  0.400,1,0,247, 25.000, 14.525,  0.000,-23.077, 13.525, 13.800,  0.000, 14.825, 14.300,  0.525,  0.800,  1.000,  0.800,0.00000,  0.000,
mon_rep231013,2023-10-13T11:06:54,1706.066,  0.400,1,0,247, 25.000, 14.525,  0.000,-23.077, 13.525, 13.800,  0.000, 14.825, 14.300,  0.525,  0.800,  1.000,  0.800,0.00000,  0.000,
mon_rep231013,2023-10-13T11:06:54,1706.466,  0.400,1,0,247, 25.000, 14.525,  0.000,-23.077, 13.525, 13.800,  0.000, 14.825, 14.300,  0.525,  0.800,  1.000,  0.800,0.00000,  0.000,
mon_rep231013,2023-10-13T11:06:54,1706.866,  0.400,1,0,247, 25.000, 14.525,  0.000,-23.077, 13.525, 13.800,  0.000, 14.825, 14.300,  0.525,  0.800,  1.000,  0.800,0.00000,  0.000,
mon_rep231013,2023-10-13T11:06:55,1707.266,  0.400,1,0,247, 25.000, 14.525,  0.000,-23.077, 13.525, 13.800,  0.000, 14.825, 14.300,  0.525,  0.800,  1.000,  0.800,0.00000,  0.000,
mon_rep231013,2023-10-13T11:06:55,1707.666,  0.400,1,0,247, 25.000, 14.525,  0.000,-23.077, 13.525, 13.800,  0.000, 14.825, 14.300,  0.525,  0.800,  1.000,  0.800,0.00000,  0.000,
mon_rep231013,2023-10-13T11:06:56,1708.066,  0.400,1,0,247, 25.000, 14.525,  0.000,-23.077, 13.525, 13.800,  0.000, 14.825, 14.300,  0.525,  0.800,  1.000,  0.800,0.00000,  0.000,
mon_rep231013,2023-10-13T11:06:56,1708.466,  0.400,1,0,247, 25.000, 14.525,  0.000,-23.077, 13.525, 13.800,  0.000, 14.825, 14.300,  0.525,  0.800,  1.000,  0.800,0.00000,  0.000,
mon_rep231013,2023-10-13T11:06:56,1708.866,  0.400,1,0,247, 25.000, 14.525,  0.000,-23.077, 13.525, 13.800,  0.000, 14.825, 14.300,  0.525,  0.800,  1.000,  0.800,0.00000,  0.000,
mon_rep231013,2023-10-13T11:06:57,1709.266,  0.400,1,0,247, 25.000, 14.525,  0.000,-23.077, 13.525, 13.800,  0.000, 14.825, 14.300,  0.525,  0.800,  1.000,  0.800,0.00000,  0.000,
mon_rep231013,2023-10-13T11:06:57,1709.666,  0.400,1,0,247, 25.000, 14.525,  0.000,-23.077, 13.525, 13.800,  0.000, 14.825, 14.300,  0.525,  0.800,  1.000,  0.800,0.00000,  0.000,
mon_rep231013,2023-10-13T11:06:58,1710.066,  0.400,1,0,247, 25.000, 14.525,  0.000,-23.077, 13.525, 13.800,  0.000, 14.825, 14.300,  0.525,  0.800,  1.000,  0.800,0.00000,  0.000,
mon_rep231013,2023-10-13T11:06:58,1710.466,  0.400,1,0,247, 25.000, 14.525,  0.000,-23.077, 13.525, 13.800,  0.000, 14.825, 14.300,  0.525,  0.800,  1.000,  0.800,0.00000,  0.000,
mon_rep231013,2023-10-13T11:06:58,1710.866,  0.400,1,0,247, 25.000, 14.525,  0.000,-23.077, 13.525, 13.800,  0.000, 14.825, 14.300,  0.525,  0.800,  1.000,  0.800,0.00000,  0.000,
mon_rep231013,2023-10-13T11:06:59,1711.266,  0.400,1,0,247, 25.000, 14.525,  0.000,-23.077, 13.525, 13.800,  0.000, 14.825, 14.300,  0.525,  0.800,  1.000,  0.800,0.00000,  0.000,
mon_rep231013,2023-10-13T11:06:59,1711.666,  0.400,1,0,247, 25.000, 14.525,  0.000,-23.077, 13.525, 13.800,  0.000, 14.825, 14.300,  0.525,  0.800,  1.000,  0.800,0.00000,  0.000,
mon_rep231013,2023-10-13T11:07:00,1712.066,  0.400,1,0,247, 25.000, 14.525,  0.000,-23.077, 13.525, 13.800,  0.000, 14.825, 14.300,  0.525,  0.800,  1.000,  0.800,0.00000,  0.000,
mon_rep231013,2023-10-13T11:07:00,1712.466,  0.400,1,0,247, 25.000, 14.525,  0.000,-23.077, 13.525, 13.800,  0.000, 14.825, 14.300,  0.525,  0.800,  1.000,  0.800,0.00000,  0.000,
mon_rep231013,2023-10-13T11:07:00,1712.866,  0.400,1,0,247, 25.000, 14.525,  0.000,-23.077, 13.525, 13.800,  0.000, 14.825, 14.300,  0.525,  0.800,  1.000,  0.800,0.00000,  0.000,
mon_rep231013,2023-10-13T11:07:01,1713.266,  0.400,1,0,247, 25.000, 14.525,  0.000,-23.077, 13.525, 13.800,  0.000, 14.825, 14.300,  0.525,  0.800,  1.000,  0.800,0.00000,  0.000,
mon_rep231013,2023-10-13T11:07:01,1713.666,  0.400,1,0,247, 25.000, 14.525,  0.000,-23.077, 13.525, 13.800,  0.000, 14.825, 14.300,  0.525,  0.800,  1.000,  0.800,0.00000,  0.000,
mon_rep231013,2023-10-13T11:07:02,1714.066,  0.400,1,0,247, 25.000, 14.525,  0.000,-23.077, 13.525, 13.800,  0.000, 14.825, 14.300,  0.525,  0.800,  1.000,  0.800,0.00000,  0.000,
mon_rep231013,2023-10-13T11:07:02,1714.466,  0.400,1,0,247, 25.000, 14.525,  0.000,-23.077, 13.525, 13.800,  0.000, 14.825, 14.300,  0.525,  0.800,  1.000,  0.800,0.00000,  0.000,
mon_rep231013,2023-10-13T11:07:02,1714.866,  0.400,1,0,247, 25.000, 14.525,  0.000,-23.077, 13.525, 13.800,  0.000, 14.825, 14.300,  0.525,  0.800,  1.000,  0.800,0.00000,  0.000,
mon_rep231013,2023-10-13T11:07:03,1715.266,  0.400,1,0,247, 25.000, 14.525,  0.000,-23.077, 13.525, 13.800,  0.000, 14.825, 14.300,  0.525,  0.800,  1.000,  0.800,0.00000,  0.000,
mon_rep231013,2023-10-13T11:07:03,1715.666,  0.400,1,0,247, 25.000, 14.525,  0.000,-23.077, 13.525, 13.800,  0.000, 14.825, 14.300,  0.525,  0.800,  1.000,  0.800,0.00000,  0.000,
mon_rep231013,2023-10-13T11:07:04,1716.066,  0.400,1,0,247, 25.000, 14.525,  0.000,-23.077, 13.525, 13.800,  0.000, 14.825, 14.300,  0.525,  0.800,  1.000,  0.800,0.00000,  0.000,
mon_rep231013,2023-10-13T11:07:04,1716.466,  0.400,1,0,247, 25.000, 14.525,  0.000,-23.077, 13.525, 13.800,  0.000, 14.825, 14.300,  0.525,  0.800,  1.000,  0.800,0.00000,  0.000,
mon_rep231013,2023-10-13T11:07:04,1716.866,  0.400,1,0,247, 25.000, 14.525,  0.000,-23.077, 13.525, 13.800,  0.000, 14.825, 14.300,  0.525,  0.800,  1.000,  0.800,0.00000,  0.000,
mon_rep231013,2023-10-13T11:07:05,1717.266,  0.400,1,0,247, 25.000, 14.525,  0.000,-23.077, 13.525, 13.800,  0.000, 14.825, 14.300,  0.525,  0.800,  1.000,  0.800,0.00000,  0.000,
mon_rep231013,2023-10-13T11:07:05,1717.666,  0.400,1,0,247, 25.000, 14.525,  0.000,-23.077, 13.525, 13.800,  0.000, 14.825, 14.300,  0.525,  0.800,  1.000,  0.800,0.00000,  0.000,
mon_rep231013,2023-10-13T11:07:06,1718.066,  0.400,1,0,247, 25.000, 14.525,  0.000,-23.077, 13.525, 13.800,  0.000, 14.825, 14.300,  0.525,  0.800,  1.000,  0.800,0.00000,  0.000,
mon_rep231013,2023-10-13T11:07:06,1718.466,  0.400,1,0,247, 25.000, 14.525,  0.000,-23.077, 13.525, 13.800,  0.000, 14.825, 14.300,  0.525,  0.800,  1.000,  0.800,0.00000,  0.000,
mon_rep231013,2023-10-13T11:07:06,1718.866,  0.400,1,0,247, 25.000, 14.525,  0.000,-23.077, 13.525, 13.800,  0.000, 14.825, 14.300,  0.525,  0.800,  1.000,  0.800,0.00000,  0.000,
mon_rep231013,2023-10-13T11:07:07,1719.266,  0.400,1,0,247, 25.000, 14.525,  0.000,-23.077, 13.525, 13.800,  0.000, 14.825, 14.300,  0.525,  0.800,  1.000,  0.800,0.00000,  0.000,
mon_rep231013,2023-10-13T11:07:07,1719.666,  0.400,1,0,247, 25.000, 14.525,  0.000,-23.077, 13.525, 13.800,  0.000, 14.825, 14.300,  0.525,  0.800,  1.000,  0.800,0.00000,  0.000,
mon_rep231013,2023-10-13T11:07:08,1720.066,  0.400,1,0,247, 25.000, 14.525,  0.000,-23.077, 13.525, 13.800,  0.000, 14.825, 14.300,  0.525,  0.800,  1.000,  0.800,0.00000,  0.000,
mon_rep231013,2023-10-13T11:07:08,1720.466,  0.400,1,0,247, 25.000, 14.525,  0.000,-23.077, 13.525, 13.800,  0.000, 14.825, 14.300,  0.525,  0.800,  1.000,  0.800,0.00000,  0.000,
mon_rep231013,2023-10-13T11:07:08,1720.866,  0.400,1,0,247, 25.000, 14.525,  0.000,-23.077, 13.525, 13.800,  0.000, 14.825, 14.300,  0.525,  0.800,  1.000,  0.800,0.00000,  0.000,
mon_rep231013,2023-10-13T11:07:09,1721.266,  0.400,1,0,247, 25.000, 14.525,  0.000,-23.077, 13.525, 13.800,  0.000, 14.825, 14.300,  0.525,  0.800,  1.000,  0.800,0.00000,  0.000,
mon_rep231013,2023-10-13T11:07:09,1721.666,  0.400,1,0,247, 25.000, 14.525,  0.000,-23.077, 13.525, 13.800,  0.000, 14.825, 14.300,  0.525,  0.800,  1.000,  0.800,0.00000,  0.000,
mon_rep231013,2023-10-13T11:07:10,1722.066,  0.400,1,0,247, 25.000, 14.525,  0.000,-23.077, 13.525, 13.800,  0.000, 14.825, 14.300,  0.525,  0.800,  1.000,  0.800,0.00000,  0.000,
mon_rep231013,2023-10-13T11:07:10,1722.466,  0.400,1,0,247, 25.000, 14.525,  0.000,-23.077, 13.525, 13.800,  0.000, 14.825, 14.300,  0.525,  0.800,  1.000,  0.800,0.00000,  0.000,
mon_rep231013,2023-10-13T11:07:10,1722.866,  0.400,1,0,247, 25.000, 14.525,  0.000,-23.077, 13.525, 13.800,  0.000, 14.825, 14.300,  0.525,  0.800,  1.000,  0.800,0.00000,  0.000,
mon_rep231013,2023-10-13T11:07:11,1723.266,  0.400,1,0,247, 25.000, 14.525,  0.000,-23.077, 13.525, 13.800,  0.000, 14.825, 14.300,  0.525,  0.800,  1.000,  0.800,0.00000,  0.000,
mon_rep231013,2023-10-13T11:07:11,1723.666,  0.400,1,0,247, 25.000, 14.525,  0.000,-23.077, 13.525, 13.800,  0.000, 14.825, 14.300,  0.525,  0.800,  1.000,  0.800,0.00000,  0.000,
mon_rep231013,2023-10-13T11:07:12,1724.066,  0.400,1,0,247, 25.000, 14.525,  0.000,-23.077, 13.525, 13.800,  0.000, 14.825, 14.300,  0.525,  0.800,  1.000,  0.800,0.00000,  0.000,
mon_rep231013,2023-10-13T11:07:12,1724.466,  0.400,1,0,247, 25.000, 14.525,  0.000,-23.077, 13.525, 13.800,  0.000, 14.825, 14.300,  0.525,  0.800,  1.000,  0.800,0.00000,  0.000,
mon_rep231013,2023-10-13T11:07:12,1724.866,  0.400,1,0,247, 25.000, 14.525,  0.000,-23.077, 13.525, 13.800,  0.000, 14.825, 14.300,  0.525,  0.800,  1.000,  0.800,0.00000,  0.000,
mon_rep231013,2023-10-13T11:07:13,1725.266,  0.400,1,0,247, 25.000, 14.525,  0.000,-23.077, 13.525, 13.800,  0.000, 14.825, 14.300,  0.525,  0.800,  1.000,  0.800,0.00000,  0.000,
mon_rep231013,2023-10-13T11:07:13,1725.666,  0.400,1,0,247, 25.000, 14.525,  0.000,-23.077, 13.525, 13.800,  0.000, 14.825, 14.300,  0.525,  0.800,  1.000,  0.800,0.00000,  0.000,
mon_rep231013,2023-10-13T11:07:14,1726.066,  0.400,1,0,247, 25.000, 14.525,  0.000,-23.077, 13.525, 13.800,  0.000, 14.825, 14.300,  0.525,  0.800,  1.000,  0.800,0.00000,  0.000,
mon_rep231013,2023-10-13T11:07:14,1726.466,  0.400,1,0,247, 25.000, 14.525,  0.000,-23.077, 13.525, 13.800,  0.000, 14.825, 14.300,  0.525,  0.800,  1.000,  0.800,0.00000,  0.000,
mon_rep231013,2023-10-13T11:07:14,1726.866,  0.400,1,0,247, 25.000, 14.525,  0.000,-23.077, 13.525, 13.800,  0.000, 14.825, 14.300,  0.525,  0.800,  1.000,  0.800,0.00000,  0.000,
mon_rep231013,2023-10-13T11:07:15,1727.266,  0.400,1,0,247, 25.000, 14.525,  0.000,-23.077, 13.525, 13.800,  0.000, 14.825, 14.300,  0.525,  0.800,  1.000,  0.800,0.00000,  0.000,
mon_rep231013,2023-10-13T11:07:15,1727.666,  0.400,1,0,247, 25.000, 14.525,  0.000,-23.077, 13.525, 13.800,  0.000, 14.825, 14.300,  0.525,  0.800,  1.000,  0.800,0.00000,  0.000,
mon_rep231013,2023-10-13T11:07:16,1728.066,  0.400,1,0,247, 25.000, 14.525,  0.000,-23.077, 13.525, 13.800,  0.000, 14.825, 14.300,  0.525,  0.800,  1.000,  0.800,0.00000,  0.000,
mon_rep231013,2023-10-13T11:07:16,1728.466,  0.400,1,0,247, 25.000, 14.525,  0.000,-23.077, 13.525, 13.800,  0.000, 14.825, 14.300,  0.525,  0.800,  1.000,  0.800,0.00000,  0.000,
mon_rep231013,2023-10-13T11:07:16,1728.866,  0.400,1,0,247, 25.000, 14.525,  0.000,-23.077, 13.525, 13.800,  0.000, 14.825, 14.300,  0.525,  0.800,  1.000,  0.800,0.00000,  0.000,
mon_rep231013,2023-10-13T11:07:17,1729.266,  0.400,1,0,247, 25.000, 14.525,  0.000,-23.077, 13.525, 13.800,  0.000, 14.825, 14.300,  0.525,  0.800,  1.000,  0.800,0.00000,  0.000,
mon_rep231013,2023-10-13T11:07:17,1729.666,  0.400,1,0,247, 25.000, 14.525,  0.000,-23.077, 13.525, 13.800,  0.000, 14.825, 14.300,  0.525,  0.800,  1.000,  0.800,0.00000,  0.000,
mon_rep231013,2023-10-13T11:07:18,1730.066,  0.400,1,0,247, 25.000, 14.525,  0.000,-23.077, 13.525, 13.800,  0.000, 14.825, 14.300,  0.525,  0.800,  1.000,  0.800,0.00000,  0.000,
mon_rep231013,2023-10-13T11:07:18,1730.466,  0.400,1,0,247, 25.000, 14.525,  0.000,-23.077, 13.525, 13.800,  0.000, 14.825, 14.300,  0.525,  0.800,  1.000,  0.800,0.00000,  0.000,
mon_rep231013,2023-10-13T11:07:18,1730.866,  0.400,1,0,247, 25.000, 14.525,  0.000,-23.077, 13.525, 13.800,  0.000, 14.825, 14.300,  0.525,  0.800,  1.000,  0.800,0.00000,  0.000,
mon_rep231013,2023-10-13T11:07:19,1731.266,  0.400,1,0,247, 25.000, 14.525,  0.000,-23.077, 13.525, 13.800,  0.000, 14.825, 14.300,  0.525,  0.800,  1.000,  0.800,0.00000,  0.000,
mon_rep231013,2023-10-13T11:07:19,1731.666,  0.400,1,0,247, 25.000, 14.525,  0.000,-23.077, 13.525, 13.800,  0.000, 14.825, 14.300,  0.525,  0.800,  1.000,  0.800,0.00000,  0.000,
mon_rep231013,2023-10-13T11:07:20,1732.066,  0.400,1,0,247, 25.000, 14.525,  0.000,-23.077, 13.525, 13.800,  0.000, 14.825, 14.300,  0.525,  0.800,  1.000,  0.800,0.00000,  0.000,
mon_rep231013,2023-10-13T11:07:20,1732.466,  0.400,1,0,247, 25.000, 14.525,  0.000,-23.077, 13.525, 13.800,  0.000, 14.825, 14.300,  0.525,  0.800,  1.000,  0.800,0.00000,  0.000,
mon_rep231013,2023-10-13T11:07:20,1732.866,  0.400,1,0,247, 25.000, 14.525,  0.000,-23.077, 13.525, 13.800,  0.000, 14.825, 14.300,  0.525,  0.800,  1.000,  0.800,0.00000,  0.000,
mon_rep231013,2023-10-13T11:07:21,1733.266,  0.400,1,0,247, 25.000, 14.525,  0.000,-23.077, 13.525, 13.800,  0.000, 14.825, 14.300,  0.525,  0.800,  1.000,  0.800,0.00000,  0.000,
mon_rep231013,2023-10-13T11:07:21,1733.666,  0.400,1,0,247, 25.000, 14.525,  0.000,-23.077, 13.525, 13.800,  0.000, 14.825, 14.300,  0.525,  0.800,  1.000,  0.800,0.00000,  0.000,
mon_rep231013,2023-10-13T11:07:22,1734.066,  0.400,1,0,247, 25.000, 14.525,  0.000,-23.077, 13.525, 13.800,  0.000, 14.825, 14.300,  0.525,  0.800,  1.000,  0.800,0.00000,  0.000,
mon_rep231013,2023-10-13T11:07:22,1734.466,  0.400,1,0,247, 25.000, 14.525,  0.000,-23.077, 13.525, 13.800,  0.000, 14.825, 14.300,  0.525,  0.800,  1.000,  0.800,0.00000,  0.000,
mon_rep231013,2023-10-13T11:07:22,1734.866,  0.400,1,0,247, 25.000, 14.525,  0.000,-23.077, 13.525, 13.800,  0.000, 14.825, 14.300,  0.525,  0.800,  1.000,  0.800,0.00000,  0.000,
mon_rep231013,2023-10-13T11:07:23,1735.266,  0.400,1,0,247, 25.000, 14.525,  0.000,-23.077, 13.525, 13.800,  0.000, 14.825, 14.300,  0.525,  0.800,  1.000,  0.800,0.00000,  0.000,
mon_rep231013,2023-10-13T11:07:23,1735.666,  0.400,1,0,247, 25.000, 14.525,  0.000,-23.077, 13.525, 13.800,  0.000, 14.825, 14.300,  0.525,  0.800,  1.000,  0.800,0.00000,  0.000,
mon_rep231013,2023-10-13T11:07:24,1736.066,  0.400,1,0,247, 25.000, 14.525,  0.000,-23.077, 13.525, 13.800,  0.000, 14.825, 14.300,  0.525,  0.800,  1.000,  0.800,0.00000,  0.000,
mon_rep231013,2023-10-13T11:07:24,1736.466,  0.400,1,0,247, 25.000, 14.525,  0.000,-23.077, 13.525, 13.800,  0.000, 14.825, 14.300,  0.525,  0.800,  1.000,  0.800,0.00000,  0.000,
mon_rep231013,2023-10-13T11:07:24,1736.866,  0.400,1,0,247, 25.000, 14.525,  0.000,-23.077, 13.525, 13.800,  0.000, 14.825, 14.300,  0.525,  0.800,  1.000,  0.800,0.00000,  0.000,
mon_rep231013,2023-10-13T11:07:25,1737.266,  0.400,1,0,247, 25.000, 14.525,  0.000,-23.077, 13.525, 13.800,  0.000, 14.825, 14.300,  0.525,  0.800,  1.000,  0.800,0.00000,  0.000,
mon_rep231013,2023-10-13T11:07:25,1737.666,  0.400,1,0,247, 25.000, 14.525,  0.000,-23.077, 13.525, 13.800,  0.000, 14.825, 14.300,  0.525,  0.800,  1.000,  0.800,0.00000,  0.000,
mon_rep231013,2023-10-13T11:07:26,1738.066,  0.400,1,0,247, 25.000, 14.525,  0.000,-23.077, 13.525, 13.800,  0.000, 14.825, 14.300,  0.525,  0.800,  1.000,  0.800,0.00000,  0.000,
mon_rep231013,2023-10-13T11:07:26,1738.466,  0.400,1,0,247, 25.000, 14.525,  0.000,-23.077, 13.525, 13.800,  0.000, 14.825, 14.300,  0.525,  0.800,  1.000,  0.800,0.00000,  0.000,
mon_rep231013,2023-10-13T11:07:26,1738.866,  0.400,1,0,247, 25.000, 14.525,  0.000,-23.077, 13.525, 13.800,  0.000, 14.825, 14.300,  0.525,  0.800,  1.000,  0.800,0.00000,  0.000,
mon_rep231013,2023-10-13T11:07:27,1739.266,  0.400,1,0,247, 25.000, 14.525,  0.000,-23.077, 13.525, 13.800,  0.000, 14.825, 14.300,  0.525,  0.800,  1.000,  0.800,0.00000,  0.000,
mon_rep231013,2023-10-13T11:07:27,1739.666,  0.400,1,0,247, 25.000, 14.525,  0.000,-23.077, 13.525, 13.800,  0.000, 14.825, 14.300,  0.525,  0.800,  1.000,  0.800,0.00000,  0.000,
mon_rep231013,2023-10-13T11:07:28,1740.066,  0.400,1,0,247, 25.000, 14.525,  0.000,-23.077, 13.525, 13.800,  0.000, 14.825, 14.300,  0.525,  0.800,  1.000,  0.800,0.00000,  0.000,
mon_rep231013,2023-10-13T11:07:28,1740.466,  0.400,1,0,247, 25.000, 14.525,  0.000,-23.077, 13.525, 13.800,  0.000, 14.825, 14.300,  0.525,  0.800,  1.000,  0.800,0.00000,  0.000,
mon_rep231013,2023-10-13T11:07:28,1740.866,  0.400,1,0,247, 25.000, 14.525,  0.000,-23.077, 13.525, 13.800,  0.000, 14.825, 14.300,  0.525,  0.800,  1.000,  0.800,0.00000,  0.000,
mon_rep231013,2023-10-13T11:07:29,1741.266,  0.400,1,0,247, 25.000, 14.525,  0.000,-23.077, 13.525, 13.800,  0.000, 14.825, 14.300,  0.525,  0.800,  1.000,  0.800,0.00000,  0.000,
mon_rep231013,2023-10-13T11:07:29,1741.666,  0.400,1,0,247, 25.000, 14.525,  0.000,-23.077, 13.525, 13.800,  0.000, 14.825, 14.300,  0.525,  0.800,  1.000,  0.800,0.00000,  0.000,
mon_rep231013,2023-10-13T11:07:30,1742.066,  0.400,1,0,247, 25.000, 14.525,  0.000,-23.077, 13.525, 13.800,  0.000, 14.825, 14.300,  0.525,  0.800,  1.000,  0.800,0.00000,  0.000,
mon_rep231013,2023-10-13T11:07:30,1742.466,  0.400,1,0,247, 25.000, 14.525,  0.000,-23.077, 13.525, 13.800,  0.000, 14.825, 14.300,  0.525,  0.800,  1.000,  0.800,0.00000,  0.000,
mon_rep231013,2023-10-13T11:07:30,1742.866,  0.400,1,0,247, 25.000, 14.525,  0.000,-23.077, 13.525, 13.800,  0.000, 14.825, 14.300,  0.525,  0.800,  1.000,  0.800,0.00000,  0.000,
mon_rep231013,2023-10-13T11:07:31,1743.266,  0.400,1,0,247, 25.000, 14.525,  0.000,-23.077, 13.525, 13.800,  0.000, 14.825, 14.300,  0.525,  0.800,  1.000,  0.800,0.00000,  0.000,
mon_rep231013,2023-10-13T11:07:31,1743.666,  0.400,1,0,247, 25.000, 14.525,  0.000,-23.077, 13.525, 13.800,  0.000, 14.825, 14.300,  0.525,  0.800,  1.000,  0.800,0.00000,  0.000,
mon_rep231013,2023-10-13T11:07:32,1744.066,  0.400,1,0,247, 25.000, 14.525,  0.000,-23.077, 13.525, 13.800,  0.000, 14.825, 14.300,  0.525,  0.800,  1.000,  0.800,0.00000,  0.000,
mon_rep231013,2023-10-13T11:07:32,1744.466,  0.400,1,0,247, 25.000, 14.525,  0.000,-23.077, 13.525, 13.800,  0.000, 14.825, 14.300,  0.525,  0.800,  1.000,  0.800,0.00000,  0.000,
mon_rep231013,2023-10-13T11:07:32,1744.866,  0.400,1,0,247, 25.000, 14.525,  0.000,-23.077, 13.525, 13.800,  0.000, 14.825, 14.300,  0.525,  0.800,  1.000,  0.800,0.00000,  0.000,
mon_rep231013,2023-10-13T11:07:33,1745.266,  0.400,1,0,247, 25.000, 14.525,  0.000,-23.077, 13.525, 13.800,  0.000, 14.825, 14.300,  0.525,  0.800,  1.000,  0.800,0.00000,  0.000,
mon_rep231013,2023-10-13T11:07:33,1745.666,  0.400,1,0,247, 25.000, 14.525,  0.000,-23.077, 13.525, 13.800,  0.000, 14.825, 14.300,  0.525,  0.800,  1.000,  0.800,0.00000,  0.000,
mon_rep231013,2023-10-13T11:07:34,1746.066,  0.400,1,0,247, 25.000, 14.525,  0.000,-23.077, 13.525, 13.800,  0.000, 14.825, 14.300,  0.525,  0.800,  1.000,  0.800,0.00000,  0.000,
mon_rep231013,2023-10-13T11:07:34,1746.466,  0.400,1,0,247, 25.000, 14.525,  0.000,-23.077, 13.525, 13.800,  0.000, 14.825, 14.300,  0.525,  0.800,  1.000,  0.800,0.00000,  0.000,
mon_rep231013,2023-10-13T11:07:34,1746.866,  0.400,1,0,247, 25.000, 14.525,  0.000,-23.077, 13.525, 13.800,  0.000, 14.825, 14.300,  0.525,  0.800,  1.000,  0.800,0.00000,  0.000,
mon_rep231013,2023-10-13T11:07:35,1747.266,  0.400,1,0,247, 25.000, 14.525,  0.000,-23.077, 13.525, 13.800,  0.000, 14.825, 14.300,  0.525,  0.800,  1.000,  0.800,0.00000,  0.000,
mon_rep231013,2023-10-13T11:07:35,1747.666,  0.400,1,0,247, 25.000, 14.525,  0.000,-23.077, 13.525, 13.800,  0.000, 14.825, 14.300,  0.525,  0.800,  1.000,  0.800,0.00000,  0.000,
mon_rep231013,2023-10-13T11:07:36,1748.066,  0.400,1,0,247, 25.000, 14.525,  0.000,-23.077, 13.525, 13.800,  0.000, 14.825, 14.300,  0.525,  0.800,  1.000,  0.800,0.00000,  0.000,
mon_rep231013,2023-10-13T11:07:36,1748.466,  0.400,1,0,247, 25.000, 14.525,  0.000,-23.077, 13.525, 13.800,  0.000, 14.825, 14.300,  0.525,  0.800,  1.000,  0.800,0.00000,  0.000,
mon_rep231013,2023-10-13T11:07:36,1748.866,  0.400,1,0,247, 25.000, 14.525,  0.000,-23.077, 13.525, 13.800,  0.000, 14.825, 14.300,  0.525,  0.800,  1.000,  0.800,0.00000,  0.000,
mon_rep231013,2023-10-13T11:07:37,1749.266,  0.400,1,0,247, 25.000, 14.525,  0.000,-23.077, 13.525, 13.800,  0.000, 14.825, 14.300,  0.525,  0.800,  1.000,  0.800,0.00000,  0.000,
mon_rep231013,2023-10-13T11:07:37,1749.666,  0.400,1,0,247, 25.000, 14.525,  0.000,-23.077, 13.525, 13.800,  0.000, 14.825, 14.300,  0.525,  0.800,  1.000,  0.800,0.00000,  0.000,
mon_rep231013,2023-10-13T11:07:38,1750.066,  0.400,1,0,247, 25.000, 14.525,  0.000,-23.077, 13.525, 13.800,  0.000, 14.825, 14.300,  0.525,  0.800,  1.000,  0.800,0.00000,  0.000,
mon_rep231013,2023-10-13T11:07:38,1750.466,  0.400,1,0,247, 25.000, 14.525,  0.000,-23.077, 13.525, 13.800,  0.000, 14.825, 14.300,  0.525,  0.800,  1.000,  0.800,0.00000,  0.000,
mon_rep231013,2023-10-13T11:07:38,1750.866,  0.400,1,0,247, 25.000, 14.525,  0.000,-23.077, 13.525, 13.800,  0.000, 14.825, 14.300,  0.525,  0.800,  1.000,  0.800,0.00000,  0.000,
mon_rep231013,2023-10-13T11:07:39,1751.266,  0.400,1,0,247, 25.000, 14.525,  0.000,-23.077, 13.525, 13.800,  0.000, 14.825, 14.300,  0.525,  0.800,  1.000,  0.800,0.00000,  0.000,
mon_rep231013,2023-10-13T11:07:39,1751.666,  0.400,1,0,247, 25.000, 14.525,  0.000,-23.077, 13.525, 13.800,  0.000, 14.825, 14.300,  0.525,  0.800,  1.000,  0.800,0.00000,  0.000,
mon_rep231013,2023-10-13T11:07:40,1752.066,  0.400,1,0,247, 25.000, 14.525,  0.000,-23.077, 13.525, 13.800,  0.000, 14.825, 14.300,  0.525,  0.800,  1.000,  0.800,0.00000,  0.000,
mon_rep231013,2023-10-13T11:07:40,1752.466,  0.400,1,0,247, 25.000, 14.525,  0.000,-23.077, 13.525, 13.800,  0.000, 14.825, 14.300,  0.525,  0.800,  1.000,  0.800,0.00000,  0.000,
mon_rep231013,2023-10-13T11:07:40,1752.866,  0.400,1,0,247, 25.000, 14.525,  0.000,-23.077, 13.525, 13.800,  0.000, 14.825, 14.300,  0.525,  0.800,  1.000,  0.800,0.00000,  0.000,
mon_rep231013,2023-10-13T11:07:41,1753.266,  0.400,1,0,247, 25.000, 14.525,  0.000,-23.077, 13.525, 13.800,  0.000, 14.825, 14.300,  0.525,  0.800,  1.000,  0.800,0.00000,  0.000,
mon_rep231013,2023-10-13T11:07:41,1753.666,  0.400,1,0,247, 25.000, 14.525,  0.000,-23.077, 13.525, 13.800,  0.000, 14.825, 14.300,  0.525,  0.800,  1.000,  0.800,0.00000,  0.000,
mon_rep231013,2023-10-13T11:07:42,1754.066,  0.400,1,0,247, 25.000, 14.525,  0.000,-23.077, 13.525, 13.800,  0.000, 14.825, 14.300,  0.525,  0.800,  1.000,  0.800,0.00000,  0.000,
mon_rep231013,2023-10-13T11:07:42,1754.466,  0.400,1,0,247, 25.000, 14.525,  0.000,-23.077, 13.525, 13.800,  0.000, 14.825, 14.300,  0.525,  0.800,  1.000,  0.800,0.00000,  0.000,
mon_rep231013,2023-10-13T11:07:42,1754.866,  0.400,1,0,247, 25.000, 14.525,  0.000,-23.077, 13.525, 13.800,  0.000, 14.825, 14.300,  0.525,  0.800,  1.000,  0.800,0.00000,  0.000,
mon_rep231013,2023-10-13T11:07:43,1755.266,  0.400,1,0,247, 25.000, 14.525,  0.000,-23.077, 13.525, 13.800,  0.000, 14.825, 14.300,  0.525,  0.800,  1.000,  0.800,0.00000,  0.000,
mon_rep231013,2023-10-13T11:07:43,1755.666,  0.400,1,0,247, 25.000, 14.525,  0.000,-23.077, 13.525, 13.800,  0.000, 14.825, 14.300,  0.525,  0.800,  1.000,  0.800,0.00000,  0.000,
mon_rep231013,2023-10-13T11:07:44,1756.066,  0.400,1,0,247, 25.000, 14.525,  0.000,-23.077, 13.525, 13.800,  0.000, 14.825, 14.300,  0.525,  0.800,  1.000,  0.800,0.00000,  0.000,
mon_rep231013,2023-10-13T11:07:44,1756.466,  0.400,1,0,247, 25.000, 14.525,  0.000,-23.077, 13.525, 13.800,  0.000, 14.825, 14.300,  0.525,  0.800,  1.000,  0.800,0.00000,  0.000,
mon_rep231013,2023-10-13T11:07:44,1756.866,  0.400,1,0,247, 25.000, 14.525,  0.000,-23.077, 13.525, 13.800,  0.000, 14.825, 14.300,  0.525,  0.800,  1.000,  0.800,0.00000,  0.000,
mon_rep231013,2023-10-13T11:07:45,1757.266,  0.400,1,0,247, 25.000, 14.525,  0.000,-23.077, 13.525, 13.800,  0.000, 14.825, 14.300,  0.525,  0.800,  1.000,  0.800,0.00000,  0.000,
mon_rep231013,2023-10-13T11:07:45,1757.666,  0.400,1,0,247, 25.000, 14.525,  0.000,-23.077, 13.525, 13.800,  0.000, 14.825, 14.300,  0.525,  0.800,  1.000,  0.800,0.00000,  0.000,
mon_rep231013,2023-10-13T11:07:46,1758.066,  0.400,1,0,247, 25.000, 14.525,  0.000,-23.077, 13.525, 13.800,  0.000, 14.825, 14.300,  0.525,  0.800,  1.000,  0.800,0.00000,  0.000,
mon_rep231013,2023-10-13T11:07:46,1758.466,  0.400,1,0,247, 25.000, 14.525,  0.000,-23.077, 13.525, 13.800,  0.000, 14.825, 14.300,  0.525,  0.800,  1.000,  0.800,0.00000,  0.000,
mon_rep231013,2023-10-13T11:07:46,1758.866,  0.400,1,0,247, 25.000, 14.525,  0.000,-23.077, 13.525, 13.800,  0.000, 14.825, 14.300,  0.525,  0.800,  1.000,  0.800,0.00000,  0.000,
mon_rep231013,2023-10-13T11:07:47,1759.266,  0.400,1,0,247, 25.000, 14.525,  0.000,-23.077, 13.525, 13.800,  0.000, 14.825, 14.300,  0.525,  0.800,  1.000,  0.800,0.00000,  0.000,
mon_rep231013,2023-10-13T11:07:47,1759.666,  0.400,1,0,247, 25.000, 14.525,  0.000,-23.077, 13.525, 13.800,  0.000, 14.825, 14.300,  0.525,  0.800,  1.000,  0.800,0.00000,  0.000,
mon_rep231013,2023-10-13T11:07:48,1760.066,  0.400,1,0,247, 25.000, 14.525,  0.000,-23.077, 13.525, 13.800,  0.000, 14.825, 14.300,  0.525,  0.800,  1.000,  0.800,0.00000,  0.000,
mon_rep231013,2023-10-13T11:07:48,1760.466,  0.400,1,0,247, 25.000, 14.525,  0.000,-23.077, 13.525, 13.800,  0.000, 14.825, 14.300,  0.525,  0.800,  1.000,  0.800,0.00000,  0.000,
mon_rep231013,2023-10-13T11:07:48,1760.866,  0.400,1,0,247, 25.000, 14.525,  0.000,-23.077, 13.525, 13.800,  0.000, 14.825, 14.300,  0.525,  0.800,  1.000,  0.800,0.00000,  0.000,
mon_rep231013,2023-10-13T11:07:49,1761.266,  0.400,1,0,247, 25.000, 14.525,  0.000,-23.077, 13.525, 13.800,  0.000, 14.825, 14.300,  0.525,  0.800,  1.000,  0.800,0.00000,  0.000,
mon_rep231013,2023-10-13T11:07:49,1761.666,  0.400,1,0,247, 25.000, 14.525,  0.000,-23.077, 13.525, 13.800,  0.000, 14.825, 14.300,  0.525,  0.800,  1.000,  0.800,0.00000,  0.000,
mon_rep231013,2023-10-13T11:07:50,1762.066,  0.400,1,0,247, 25.000, 14.525,  0.000,-23.077, 13.525, 13.800,  0.000, 14.825, 14.300,  0.525,  0.800,  1.000,  0.800,0.00000,  0.000,
mon_rep231013,2023-10-13T11:07:50,1762.466,  0.400,1,0,247, 25.000, 14.525,  0.000,-23.077, 13.525, 13.800,  0.000, 14.825, 14.300,  0.525,  0.800,  1.000,  0.800,0.00000,  0.000,
mon_rep231013,2023-10-13T11:07:50,1762.866,  0.400,1,0,247, 25.000, 14.525,  0.000,-23.077, 13.525, 13.800,  0.000, 14.825, 14.300,  0.525,  0.800,  1.000,  0.800,0.00000,  0.000,
mon_rep231013,2023-10-13T11:07:51,1763.266,  0.400,1,0,247, 25.000, 14.525,  0.000,-23.077, 13.525, 13.800,  0.000, 14.825, 14.300,  0.525,  0.800,  1.000,  0.800,0.00000,  0.000,
mon_rep231013,2023-10-13T11:07:51,1763.666,  0.400,1,0,247, 25.000, 14.525,  0.000,-23.077, 13.525, 13.800,  0.000, 14.825, 14.300,  0.525,  0.800,  1.000,  0.800,0.00000,  0.000,
mon_rep231013,2023-10-13T11:07:52,1764.066,  0.400,1,0,247, 25.000, 14.525,  0.000,-23.077, 13.525, 13.800,  0.000, 14.825, 14.300,  0.525,  0.800,  1.000,  0.800,0.00000,  0.000,
mon_rep231013,2023-10-13T11:07:52,1764.466,  0.400,1,0,247, 25.000, 14.525,  0.000,-23.077, 13.525, 13.800,  0.000, 14.825, 14.300,  0.525,  0.800,  1.000,  0.800,0.00000,  0.000,
mon_rep231013,2023-10-13T11:07:52,1764.866,  0.400,1,0,247, 25.000, 14.525,  0.000,-23.077, 13.525, 13.800,  0.000, 14.825, 14.300,  0.525,  0.800,  1.000,  0.800,0.00000,  0.000,
mon_rep231013,2023-10-13T11:07:53,1765.266,  0.400,1,0,247, 25.000, 14.525,  0.000,-23.077, 13.525, 13.800,  0.000, 14.825, 14.300,  0.525,  0.800,  1.000,  0.800,0.00000,  0.000,
mon_rep231013,2023-10-13T11:07:53,1765.666,  0.400,1,0,247, 25.000, 14.525,  0.000,-23.077, 13.525, 13.800,  0.000, 14.825, 14.300,  0.525,  0.800,  1.000,  0.800,0.00000,  0.000,
mon_rep231013,2023-10-13T11:07:54,1766.066,  0.400,1,0,247, 25.000, 14.525,  0.000,-23.077, 13.525, 13.800,  0.000, 14.825, 14.300,  0.525,  0.800,  1.000,  0.800,0.00000,  0.000,
mon_rep231013,2023-10-13T11:07:54,1766.466,  0.400,1,0,247, 25.000, 14.525,  0.000,-23.077, 13.525, 13.800,  0.000, 14.825, 14.300,  0.525,  0.800,  1.000,  0.800,0.00000,  0.000,
mon_rep231013,2023-10-13T11:07:54,1766.866,  0.400,1,0,247, 25.000, 14.525,  0.000,-23.077, 13.525, 13.800,  0.000, 14.825, 14.300,  0.525,  0.800,  1.000,  0.800,0.00000,  0.000,
mon_rep231013,2023-10-13T11:07:55,1767.266,  0.400,1,0,247, 25.000, 14.525,  0.000,-23.077, 13.525, 13.800,  0.000, 14.825, 14.300,  0.525,  0.800,  1.000,  0.800,0.00000,  0.000,
mon_rep231013,2023-10-13T11:07:55,1767.666,  0.400,1,0,247, 25.000, 14.525,  0.000,-23.077, 13.525, 13.800,  0.000, 14.825, 14.300,  0.525,  0.800,  1.000,  0.800,0.00000,  0.000,
mon_rep231013,2023-10-13T11:07:56,1768.066,  0.400,1,0,247, 25.000, 14.525,  0.000,-23.077, 13.525, 13.800,  0.000, 14.825, 14.300,  0.525,  0.800,  1.000,  0.800,0.00000,  0.000,
mon_rep231013,2023-10-13T11:07:56,1768.466,  0.400,1,0,247, 25.000, 14.525,  0.000,-23.077, 13.525, 13.800,  0.000, 14.825, 14.300,  0.525,  0.800,  1.000,  0.800,0.00000,  0.000,
mon_rep231013,2023-10-13T11:07:56,1768.866,  0.400,1,0,247, 25.000, 14.525,  0.000,-23.077, 13.525, 13.800,  0.000, 14.825, 14.300,  0.525,  0.800,  1.000,  0.800,0.00000,  0.000,
mon_rep231013,2023-10-13T11:07:57,1769.266,  0.400,1,0,247, 25.000, 14.525,  0.000,-23.077, 13.525, 13.800,  0.000, 14.825, 14.300,  0.525,  0.800,  1.000,  0.800,0.00000,  0.000,
mon_rep231013,2023-10-13T11:07:57,1769.666,  0.400,1,0,247, 25.000, 14.525,  0.000,-23.077, 13.525, 13.800,  0.000, 14.825, 14.300,  0.525,  0.800,  1.000,  0.800,0.00000,  0.000,
mon_rep231013,2023-10-13T11:07:58,1770.066,  0.400,1,0,247, 25.000, 14.525,  0.000,-23.077, 13.525, 13.800,  0.000, 14.825, 14.300,  0.525,  0.800,  1.000,  0.800,0.00000,  0.000,
mon_rep231013,2023-10-13T11:07:58,1770.466,  0.400,1,0,247, 25.000, 14.525,  0.000,-23.077, 13.525, 13.800,  0.000, 14.825, 14.300,  0.525,  0.800,  1.000,  0.800,0.00000,  0.000,
mon_rep231013,2023-10-13T11:07:58,1770.866,  0.400,1,0,247, 25.000, 14.525,  0.000,-23.077, 13.525, 13.800,  0.000, 14.825, 14.300,  0.525,  0.800,  1.000,  0.800,0.00000,  0.000,
mon_rep231013,2023-10-13T11:07:59,1771.266,  0.400,1,0,247, 25.000, 14.525,  0.000,-23.077, 13.525, 13.800,  0.000, 14.825, 14.300,  0.525,  0.800,  1.000,  0.800,0.00000,  0.000,
mon_rep231013,2023-10-13T11:07:59,1771.666,  0.400,1,0,247, 25.000, 14.525,  0.000,-23.077, 13.525, 13.800,  0.000, 14.825, 14.300,  0.525,  0.800,  1.000,  0.800,0.00000,  0.000,
mon_rep231013,2023-10-13T11:08:00,1772.066,  0.400,1,0,247, 25.000, 14.525,  0.000,-23.077, 13.525, 13.800,  0.000, 14.825, 14.300,  0.525,  0.800,  1.000,  0.800,0.00000,  0.000,
mon_rep231013,2023-10-13T11:08:00,1772.466,  0.400,1,0,247, 25.000, 14.525,  0.000,-23.077, 13.525, 13.800,  0.000, 14.825, 14.300,  0.525,  0.800,  1.000,  0.800,0.00000,  0.000,
mon_rep231013,2023-10-13T11:08:00,1772.866,  0.400,1,0,247, 25.000, 14.525,  0.000,-23.077, 13.525, 13.800,  0.000, 14.825, 14.300,  0.525,  0.800,  1.000,  0.800,0.00000,  0.000,
mon_rep231013,2023-10-13T11:08:01,1773.266,  0.400,1,0,247, 25.000, 14.525,  0.000,-23.077, 13.525, 13.800,  0.000, 14.825, 14.300,  0.525,  0.800,  1.000,  0.800,0.00000,  0.000,
mon_rep231013,2023-10-13T11:08:01,1773.666,  0.400,1,0,247, 25.000, 14.525,  0.000,-23.077, 13.525, 13.800,  0.000, 14.825, 14.300,  0.525,  0.800,  1.000,  0.800,0.00000,  0.000,
mon_rep231013,2023-10-13T11:08:02,1774.066,  0.400,1,0,247, 25.000, 14.525,  0.000,-23.077, 13.525, 13.800,  0.000, 14.825, 14.300,  0.525,  0.800,  1.000,  0.800,0.00000,  0.000,
mon_rep231013,2023-10-13T11:08:02,1774.466,  0.400,1,0,247, 25.000, 14.525,  0.000,-23.077, 13.525, 13.800,  0.000, 14.825, 14.300,  0.525,  0.800,  1.000,  0.800,0.00000,  0.000,
mon_rep231013,2023-10-13T11:08:02,1774.866,  0.400,1,0,247, 25.000, 14.525,  0.000,-23.077, 13.525, 13.800,  0.000, 14.825, 14.300,  0.525,  0.800,  1.000,  0.800,0.00000,  0.000,
mon_rep231013,2023-10-13T11:08:03,1775.266,  0.400,1,0,247, 25.000, 14.525,  0.000,-23.077, 13.525, 13.800,  0.000, 14.825, 14.300,  0.525,  0.800,  1.000,  0.800,0.00000,  0.000,
mon_rep231013,2023-10-13T11:08:03,1775.666,  0.400,1,0,247, 25.000, 14.525,  0.000,-23.077, 13.525, 13.800,  0.000, 14.825, 14.300,  0.525,  0.800,  1.000,  0.800,0.00000,  0.000,
mon_rep231013,2023-10-13T11:08:04,1776.066,  0.400,1,0,247, 25.000, 14.525,  0.000,-23.077, 13.525, 13.800,  0.000, 14.825, 14.300,  0.525,  0.800,  1.000,  0.800,0.00000,  0.000,
mon_rep231013,2023-10-13T11:08:04,1776.466,  0.400,1,0,247, 25.000, 14.525,  0.000,-23.077, 13.525, 13.800,  0.000, 14.825, 14.300,  0.525,  0.800,  1.000,  0.800,0.00000,  0.000,
mon_rep231013,2023-10-13T11:08:04,1776.866,  0.400,1,0,247, 25.000, 14.525,  0.000,-23.077, 13.525, 13.800,  0.000, 14.825, 14.300,  0.525,  0.800,  1.000,  0.800,0.00000,  0.000,
mon_rep231013,2023-10-13T11:08:05,1777.266,  0.400,1,0,247, 25.000, 14.525,  0.000,-23.077, 13.525, 13.800,  0.000, 14.825, 14.300,  0.525,  0.800,  1.000,  0.800,0.00000,  0.000,
mon_rep231013,2023-10-13T11:08:05,1777.666,  0.400,1,0,247, 25.000, 14.525,  0.000,-23.077, 13.525, 13.800,  0.000, 14.825, 14.300,  0.525,  0.800,  1.000,  0.800,0.00000,  0.000,
mon_rep231013,2023-10-13T11:08:06,1778.066,  0.400,1,0,247, 25.000, 14.525,  0.000,-23.077, 13.525, 13.800,  0.000, 14.825, 14.300,  0.525,  0.800,  1.000,  0.800,0.00000,  0.000,
mon_rep231013,2023-10-13T11:08:06,1778.466,  0.400,1,0,247, 25.000, 14.525,  0.000,-23.077, 13.525, 13.800,  0.000, 14.825, 14.300,  0.525,  0.800,  1.000,  0.800,0.00000,  0.000,
mon_rep231013,2023-10-13T11:08:06,1778.866,  0.400,1,0,247, 25.000, 14.525,  0.000,-23.077, 13.525, 13.800,  0.000, 14.825, 14.300,  0.525,  0.800,  1.000,  0.800,0.00000,  0.000,
mon_rep231013,2023-10-13T11:08:07,1779.271,  0.405,1,0,247, 25.000, 14.525,  0.000,-23.077, 13.525, 13.800,  0.000, 14.825, 14.300,  0.525,  0.800,  1.000,  0.800,0.00000,  0.000,
mon_rep231013,2023-10-13T11:08:07,1779.670,  0.399,1,0,247, 25.000, 14.525,  0.000,-23.077, 13.525, 13.800,  0.000, 14.825, 14.300,  0.525,  0.800,  1.000,  0.800,0.00000,  0.000,
mon_rep231013,2023-10-13T11:08:08,1780.070,  0.400,1,0,247, 25.000, 14.525,  0.000,-23.077, 13.525, 13.800,  0.000, 14.825, 14.300,  0.525,  0.800,  1.000,  0.800,0.00000,  0.000,
mon_rep231013,2023-10-13T11:08:08,1780.470,  0.400,1,0,247, 25.000, 14.525,  0.000,-23.077, 13.525, 13.800,  0.000, 14.825, 14.300,  0.525,  0.800,  1.000,  0.800,0.00000,  0.000,
mon_rep231013,2023-10-13T11:08:08,1780.870,  0.400,1,0,247, 25.000, 14.525,  0.000,-23.077, 13.525, 13.800,  0.000, 14.825, 14.300,  0.525,  0.800,  1.000,  0.800,0.00000,  0.000,
mon_rep231013,2023-10-13T11:08:09,1781.270,  0.400,1,0,247, 25.000, 14.525,  0.000,-23.077, 13.525, 13.800,  0.000, 14.825, 14.300,  0.525,  0.800,  1.000,  0.800,0.00000,  0.000,
mon_rep231013,2023-10-13T11:08:09,1781.670,  0.400,1,0,247, 25.000, 14.525,  0.000,-23.077, 13.525, 13.800,  0.000, 14.825, 14.300,  0.525,  0.800,  1.000,  0.800,0.00000,  0.000,
mon_rep231013,2023-10-13T11:08:10,1782.070,  0.400,1,0,247, 25.000, 14.525,  0.000,-23.077, 13.525, 13.800,  0.000, 14.825, 14.300,  0.525,  0.800,  1.000,  0.800,0.00000,  0.000,
mon_rep231013,2023-10-13T11:08:10,1782.470,  0.400,1,0,247, 25.000, 14.525,  0.000,-23.077, 13.525, 13.800,  0.000, 14.825, 14.300,  0.525,  0.800,  1.000,  0.800,0.00000,  0.000,
mon_rep231013,2023-10-13T11:08:10,1782.870,  0.400,1,0,247, 25.000, 14.525,  0.000,-23.077, 13.525, 13.800,  0.000, 14.825, 14.300,  0.525,  0.800,  1.000,  0.800,0.00000,  0.000,
mon_rep231013,2023-10-13T11:08:11,1783.270,  0.400,1,0,247, 25.000, 14.525,  0.000,-23.077, 13.525, 13.800,  0.000, 14.825, 14.300,  0.525,  0.800,  1.000,  0.800,0.00000,  0.000,
mon_rep231013,2023-10-13T11:08:11,1783.670,  0.400,1,0,247, 25.000, 14.525,  0.000,-23.077, 13.525, 13.800,  0.000, 14.825, 14.300,  0.525,  0.800,  1.000,  0.800,0.00000,  0.000,
mon_rep231013,2023-10-13T11:08:12,1784.070,  0.400,1,0,247, 25.000, 14.525,  0.000,-23.077, 13.525, 13.800,  0.000, 14.825, 14.300,  0.525,  0.800,  1.000,  0.800,0.00000,  0.000,
mon_rep231013,2023-10-13T11:08:12,1784.470,  0.400,1,0,247, 25.000, 14.525,  0.000,-23.077, 13.525, 13.800,  0.000, 14.825, 14.300,  0.525,  0.800,  1.000,  0.800,0.00000,  0.000,
mon_rep231013,2023-10-13T11:08:12,1784.870,  0.400,1,0,247, 25.000, 14.525,  0.000,-23.077, 13.525, 13.800,  0.000, 14.825, 14.300,  0.525,  0.800,  1.000,  0.800,0.00000,  0.000,
mon_rep231013,2023-10-13T11:08:13,1785.270,  0.400,1,0,247, 25.000, 14.525,  0.000,-23.077, 13.525, 13.800,  0.000, 14.825, 14.300,  0.525,  0.800,  1.000,  0.800,0.00000,  0.000,
mon_rep231013,2023-10-13T11:08:13,1785.670,  0.400,1,0,247, 25.000, 14.525,  0.000,-23.077, 13.525, 13.800,  0.000, 14.825, 14.300,  0.525,  0.800,  1.000,  0.800,0.00000,  0.000,
mon_rep231013,2023-10-13T11:08:14,1786.070,  0.400,1,0,247, 25.000, 14.525,  0.000,-23.077, 13.525, 13.800,  0.000, 14.825, 14.300,  0.525,  0.800,  1.000,  0.800,0.00000,  0.000,
mon_rep231013,2023-10-13T11:08:14,1786.470,  0.400,1,0,247, 25.000, 14.525,  0.000,-23.077, 13.525, 13.800,  0.000, 14.825, 14.300,  0.525,  0.800,  1.000,  0.800,0.00000,  0.000,
mon_rep231013,2023-10-13T11:08:14,1786.870,  0.400,1,0,247, 25.000, 14.525,  0.000,-23.077, 13.525, 13.800,  0.000, 14.825, 14.300,  0.525,  0.800,  1.000,  0.800,0.00000,  0.000,
mon_rep231013,2023-10-13T11:08:15,1787.270,  0.400,1,0,247, 25.000, 14.525,  0.000,-23.077, 13.525, 13.800,  0.000, 14.825, 14.300,  0.525,  0.800,  1.000,  0.800,0.00000,  0.000,
mon_rep231013,2023-10-13T11:08:15,1787.670,  0.400,1,0,247, 25.000, 14.525,  0.000,-23.077, 13.525, 13.800,  0.000, 14.825, 14.300,  0.525,  0.800,  1.000,  0.800,0.00000,  0.000,
mon_rep231013,2023-10-13T11:08:16,1788.070,  0.400,1,0,247, 25.000, 14.525,  0.000,-23.077, 13.525, 13.800,  0.000, 14.825, 14.300,  0.525,  0.800,  1.000,  0.800,0.00000,  0.000,
mon_rep231013,2023-10-13T11:08:16,1788.470,  0.400,1,0,247, 25.000, 14.525,  0.000,-23.077, 13.525, 13.800,  0.000, 14.825, 14.300,  0.525,  0.800,  1.000,  0.800,0.00000,  0.000,
mon_rep231013,2023-10-13T11:08:16,1788.870,  0.400,1,0,247, 25.000, 14.525,  0.000,-23.077, 13.525, 13.800,  0.000, 14.825, 14.300,  0.525,  0.800,  1.000,  0.800,0.00000,  0.000,
mon_rep231013,2023-10-13T11:08:17,1789.270,  0.400,1,0,247, 25.000, 14.525,  0.000,-23.077, 13.525, 13.800,  0.000, 14.825, 14.300,  0.525,  0.800,  1.000,  0.800,0.00000,  0.000,
mon_rep231013,2023-10-13T11:08:17,1789.670,  0.400,1,0,247, 25.000, 14.525,  0.000,-23.077, 13.525, 13.800,  0.000, 14.825, 14.300,  0.525,  0.800,  1.000,  0.800,0.00000,  0.000,
mon_rep231013,2023-10-13T11:08:18,1790.070,  0.400,1,0,247, 25.000, 14.525,  0.000,-23.077, 13.525, 13.800,  0.000, 14.825, 14.300,  0.525,  0.800,  1.000,  0.800,0.00000,  0.000,
mon_rep231013,2023-10-13T11:08:18,1790.470,  0.400,1,0,247, 25.000, 14.525,  0.000,-23.077, 13.525, 13.800,  0.000, 14.825, 14.300,  0.525,  0.800,  1.000,  0.800,0.00000,  0.000,
mon_rep231013,2023-10-13T11:08:18,1790.870,  0.400,1,0,247, 25.000, 14.525,  0.000,-23.077, 13.525, 13.800,  0.000, 14.825, 14.300,  0.525,  0.800,  1.000,  0.800,0.00000,  0.000,
mon_rep231013,2023-10-13T11:08:19,1791.270,  0.400,1,0,247, 25.000, 14.525,  0.000,-23.077, 13.525, 13.800,  0.000, 14.825, 14.300,  0.525,  0.800,  1.000,  0.800,0.00000,  0.000,
mon_rep231013,2023-10-13T11:08:19,1791.670,  0.400,1,0,247, 25.000, 14.525,  0.000,-23.077, 13.525, 13.800,  0.000, 14.825, 14.300,  0.525,  0.800,  1.000,  0.800,0.00000,  0.000,
mon_rep231013,2023-10-13T11:08:20,1792.070,  0.400,1,0,247, 25.000, 14.525,  0.000,-23.077, 13.525, 13.800,  0.000, 14.825, 14.300,  0.525,  0.800,  1.000,  0.800,0.00000,  0.000,
mon_rep231013,2023-10-13T11:08:20,1792.470,  0.400,1,0,247, 25.000, 14.525,  0.000,-23.077, 13.525, 13.800,  0.000, 14.825, 14.300,  0.525,  0.800,  1.000,  0.800,0.00000,  0.000,
mon_rep231013,2023-10-13T11:08:20,1792.870,  0.400,1,0,247, 25.000, 14.525,  0.000,-23.077, 13.525, 13.800,  0.000, 14.825, 14.300,  0.525,  0.800,  1.000,  0.800,0.00000,  0.000,
mon_rep231013,2023-10-13T11:08:21,1793.270,  0.400,1,0,247, 25.000, 14.525,  0.000,-23.077, 13.525, 13.800,  0.000, 14.825, 14.300,  0.525,  0.800,  1.000,  0.800,0.00000,  0.000,
mon_rep231013,2023-10-13T11:08:21,1793.670,  0.400,1,0,247, 25.000, 14.525,  0.000,-23.077, 13.525, 13.800,  0.000, 14.825, 14.300,  0.525,  0.800,  1.000,  0.800,0.00000,  0.000,
mon_rep231013,2023-10-13T11:08:22,1794.070,  0.400,1,0,247, 25.000, 14.525,  0.000,-23.077, 13.525, 13.800,  0.000, 14.825, 14.300,  0.525,  0.800,  1.000,  0.800,0.00000,  0.000,
mon_rep231013,2023-10-13T11:08:22,1794.470,  0.400,1,0,247, 25.000, 14.525,  0.000,-23.077, 13.525, 13.800,  0.000, 14.825, 14.300,  0.525,  0.800,  1.000,  0.800,0.00000,  0.000,
mon_rep231013,2023-10-13T11:08:22,1794.870,  0.400,1,0,247, 25.000, 14.525,  0.000,-23.077, 13.525, 13.800,  0.000, 14.825, 14.300,  0.525,  0.800,  1.000,  0.800,0.00000,  0.000,
mon_rep231013,2023-10-13T11:08:23,1795.270,  0.400,1,0,247, 25.000, 14.525,  0.000,-23.077, 13.525, 13.800,  0.000, 14.825, 14.300,  0.525,  0.800,  1.000,  0.800,0.00000,  0.000,
mon_rep231013,2023-10-13T11:08:23,1795.670,  0.400,1,0,247, 25.000, 14.525,  0.000,-23.077, 13.525, 13.800,  0.000, 14.825, 14.300,  0.525,  0.800,  1.000,  0.800,0.00000,  0.000,
mon_rep231013,2023-10-13T11:08:24,1796.070,  0.400,1,0,247, 25.000, 14.525,  0.000,-23.077, 13.525, 13.800,  0.000, 14.825, 14.300,  0.525,  0.800,  1.000,  0.800,0.00000,  0.000,
mon_rep231013,2023-10-13T11:08:24,1796.470,  0.400,1,0,247, 25.000, 14.525,  0.000,-23.077, 13.525, 13.800,  0.000, 14.825, 14.300,  0.525,  0.800,  1.000,  0.800,0.00000,  0.000,
mon_rep231013,2023-10-13T11:08:24,1796.870,  0.400,1,0,247, 25.000, 14.525,  0.000,-23.077, 13.525, 13.800,  0.000, 14.825, 14.300,  0.525,  0.800,  1.000,  0.800,0.00000,  0.000,
mon_rep231013,2023-10-13T11:08:25,1797.270,  0.400,1,0,247, 25.000, 14.525,  0.000,-23.077, 13.525, 13.800,  0.000, 14.825, 14.300,  0.525,  0.800,  1.000,  0.800,0.00000,  0.000,
mon_rep231013,2023-10-13T11:08:25,1797.670,  0.400,1,0,247, 25.000, 14.525,  0.000,-23.077, 13.525, 13.800,  0.000, 14.825, 14.300,  0.525,  0.800,  1.000,  0.800,0.00000,  0.000,
mon_rep231013,2023-10-13T11:08:26,1798.070,  0.400,1,0,247, 25.000, 14.525,  0.000,-23.077, 13.525, 13.800,  0.000, 14.825, 14.300,  0.525,  0.800,  1.000,  0.800,0.00000,  0.000,
mon_rep231013,2023-10-13T11:08:26,1798.470,  0.400,1,0,247, 25.000, 14.525,  0.000,-23.077, 13.525, 13.800,  0.000, 14.825, 14.300,  0.525,  0.800,  1.000,  0.800,0.00000,  0.000,
mon_rep231013,2023-10-13T11:08:26,1798.870,  0.400,1,0,247, 25.000, 14.525,  0.000,-23.077, 13.525, 13.800,  0.000, 14.825, 14.300,  0.525,  0.800,  1.000,  0.800,0.00000,  0.000,
mon_rep231013,2023-10-13T11:08:27,1799.270,  0.400,1,0,247, 25.000, 14.525,  0.000,-23.077, 13.525, 13.800,  0.000, 14.825, 14.300,  0.525,  0.800,  1.000,  0.800,0.00000,  0.000,
mon_rep231013,2023-10-13T11:08:27,1799.670,  0.400,1,0,247, 25.000, 14.525,  0.000,-23.077, 13.525, 13.800,  0.000, 14.825, 14.300,  0.525,  0.800,  1.000,  0.800,0.00000,  0.000,
mon_rep231013,2023-10-13T11:08:28,1800.070,  0.400,1,0,247, 25.000, 14.525,  0.000,-23.077, 13.525, 13.800,  0.000, 14.825, 14.300,  0.525,  0.800,  1.000,  0.800,0.00000,  0.000,
mon_rep231013,2023-10-13T11:08:28,1800.470,  0.400,1,0,247, 25.000, 14.525,  0.000,-23.077, 13.525, 13.800,  0.000, 14.825, 14.300,  0.525,  0.800,  1.000,  0.800,0.00000,  0.000,
mon_rep231013,2023-10-13T11:08:28,1800.870,  0.400,1,0,247, 25.000, 14.525,  0.000,-23.077, 13.525, 13.800,  0.000, 14.825, 14.300,  0.525,  0.800,  1.000,  0.800,0.00000,  0.000,
mon_rep231013,2023-10-13T11:08:29,1801.270,  0.400,1,0,247, 25.000, 14.525,  0.000,-23.077, 13.525, 13.800,  0.000, 14.825, 14.300,  0.525,  0.800,  1.000,  0.800,0.00000,  0.000,
mon_rep231013,2023-10-13T11:08:29,1801.670,  0.400,1,0,247, 25.000, 14.525,  0.000,-23.077, 13.525, 13.800,  0.000, 14.825, 14.300,  0.525,  0.800,  1.000,  0.800,0.00000,  0.000,
mon_rep231013,2023-10-13T11:08:30,1802.070,  0.400,1,0,247, 25.000, 14.525,  0.000,-23.077, 13.525, 13.800,  0.000, 14.825, 14.300,  0.525,  0.800,  1.000,  0.800,0.00000,  0.000,
mon_rep231013,2023-10-13T11:08:30,1802.470,  0.400,1,0,247, 25.000, 14.525,  0.000,-23.077, 13.525, 13.800,  0.000, 14.825, 14.300,  0.525,  0.800,  1.000,  0.800,0.00000,  0.000,
mon_rep231013,2023-10-13T11:08:30,1802.870,  0.400,1,0,247, 25.000, 14.525,  0.000,-23.077, 13.525, 13.800,  0.000, 14.825, 14.300,  0.525,  0.800,  1.000,  0.800,0.00000,  0.000,
mon_rep231013,2023-10-13T11:08:31,1803.270,  0.400,1,0,247, 25.000, 14.525,  0.000,-23.077, 13.525, 13.800,  0.000, 14.825, 14.300,  0.525,  0.800,  1.000,  0.800,0.00000,  0.000,
mon_rep231013,2023-10-13T11:08:31,1803.670,  0.400,1,0,247, 25.000, 14.525,  0.000,-23.077, 13.525, 13.800,  0.000, 14.825, 14.300,  0.525,  0.800,  1.000,  0.800,0.00000,  0.000,
mon_rep231013,2023-10-13T11:08:32,1804.070,  0.400,1,0,247, 25.000, 14.525,  0.000,-23.077, 13.525, 13.800,  0.000, 14.825, 14.300,  0.525,  0.800,  1.000,  0.800,0.00000,  0.000,
mon_rep231013,2023-10-13T11:08:32,1804.470,  0.400,1,0,247, 25.000, 14.525,  0.000,-23.077, 13.525, 13.800,  0.000, 14.825, 14.300,  0.525,  0.800,  1.000,  0.800,0.00000,  0.000,
mon_rep231013,2023-10-13T11:08:32,1804.870,  0.400,1,0,247, 25.000, 14.525,  0.000,-23.077, 13.525, 13.800,  0.000, 14.825, 14.300,  0.525,  0.800,  1.000,  0.800,0.00000,  0.000,
mon_rep231013,2023-10-13T11:08:33,1805.270,  0.400,1,0,247, 25.000, 14.525,  0.000,-23.077, 13.525, 13.800,  0.000, 14.825, 14.300,  0.525,  0.800,  1.000,  0.800,0.00000,  0.000,
mon_rep231013,2023-10-13T11:08:33,1805.670,  0.400,1,0,247, 25.000, 14.525,  0.000,-23.077, 13.525, 13.800,  0.000, 14.825, 14.300,  0.525,  0.800,  1.000,  0.800,0.00000,  0.000,
mon_rep231013,2023-10-13T11:08:34,1806.070,  0.400,1,0,247, 25.000, 14.525,  0.000,-23.077, 13.525, 13.800,  0.000, 14.825, 14.300,  0.525,  0.800,  1.000,  0.800,0.00000,  0.000,
mon_rep231013,2023-10-13T11:08:34,1806.470,  0.400,1,0,247, 25.000, 14.525,  0.000,-23.077, 13.525, 13.800,  0.000, 14.825, 14.300,  0.525,  0.800,  1.000,  0.800,0.00000,  0.000,
mon_rep231013,2023-10-13T11:08:34,1806.870,  0.400,1,0,247, 25.000, 14.525,  0.000,-23.077, 13.525, 13.800,  0.000, 14.825, 14.300,  0.525,  0.800,  1.000,  0.800,0.00000,  0.000,
mon_rep231013,2023-10-13T11:08:35,1807.270,  0.400,1,0,247, 25.000, 14.525,  0.000,-23.077, 13.525, 13.800,  0.000, 14.825, 14.300,  0.525,  0.800,  1.000,  0.800,0.00000,  0.000,
mon_rep231013,2023-10-13T11:08:35,1807.670,  0.400,1,0,247, 25.000, 14.525,  0.000,-23.077, 13.525, 13.800,  0.000, 14.825, 14.300,  0.525,  0.800,  1.000,  0.800,0.00000,  0.000,
mon_rep231013,2023-10-13T11:08:36,1808.070,  0.400,1,0,247, 25.000, 14.525,  0.000,-23.077, 13.525, 13.800,  0.000, 14.825, 14.300,  0.525,  0.800,  1.000,  0.800,0.00000,  0.000,
mon_rep231013,2023-10-13T11:08:36,1808.470,  0.400,1,0,247, 25.000, 14.525,  0.000,-23.077, 13.525, 13.800,  0.000, 14.825, 14.300,  0.525,  0.800,  1.000,  0.800,0.00000,  0.000,
mon_rep231013,2023-10-13T11:08:36,1808.870,  0.400,1,0,247, 25.000, 14.525,  0.000,-23.077, 13.525, 13.800,  0.000, 14.825, 14.300,  0.525,  0.800,  1.000,  0.800,0.00000,  0.000,
mon_rep231013,2023-10-13T11:08:37,1809.270,  0.400,1,0,247, 25.000, 14.525,  0.000,-23.077, 13.525, 13.800,  0.000, 14.825, 14.300,  0.525,  0.800,  1.000,  0.800,0.00000,  0.000,
mon_rep231013,2023-10-13T11:08:37,1809.670,  0.400,1,0,247, 25.000, 14.525,  0.000,-23.077, 13.525, 13.800,  0.000, 14.825, 14.300,  0.525,  0.800,  1.000,  0.800,0.00000,  0.000,
mon_rep231013,2023-10-13T11:08:38,1810.070,  0.400,1,0,247, 25.000, 14.525,  0.000,-23.077, 13.525, 13.800,  0.000, 14.825, 14.300,  0.525,  0.800,  1.000,  0.800,0.00000,  0.000,
mon_rep231013,2023-10-13T11:08:38,1810.470,  0.400,1,0,247, 25.000, 14.525,  0.000,-23.077, 13.525, 13.800,  0.000, 14.825, 14.300,  0.525,  0.800,  1.000,  0.800,0.00000,  0.000,
mon_rep231013,2023-10-13T11:08:38,1810.870,  0.400,1,0,247, 25.000, 14.525,  0.000,-23.077, 13.525, 13.800,  0.000, 14.825, 14.300,  0.525,  0.800,  1.000,  0.800,0.00000,  0.000,
mon_rep231013,2023-10-13T11:08:39,1811.270,  0.400,1,0,247, 25.000, 14.525,  0.000,-23.077, 13.525, 13.800,  0.000, 14.825, 14.300,  0.525,  0.800,  1.000,  0.800,0.00000,  0.000,
mon_rep231013,2023-10-13T11:08:39,1811.670,  0.400,1,0,247, 25.000, 14.525,  0.000,-23.077, 13.525, 13.800,  0.000, 14.825, 14.300,  0.525,  0.800,  1.000,  0.800,0.00000,  0.000,
mon_rep231013,2023-10-13T11:08:40,1812.070,  0.400,1,0,247, 25.000, 14.525,  0.000,-23.077, 13.525, 13.800,  0.000, 14.825, 14.300,  0.525,  0.800,  1.000,  0.800,0.00000,  0.000,
mon_rep231013,2023-10-13T11:08:40,1812.470,  0.400,1,0,247, 25.000, 14.525,  0.000,-23.077, 13.525, 13.800,  0.000, 14.825, 14.300,  0.525,  0.800,  1.000,  0.800,0.00000,  0.000,
mon_rep231013,2023-10-13T11:08:40,1812.870,  0.400,1,0,247, 25.000, 14.525,  0.000,-23.077, 13.525, 13.800,  0.000, 14.825, 14.300,  0.525,  0.800,  1.000,  0.800,0.00000,  0.000,
mon_rep231013,2023-10-13T11:08:41,1813.270,  0.400,1,0,247, 25.000, 14.525,  0.000,-23.077, 13.525, 13.800,  0.000, 14.825, 14.300,  0.525,  0.800,  1.000,  0.800,0.00000,  0.000,
mon_rep231013,2023-10-13T11:08:41,1813.670,  0.400,1,0,247, 25.000, 14.525,  0.000,-23.077, 13.525, 13.800,  0.000, 14.825, 14.300,  0.525,  0.800,  1.000,  0.800,0.00000,  0.000,
mon_rep231013,2023-10-13T11:08:42,1814.070,  0.400,1,0,247, 25.000, 14.525,  0.000,-23.077, 13.525, 13.800,  0.000, 14.825, 14.300,  0.525,  0.800,  1.000,  0.800,0.00000,  0.000,
mon_rep231013,2023-10-13T11:08:42,1814.470,  0.400,1,0,247, 25.000, 14.525,  0.000,-23.077, 13.525, 13.800,  0.000, 14.825, 14.300,  0.525,  0.800,  1.000,  0.800,0.00000,  0.000,
mon_rep231013,2023-10-13T11:08:42,1814.870,  0.400,1,0,247, 25.000, 14.525,  0.000,-23.077, 13.525, 13.800,  0.000, 14.825, 14.300,  0.525,  0.800,  1.000,  0.800,0.00000,  0.000,
mon_rep231013,2023-10-13T11:08:43,1815.270,  0.400,1,0,247, 25.000, 14.525,  0.000,-23.077, 13.525, 13.800,  0.000, 14.825, 14.300,  0.525,  0.800,  1.000,  0.800,0.00000,  0.000,
mon_rep231013,2023-10-13T11:08:43,1815.670,  0.400,1,0,247, 25.000, 14.525,  0.000,-23.077, 13.525, 13.800,  0.000, 14.825, 14.300,  0.525,  0.800,  1.000,  0.800,0.00000,  0.000,
mon_rep231013,2023-10-13T11:08:44,1816.070,  0.400,1,0,247, 25.000, 14.525,  0.000,-23.077, 13.525, 13.800,  0.000, 14.825, 14.300,  0.525,  0.800,  1.000,  0.800,0.00000,  0.000,
mon_rep231013,2023-10-13T11:08:44,1816.470,  0.400,1,0,247, 25.000, 14.525,  0.000,-23.077, 13.525, 13.800,  0.000, 14.825, 14.300,  0.525,  0.800,  1.000,  0.800,0.00000,  0.000,
mon_rep231013,2023-10-13T11:08:44,1816.870,  0.400,1,0,247, 25.000, 14.525,  0.000,-23.077, 13.525, 13.800,  0.000, 14.825, 14.300,  0.525,  0.800,  1.000,  0.800,0.00000,  0.000,
mon_rep231013,2023-10-13T11:08:45,1817.270,  0.400,1,0,247, 25.000, 14.525,  0.000,-23.077, 13.525, 13.800,  0.000, 14.825, 14.300,  0.525,  0.800,  1.000,  0.800,0.00000,  0.000,
mon_rep231013,2023-10-13T11:08:45,1817.670,  0.400,1,0,247, 25.000, 14.525,  0.000,-23.077, 13.525, 13.800,  0.000, 14.825, 14.300,  0.525,  0.800,  1.000,  0.800,0.00000,  0.000,
mon_rep231013,2023-10-13T11:08:46,1818.070,  0.400,1,0,247, 25.000, 14.525,  0.000,-23.077, 13.525, 13.800,  0.000, 14.825, 14.300,  0.525,  0.800,  1.000,  0.800,0.00000,  0.000,
mon_rep231013,2023-10-13T11:08:46,1818.470,  0.400,1,0,247, 25.000, 14.525,  0.000,-23.077, 13.525, 13.800,  0.000, 14.825, 14.300,  0.525,  0.800,  1.000,  0.800,0.00000,  0.000,
mon_rep231013,2023-10-13T11:08:46,1818.870,  0.400,1,0,247, 25.000, 14.525,  0.000,-23.077, 13.525, 13.800,  0.000, 14.825, 14.300,  0.525,  0.800,  1.000,  0.800,0.00000,  0.000,
mon_rep231013,2023-10-13T11:08:47,1819.270,  0.400,1,0,247, 25.000, 14.525,  0.000,-23.077, 13.525, 13.800,  0.000, 14.825, 14.300,  0.525,  0.800,  1.000,  0.800,0.00000,  0.000,
mon_rep231013,2023-10-13T11:08:47,1819.670,  0.400,1,0,247, 25.000, 14.525,  0.000,-23.077, 13.525, 13.800,  0.000, 14.825, 14.300,  0.525,  0.800,  1.000,  0.800,0.00000,  0.000,
mon_rep231013,2023-10-13T11:08:48,1820.070,  0.400,1,0,247, 25.000, 14.525,  0.000,-23.077, 13.525, 13.800,  0.000, 14.825, 14.300,  0.525,  0.800,  1.000,  0.800,0.00000,  0.000,
mon_rep231013,2023-10-13T11:08:48,1820.470,  0.400,1,0,247, 25.000, 14.525,  0.000,-23.077, 13.525, 13.800,  0.000, 14.825, 14.300,  0.525,  0.800,  1.000,  0.800,0.00000,  0.000,
mon_rep231013,2023-10-13T11:08:48,1820.870,  0.400,1,0,247, 25.000, 14.525,  0.000,-23.077, 13.525, 13.800,  0.000, 14.825, 14.300,  0.525,  0.800,  1.000,  0.800,0.00000,  0.000,
mon_rep231013,2023-10-13T11:08:49,1821.270,  0.400,1,0,247, 25.000, 14.525,  0.000,-23.077, 13.525, 13.800,  0.000, 14.825, 14.300,  0.525,  0.800,  1.000,  0.800,0.00000,  0.000,
mon_rep231013,2023-10-13T11:08:49,1821.670,  0.400,1,0,247, 25.000, 14.525,  0.000,-23.077, 13.525, 13.800,  0.000, 14.825, 14.300,  0.525,  0.800,  1.000,  0.800,0.00000,  0.000,
mon_rep231013,2023-10-13T11:08:50,1822.070,  0.400,1,0,247, 25.000, 14.525,  0.000,-23.077, 13.525, 13.800,  0.000, 14.825, 14.300,  0.525,  0.800,  1.000,  0.800,0.00000,  0.000,
mon_rep231013,2023-10-13T11:08:50,1822.470,  0.400,1,0,247, 25.000, 14.525,  0.000,-23.077, 13.525, 13.800,  0.000, 14.825, 14.300,  0.525,  0.800,  1.000,  0.800,0.00000,  0.000,
mon_rep231013,2023-10-13T11:08:50,1822.870,  0.400,1,0,247, 25.000, 14.525,  0.000,-23.077, 13.525, 13.800,  0.000, 14.825, 14.300,  0.525,  0.800,  1.000,  0.800,0.00000,  0.000,
mon_rep231013,2023-10-13T11:08:51,1823.270,  0.400,1,0,247, 25.000, 14.525,  0.000,-23.077, 13.525, 13.800,  0.000, 14.825, 14.300,  0.525,  0.800,  1.000,  0.800,0.00000,  0.000,
mon_rep231013,2023-10-13T11:08:51,1823.670,  0.400,1,0,247, 25.000, 14.525,  0.000,-23.077, 13.525, 13.800,  0.000, 14.825, 14.300,  0.525,  0.800,  1.000,  0.800,0.00000,  0.000,
mon_rep231013,2023-10-13T11:08:52,1824.070,  0.400,1,0,247, 25.000, 14.525,  0.000,-23.077, 13.525, 13.800,  0.000, 14.825, 14.300,  0.525,  0.800,  1.000,  0.800,0.00000,  0.000,
mon_rep231013,2023-10-13T11:08:52,1824.470,  0.400,1,0,247, 25.000, 14.525,  0.000,-23.077, 13.525, 13.800,  0.000, 14.825, 14.300,  0.525,  0.800,  1.000,  0.800,0.00000,  0.000,
mon_rep231013,2023-10-13T11:08:52,1824.870,  0.400,1,0,247, 25.000, 14.525,  0.000,-23.077, 13.525, 13.800,  0.000, 14.825, 14.300,  0.525,  0.800,  1.000,  0.800,0.00000,  0.000,
mon_rep231013,2023-10-13T11:08:53,1825.270,  0.400,1,0,247, 25.000, 14.525,  0.000,-23.077, 13.525, 13.800,  0.000, 14.825, 14.300,  0.525,  0.800,  1.000,  0.800,0.00000,  0.000,
mon_rep231013,2023-10-13T11:08:53,1825.670,  0.400,1,0,247, 25.000, 14.525,  0.000,-23.077, 13.525, 13.800,  0.000, 14.825, 14.300,  0.525,  0.800,  1.000,  0.800,0.00000,  0.000,
mon_rep231013,2023-10-13T11:08:54,1826.070,  0.400,1,0,247, 25.000, 14.525,  0.000,-23.077, 13.525, 13.800,  0.000, 14.825, 14.300,  0.525,  0.800,  1.000,  0.800,0.00000,  0.000,
mon_rep231013,2023-10-13T11:08:54,1826.470,  0.400,1,0,247, 25.000, 14.525,  0.000,-23.077, 13.525, 13.800,  0.000, 14.825, 14.300,  0.525,  0.800,  1.000,  0.800,0.00000,  0.000,
mon_rep231013,2023-10-13T11:08:54,1826.870,  0.400,1,0,247, 25.000, 14.525,  0.000,-23.077, 13.525, 13.800,  0.000, 14.825, 14.300,  0.525,  0.800,  1.000,  0.800,0.00000,  0.000,
mon_rep231013,2023-10-13T11:08:55,1827.270,  0.400,1,0,247, 25.000, 14.525,  0.000,-23.077, 13.525, 13.800,  0.000, 14.825, 14.300,  0.525,  0.800,  1.000,  0.800,0.00000,  0.000,
mon_rep231013,2023-10-13T11:08:55,1827.670,  0.400,1,0,247, 25.000, 14.525,  0.000,-23.077, 13.525, 13.800,  0.000, 14.825, 14.300,  0.525,  0.800,  1.000,  0.800,0.00000,  0.000,
mon_rep231013,2023-10-13T11:08:56,1828.070,  0.400,1,0,247, 25.000, 14.525,  0.000,-23.077, 13.525, 13.800,  0.000, 14.825, 14.300,  0.525,  0.800,  1.000,  0.800,0.00000,  0.000,
mon_rep231013,2023-10-13T11:08:56,1828.470,  0.400,1,0,247, 25.000, 14.525,  0.000,-23.077, 13.525, 13.800,  0.000, 14.825, 14.300,  0.525,  0.800,  1.000,  0.800,0.00000,  0.000,
mon_rep231013,2023-10-13T11:08:56,1828.870,  0.400,1,0,247, 25.000, 14.525,  0.000,-23.077, 13.525, 13.800,  0.000, 14.825, 14.300,  0.525,  0.800,  1.000,  0.800,0.00000,  0.000,
mon_rep231013,2023-10-13T11:08:57,1829.270,  0.400,1,0,247, 25.000, 14.525,  0.000,-23.077, 13.525, 13.800,  0.000, 14.825, 14.300,  0.525,  0.800,  1.000,  0.800,0.00000,  0.000,
mon_rep231013,2023-10-13T11:08:57,1829.670,  0.400,1,0,247, 25.000, 14.525,  0.000,-23.077, 13.525, 13.800,  0.000, 14.825, 14.300,  0.525,  0.800,  1.000,  0.800,0.00000,  0.000,
mon_rep231013,2023-10-13T11:08:58,1830.070,  0.400,1,0,247, 25.000, 14.525,  0.000,-23.077, 13.525, 13.800,  0.000, 14.825, 14.300,  0.525,  0.800,  1.000,  0.800,0.00000,  0.000,
mon_rep231013,2023-10-13T11:08:58,1830.470,  0.400,1,0,247, 25.000, 14.525,  0.000,-23.077, 13.525, 13.800,  0.000, 14.825, 14.300,  0.525,  0.800,  1.000,  0.800,0.00000,  0.000,
mon_rep231013,2023-10-13T11:08:58,1830.870,  0.400,1,0,247, 25.000, 14.525,  0.000,-23.077, 13.525, 13.800,  0.000, 14.825, 14.300,  0.525,  0.800,  1.000,  0.800,0.00000,  0.000,
mon_rep231013,2023-10-13T11:08:59,1831.270,  0.400,1,0,247, 25.000, 14.525,  0.000,-23.077, 13.525, 13.800,  0.000, 14.825, 14.300,  0.525,  0.800,  1.000,  0.800,0.00000,  0.000,
mon_rep231013,2023-10-13T11:08:59,1831.670,  0.400,1,0,247, 25.000, 14.525,  0.000,-23.077, 13.525, 13.800,  0.000, 14.825, 14.300,  0.525,  0.800,  1.000,  0.800,0.00000,  0.000,
mon_rep231013,2023-10-13T11:09:00,1832.070,  0.400,1,0,247, 25.000, 14.525,  0.000,-23.077, 13.525, 13.800,  0.000, 14.825, 14.300,  0.525,  0.800,  1.000,  0.800,0.00000,  0.000,
mon_rep231013,2023-10-13T11:09:00,1832.470,  0.400,1,0,247, 25.000, 14.525,  0.000,-23.077, 13.525, 13.800,  0.000, 14.825, 14.300,  0.525,  0.800,  1.000,  0.800,0.00000,  0.000,
mon_rep231013,2023-10-13T11:09:00,1832.870,  0.400,1,0,247, 25.000, 14.525,  0.000,-23.077, 13.525, 13.800,  0.000, 14.825, 14.300,  0.525,  0.800,  1.000,  0.800,0.00000,  0.000,
mon_rep231013,2023-10-13T11:09:01,1833.270,  0.400,1,0,247, 25.000, 14.525,  0.000,-23.077, 13.525, 13.800,  0.000, 14.825, 14.300,  0.525,  0.800,  1.000,  0.800,0.00000,  0.000,
mon_rep231013,2023-10-13T11:09:01,1833.670,  0.400,1,0,247, 25.000, 14.525,  0.000,-23.077, 13.525, 13.800,  0.000, 14.825, 14.300,  0.525,  0.800,  1.000,  0.800,0.00000,  0.000,
mon_rep231013,2023-10-13T11:09:02,1834.070,  0.400,1,0,247, 25.000, 14.525,  0.000,-23.077, 13.525, 13.800,  0.000, 14.825, 14.300,  0.525,  0.800,  1.000,  0.800,0.00000,  0.000,
mon_rep231013,2023-10-13T11:09:02,1834.470,  0.400,1,0,247, 25.000, 14.525,  0.000,-23.077, 13.525, 13.800,  0.000, 14.825, 14.300,  0.525,  0.800,  1.000,  0.800,0.00000,  0.000,
mon_rep231013,2023-10-13T11:09:02,1834.870,  0.400,1,0,247, 25.000, 14.525,  0.000,-23.077, 13.525, 13.800,  0.000, 14.825, 14.300,  0.525,  0.800,  1.000,  0.800,0.00000,  0.000,
mon_rep231013,2023-10-13T11:09:03,1835.270,  0.400,1,0,247, 25.000, 14.525,  0.000,-23.077, 13.525, 13.800,  0.000, 14.825, 14.300,  0.525,  0.800,  1.000,  0.800,0.00000,  0.000,
mon_rep231013,2023-10-13T11:09:03,1835.670,  0.400,1,0,247, 25.000, 14.525,  0.000,-23.077, 13.525, 13.800,  0.000, 14.825, 14.300,  0.525,  0.800,  1.000,  0.800,0.00000,  0.000,
mon_rep231013,2023-10-13T11:09:04,1836.070,  0.400,1,0,247, 25.000, 14.525,  0.000,-23.077, 13.525, 13.800,  0.000, 14.825, 14.300,  0.525,  0.800,  1.000,  0.800,0.00000,  0.000,
mon_rep231013,2023-10-13T11:09:04,1836.470,  0.400,1,0,247, 25.000, 14.525,  0.000,-23.077, 13.525, 13.800,  0.000, 14.825, 14.300,  0.525,  0.800,  1.000,  0.800,0.00000,  0.000,
mon_rep231013,2023-10-13T11:09:04,1836.870,  0.400,1,0,247, 25.000, 14.525,  0.000,-23.077, 13.525, 13.800,  0.000, 14.825, 14.300,  0.525,  0.800,  1.000,  0.800,0.00000,  0.000,
mon_rep231013,2023-10-13T11:09:05,1837.270,  0.400,1,0,247, 25.000, 14.525,  0.000,-23.077, 13.525, 13.800,  0.000, 14.825, 14.300,  0.525,  0.800,  1.000,  0.800,0.00000,  0.000,
mon_rep231013,2023-10-13T11:09:05,1837.670,  0.400,1,0,247, 25.000, 14.525,  0.000,-23.077, 13.525, 13.800,  0.000, 14.825, 14.300,  0.525,  0.800,  1.000,  0.800,0.00000,  0.000,
mon_rep231013,2023-10-13T11:09:06,1838.070,  0.400,1,0,247, 25.000, 14.525,  0.000,-23.077, 13.525, 13.800,  0.000, 14.825, 14.300,  0.525,  0.800,  1.000,  0.800,0.00000,  0.000,
mon_rep231013,2023-10-13T11:09:06,1838.470,  0.400,1,0,247, 25.000, 14.525,  0.000,-23.077, 13.525, 13.800,  0.000, 14.825, 14.300,  0.525,  0.800,  1.000,  0.800,0.00000,  0.000,
mon_rep231013,2023-10-13T11:09:06,1838.870,  0.400,1,0,247, 25.000, 14.525,  0.000,-23.077, 13.525, 13.800,  0.000, 14.825, 14.300,  0.525,  0.800,  1.000,  0.800,0.00000,  0.000,
mon_rep231013,2023-10-13T11:09:07,1839.270,  0.400,1,0,247, 25.000, 14.525,  0.000,-23.077, 13.525, 13.800,  0.000, 14.825, 14.300,  0.525,  0.800,  1.000,  0.800,0.00000,  0.000,
mon_rep231013,2023-10-13T11:09:07,1839.670,  0.400,1,0,247, 25.000, 14.525,  0.000,-23.077, 13.525, 13.800,  0.000, 14.825, 14.300,  0.525,  0.800,  1.000,  0.800,0.00000,  0.000,
mon_rep231013,2023-10-13T11:09:08,1840.070,  0.400,1,0,247, 25.000, 14.525,  0.000,-23.077, 13.525, 13.800,  0.000, 14.825, 14.300,  0.525,  0.800,  1.000,  0.800,0.00000,  0.000,
mon_rep231013,2023-10-13T11:09:08,1840.470,  0.400,1,0,247, 25.000, 14.525,  0.000,-23.077, 13.525, 13.800,  0.000, 14.825, 14.300,  0.525,  0.800,  1.000,  0.800,0.00000,  0.000,
mon_rep231013,2023-10-13T11:09:08,1840.870,  0.400,1,0,247, 25.000, 14.525,  0.000,-23.077, 13.525, 13.800,  0.000, 14.825, 14.300,  0.525,  0.800,  1.000,  0.800,0.00000,  0.000,
mon_rep231013,2023-10-13T11:09:09,1841.270,  0.400,1,0,247, 25.000, 14.525,  0.000,-23.077, 13.525, 13.800,  0.000, 14.825, 14.300,  0.525,  0.800,  1.000,  0.800,0.00000,  0.000,
mon_rep231013,2023-10-13T11:09:09,1841.670,  0.400,1,0,247, 25.000, 14.525,  0.000,-23.077, 13.525, 13.800,  0.000, 14.825, 14.300,  0.525,  0.800,  1.000,  0.800,0.00000,  0.000,
mon_rep231013,2023-10-13T11:09:10,1842.070,  0.400,1,0,247, 25.000, 14.525,  0.000,-23.077, 13.525, 13.800,  0.000, 14.825, 14.300,  0.525,  0.800,  1.000,  0.800,0.00000,  0.000,
mon_rep231013,2023-10-13T11:09:10,1842.470,  0.400,1,0,247, 25.000, 14.525,  0.000,-23.077, 13.525, 13.800,  0.000, 14.825, 14.300,  0.525,  0.800,  1.000,  0.800,0.00000,  0.000,
mon_rep231013,2023-10-13T11:09:10,1842.870,  0.400,1,0,247, 25.000, 14.525,  0.000,-23.077, 13.525, 13.800,  0.000, 14.825, 14.300,  0.525,  0.800,  1.000,  0.800,0.00000,  0.000,
mon_rep231013,2023-10-13T11:09:11,1843.270,  0.400,1,0,247, 25.000, 14.525,  0.000,-23.077, 13.525, 13.800,  0.000, 14.825, 14.300,  0.525,  0.800,  1.000,  0.800,0.00000,  0.000,
mon_rep231013,2023-10-13T11:09:11,1843.670,  0.400,1,0,247, 25.000, 14.525,  0.000,-23.077, 13.525, 13.800,  0.000, 14.825, 14.300,  0.525,  0.800,  1.000,  0.800,0.00000,  0.000,
mon_rep231013,2023-10-13T11:09:12,1844.070,  0.400,1,0,247, 25.000, 14.525,  0.000,-23.077, 13.525, 13.800,  0.000, 14.825, 14.300,  0.525,  0.800,  1.000,  0.800,0.00000,  0.000,
mon_rep231013,2023-10-13T11:09:12,1844.470,  0.400,1,0,247, 25.000, 14.525,  0.000,-23.077, 13.525, 13.800,  0.000, 14.825, 14.300,  0.525,  0.800,  1.000,  0.800,0.00000,  0.000,
mon_rep231013,2023-10-13T11:09:12,1844.870,  0.400,1,0,247, 25.000, 14.525,  0.000,-23.077, 13.525, 13.800,  0.000, 14.825, 14.300,  0.525,  0.800,  1.000,  0.800,0.00000,  0.000,
mon_rep231013,2023-10-13T11:09:13,1845.270,  0.400,1,0,247, 25.000, 14.525,  0.000,-23.077, 13.525, 13.800,  0.000, 14.825, 14.300,  0.525,  0.800,  1.000,  0.800,0.00000,  0.000,
mon_rep231013,2023-10-13T11:09:13,1845.670,  0.400,1,0,247, 25.000, 14.525,  0.000,-23.077, 13.525, 13.800,  0.000, 14.825, 14.300,  0.525,  0.800,  1.000,  0.800,0.00000,  0.000,
mon_rep231013,2023-10-13T11:09:14,1846.070,  0.400,1,0,247, 25.000, 14.525,  0.000,-23.077, 13.525, 13.800,  0.000, 14.825, 14.300,  0.525,  0.800,  1.000,  0.800,0.00000,  0.000,
mon_rep231013,2023-10-13T11:09:14,1846.470,  0.400,1,0,247, 25.000, 14.525,  0.000,-23.077, 13.525, 13.800,  0.000, 14.825, 14.300,  0.525,  0.800,  1.000,  0.800,0.00000,  0.000,
mon_rep231013,2023-10-13T11:09:14,1846.870,  0.400,1,0,247, 25.000, 14.525,  0.000,-23.077, 13.525, 13.800,  0.000, 14.825, 14.300,  0.525,  0.800,  1.000,  0.800,0.00000,  0.000,
mon_rep231013,2023-10-13T11:09:15,1847.270,  0.400,1,0,247, 25.000, 14.525,  0.000,-23.077, 13.525, 13.800,  0.000, 14.825, 14.300,  0.525,  0.800,  1.000,  0.800,0.00000,  0.000,
mon_rep231013,2023-10-13T11:09:15,1847.670,  0.400,1,0,247, 25.000, 14.525,  0.000,-23.077, 13.525, 13.800,  0.000, 14.825, 14.300,  0.525,  0.800,  1.000,  0.800,0.00000,  0.000,
mon_rep231013,2023-10-13T11:09:16,1848.070,  0.400,1,0,247, 25.000, 14.525,  0.000,-23.077, 13.525, 13.800,  0.000, 14.825, 14.300,  0.525,  0.800,  1.000,  0.800,0.00000,  0.000,
mon_rep231013,2023-10-13T11:09:16,1848.470,  0.400,1,0,247, 25.000, 14.525,  0.000,-23.077, 13.525, 13.800,  0.000, 14.825, 14.300,  0.525,  0.800,  1.000,  0.800,0.00000,  0.000,
mon_rep231013,2023-10-13T11:09:16,1848.870,  0.400,1,0,247, 25.000, 14.525,  0.000,-23.077, 13.525, 13.800,  0.000, 14.825, 14.300,  0.525,  0.800,  1.000,  0.800,0.00000,  0.000,
mon_rep231013,2023-10-13T11:09:17,1849.270,  0.400,1,0,247, 25.000, 14.525,  0.000,-23.077, 13.525, 13.800,  0.000, 14.825, 14.300,  0.525,  0.800,  1.000,  0.800,0.00000,  0.000,
mon_rep231013,2023-10-13T11:09:17,1849.670,  0.400,1,0,247, 25.000, 14.525,  0.000,-23.077, 13.525, 13.800,  0.000, 14.825, 14.300,  0.525,  0.800,  1.000,  0.800,0.00000,  0.000,
mon_rep231013,2023-10-13T11:09:18,1850.070,  0.400,1,0,247, 25.000, 14.525,  0.000,-23.077, 13.525, 13.800,  0.000, 14.825, 14.300,  0.525,  0.800,  1.000,  0.800,0.00000,  0.000,
mon_rep231013,2023-10-13T11:09:18,1850.470,  0.400,1,0,247, 25.000, 14.525,  0.000,-23.077, 13.525, 13.800,  0.000, 14.825, 14.300,  0.525,  0.800,  1.000,  0.800,0.00000,  0.000,
mon_rep231013,2023-10-13T11:09:18,1850.870,  0.400,1,0,247, 25.000, 14.525,  0.000,-23.077, 13.525, 13.800,  0.000, 14.825, 14.300,  0.525,  0.800,  1.000,  0.800,0.00000,  0.000,
mon_rep231013,2023-10-13T11:09:19,1851.270,  0.400,1,0,247, 25.000, 14.525,  0.000,-23.077, 13.525, 13.800,  0.000, 14.825, 14.300,  0.525,  0.800,  1.000,  0.800,0.00000,  0.000,
mon_rep231013,2023-10-13T11:09:19,1851.670,  0.400,1,0,247, 25.000, 14.525,  0.000,-23.077, 13.525, 13.800,  0.000, 14.825, 14.300,  0.525,  0.800,  1.000,  0.800,0.00000,  0.000,
mon_rep231013,2023-10-13T11:09:20,1852.070,  0.400,1,0,247, 25.000, 14.525,  0.000,-23.077, 13.525, 13.800,  0.000, 14.825, 14.300,  0.525,  0.800,  1.000,  0.800,0.00000,  0.000,
mon_rep231013,2023-10-13T11:09:20,1852.470,  0.400,1,0,247, 25.000, 14.525,  0.000,-23.077, 13.525, 13.800,  0.000, 14.825, 14.300,  0.525,  0.800,  1.000,  0.800,0.00000,  0.000,
mon_rep231013,2023-10-13T11:09:20,1852.870,  0.400,1,0,247, 25.000, 14.525,  0.000,-23.077, 13.525, 13.800,  0.000, 14.825, 14.300,  0.525,  0.800,  1.000,  0.800,0.00000,  0.000,
mon_rep231013,2023-10-13T11:09:21,1853.270,  0.400,1,0,247, 25.000, 14.525,  0.000,-23.077, 13.525, 13.800,  0.000, 14.825, 14.300,  0.525,  0.800,  1.000,  0.800,0.00000,  0.000,
mon_rep231013,2023-10-13T11:09:21,1853.670,  0.400,1,0,247, 25.000, 14.525,  0.000,-23.077, 13.525, 13.800,  0.000, 14.825, 14.300,  0.525,  0.800,  1.000,  0.800,0.00000,  0.000,
mon_rep231013,2023-10-13T11:09:22,1854.070,  0.400,1,0,247, 25.000, 14.525,  0.000,-23.077, 13.525, 13.800,  0.000, 14.825, 14.300,  0.525,  0.800,  1.000,  0.800,0.00000,  0.000,
mon_rep231013,2023-10-13T11:09:22,1854.470,  0.400,1,0,247, 25.000, 14.525,  0.000,-23.077, 13.525, 13.800,  0.000, 14.825, 14.300,  0.525,  0.800,  1.000,  0.800,0.00000,  0.000,
mon_rep231013,2023-10-13T11:09:22,1854.870,  0.400,1,0,247, 25.000, 14.525,  0.000,-23.077, 13.525, 13.800,  0.000, 14.825, 14.300,  0.525,  0.800,  1.000,  0.800,0.00000,  0.000,
mon_rep231013,2023-10-13T11:09:23,1855.270,  0.400,1,0,247, 25.000, 14.525,  0.000,-23.077, 13.525, 13.800,  0.000, 14.825, 14.300,  0.525,  0.800,  1.000,  0.800,0.00000,  0.000,
mon_rep231013,2023-10-13T11:09:23,1855.670,  0.400,1,0,247, 25.000, 14.525,  0.000,-23.077, 13.525, 13.800,  0.000, 14.825, 14.300,  0.525,  0.800,  1.000,  0.800,0.00000,  0.000,
mon_rep231013,2023-10-13T11:09:24,1856.070,  0.400,1,0,247, 25.000, 14.525,  0.000,-23.077, 13.525, 13.800,  0.000, 14.825, 14.300,  0.525,  0.800,  1.000,  0.800,0.00000,  0.000,
mon_rep231013,2023-10-13T11:09:24,1856.470,  0.400,1,0,247, 25.000, 14.525,  0.000,-23.077, 13.525, 13.800,  0.000, 14.825, 14.300,  0.525,  0.800,  1.000,  0.800,0.00000,  0.000,
mon_rep231013,2023-10-13T11:09:24,1856.870,  0.400,1,0,247, 25.000, 14.525,  0.000,-23.077, 13.525, 13.800,  0.000, 14.825, 14.300,  0.525,  0.800,  1.000,  0.800,0.00000,  0.000,
mon_rep231013,2023-10-13T11:09:25,1857.270,  0.400,1,0,247, 25.000, 14.525,  0.000,-23.077, 13.525, 13.800,  0.000, 14.825, 14.300,  0.525,  0.800,  1.000,  0.800,0.00000,  0.000,
mon_rep231013,2023-10-13T11:09:25,1857.670,  0.400,1,0,247, 25.000, 14.525,  0.000,-23.077, 13.525, 13.800,  0.000, 14.825, 14.300,  0.525,  0.800,  1.000,  0.800,0.00000,  0.000,
mon_rep231013,2023-10-13T11:09:26,1858.070,  0.400,1,0,247, 25.000, 14.525,  0.000,-23.077, 13.525, 13.800,  0.000, 14.825, 14.300,  0.525,  0.800,  1.000,  0.800,0.00000,  0.000,
mon_rep231013,2023-10-13T11:09:26,1858.470,  0.400,1,0,247, 25.000, 14.525,  0.000,-23.077, 13.525, 13.800,  0.000, 14.825, 14.300,  0.525,  0.800,  1.000,  0.800,0.00000,  0.000,
mon_rep231013,2023-10-13T11:09:26,1858.870,  0.400,1,0,247, 25.000, 14.525,  0.000,-23.077, 13.525, 13.800,  0.000, 14.825, 14.300,  0.525,  0.800,  1.000,  0.800,0.00000,  0.000,
mon_rep231013,2023-10-13T11:09:27,1859.270,  0.400,1,0,247, 25.000, 14.525,  0.000,-23.077, 13.525, 13.800,  0.000, 14.825, 14.300,  0.525,  0.800,  1.000,  0.800,0.00000,  0.000,
mon_rep231013,2023-10-13T11:09:27,1859.670,  0.400,1,0,247, 25.000, 14.525,  0.000,-23.077, 13.525, 13.800,  0.000, 14.825, 14.300,  0.525,  0.800,  1.000,  0.800,0.00000,  0.000,
mon_rep231013,2023-10-13T11:09:28,1860.070,  0.400,1,0,247, 25.000, 14.525,  0.000,-23.077, 13.525, 13.800,  0.000, 14.825, 14.300,  0.525,  0.800,  1.000,  0.800,0.00000,  0.000,
mon_rep231013,2023-10-13T11:09:28,1860.470,  0.400,1,0,247, 25.000, 14.525,  0.000,-23.077, 13.525, 13.800,  0.000, 14.825, 14.300,  0.525,  0.800,  1.000,  0.800,0.00000,  0.000,
mon_rep231013,2023-10-13T11:09:28,1860.870,  0.400,1,0,247, 25.000, 14.525,  0.000,-23.077, 13.525, 13.800,  0.000, 14.825, 14.300,  0.525,  0.800,  1.000,  0.800,0.00000,  0.000,
mon_rep231013,2023-10-13T11:09:29,1861.270,  0.400,1,0,247, 25.000, 14.525,  0.000,-23.077, 13.525, 13.800,  0.000, 14.825, 14.300,  0.525,  0.800,  1.000,  0.800,0.00000,  0.000,
mon_rep231013,2023-10-13T11:09:29,1861.670,  0.400,1,0,247, 25.000, 14.525,  0.000,-23.077, 13.525, 13.800,  0.000, 14.825, 14.300,  0.525,  0.800,  1.000,  0.800,0.00000,  0.000,
mon_rep231013,2023-10-13T11:09:30,1862.070,  0.400,1,0,247, 25.000, 14.525,  0.000,-23.077, 13.525, 13.800,  0.000, 14.825, 14.300,  0.525,  0.800,  1.000,  0.800,0.00000,  0.000,
mon_rep231013,2023-10-13T11:09:30,1862.470,  0.400,1,0,247, 25.000, 14.525,  0.000,-23.077, 13.525, 13.800,  0.000, 14.825, 14.300,  0.525,  0.800,  1.000,  0.800,0.00000,  0.000,
mon_rep231013,2023-10-13T11:09:30,1862.870,  0.400,1,0,247, 25.000, 14.525,  0.000,-23.077, 13.525, 13.800,  0.000, 14.825, 14.300,  0.525,  0.800,  1.000,  0.800,0.00000,  0.000,
mon_rep231013,2023-10-13T11:09:31,1863.270,  0.400,1,0,247, 25.000, 14.525,  0.000,-23.077, 13.525, 13.800,  0.000, 14.825, 14.300,  0.525,  0.800,  1.000,  0.800,0.00000,  0.000,
mon_rep231013,2023-10-13T11:09:31,1863.670,  0.400,1,0,247, 25.000, 14.525,  0.000,-23.077, 13.525, 13.800,  0.000, 14.825, 14.300,  0.525,  0.800,  1.000,  0.800,0.00000,  0.000,
mon_rep231013,2023-10-13T11:09:32,1864.070,  0.400,1,0,247, 25.000, 14.525,  0.000,-23.077, 13.525, 13.800,  0.000, 14.825, 14.300,  0.525,  0.800,  1.000,  0.800,0.00000,  0.000,
mon_rep231013,2023-10-13T11:09:32,1864.470,  0.400,1,0,247, 25.000, 14.525,  0.000,-23.077, 13.525, 13.800,  0.000, 14.825, 14.300,  0.525,  0.800,  1.000,  0.800,0.00000,  0.000,
mon_rep231013,2023-10-13T11:09:32,1864.870,  0.400,1,0,247, 25.000, 14.525,  0.000,-23.077, 13.525, 13.800,  0.000, 14.825, 14.300,  0.525,  0.800,  1.000,  0.800,0.00000,  0.000,
mon_rep231013,2023-10-13T11:09:33,1865.270,  0.400,1,0,247, 25.000, 14.525,  0.000,-23.077, 13.525, 13.800,  0.000, 14.825, 14.300,  0.525,  0.800,  1.000,  0.800,0.00000,  0.000,
mon_rep231013,2023-10-13T11:09:33,1865.670,  0.400,1,0,247, 25.000, 14.525,  0.000,-23.077, 13.525, 13.800,  0.000, 14.825, 14.300,  0.525,  0.800,  1.000,  0.800,0.00000,  0.000,
mon_rep231013,2023-10-13T11:09:34,1866.070,  0.400,1,0,247, 25.000, 14.525,  0.000,-23.077, 13.525, 13.800,  0.000, 14.825, 14.300,  0.525,  0.800,  1.000,  0.800,0.00000,  0.000,
mon_rep231013,2023-10-13T11:09:34,1866.470,  0.400,1,0,247, 25.000, 14.525,  0.000,-23.077, 13.525, 13.800,  0.000, 14.825, 14.300,  0.525,  0.800,  1.000,  0.800,0.00000,  0.000,
mon_rep231013,2023-10-13T11:09:34,1866.870,  0.400,1,0,247, 25.000, 14.525,  0.000,-23.077, 13.525, 13.800,  0.000, 14.825, 14.300,  0.525,  0.800,  1.000,  0.800,0.00000,  0.000,
mon_rep231013,2023-10-13T11:09:35,1867.270,  0.400,1,0,247, 25.000, 14.525,  0.000,-23.077, 13.525, 13.800,  0.000, 14.825, 14.300,  0.525,  0.800,  1.000,  0.800,0.00000,  0.000,
mon_rep231013,2023-10-13T11:09:35,1867.670,  0.400,1,0,247, 25.000, 14.525,  0.000,-23.077, 13.525, 13.800,  0.000, 14.825, 14.300,  0.525,  0.800,  1.000,  0.800,0.00000,  0.000,
mon_rep231013,2023-10-13T11:09:36,1868.070,  0.400,1,0,247, 25.000, 14.525,  0.000,-23.077, 13.525, 13.800,  0.000, 14.825, 14.300,  0.525,  0.800,  1.000,  0.800,0.00000,  0.000,
mon_rep231013,2023-10-13T11:09:36,1868.470,  0.400,1,0,247, 25.000, 14.525,  0.000,-23.077, 13.525, 13.800,  0.000, 14.825, 14.300,  0.525,  0.800,  1.000,  0.800,0.00000,  0.000,
mon_rep231013,2023-10-13T11:09:36,1868.870,  0.400,1,0,247, 25.000, 14.525,  0.000,-23.077, 13.525, 13.800,  0.000, 14.825, 14.300,  0.525,  0.800,  1.000,  0.800,0.00000,  0.000,
mon_rep231013,2023-10-13T11:09:37,1869.270,  0.400,1,0,247, 25.000, 14.525,  0.000,-23.077, 13.525, 13.800,  0.000, 14.825, 14.300,  0.525,  0.800,  1.000,  0.800,0.00000,  0.000,
mon_rep231013,2023-10-13T11:09:37,1869.670,  0.400,1,0,247, 25.000, 14.525,  0.000,-23.077, 13.525, 13.800,  0.000, 14.825, 14.300,  0.525,  0.800,  1.000,  0.800,0.00000,  0.000,
mon_rep231013,2023-10-13T11:09:38,1870.070,  0.400,1,0,247, 25.000, 14.525,  0.000,-23.077, 13.525, 13.800,  0.000, 14.825, 14.300,  0.525,  0.800,  1.000,  0.800,0.00000,  0.000,
mon_rep231013,2023-10-13T11:09:38,1870.470,  0.400,1,0,247, 25.000, 14.525,  0.000,-23.077, 13.525, 13.800,  0.000, 14.825, 14.300,  0.525,  0.800,  1.000,  0.800,0.00000,  0.000,
mon_rep231013,2023-10-13T11:09:38,1870.870,  0.400,1,0,247, 25.000, 14.525,  0.000,-23.077, 13.525, 13.800,  0.000, 14.825, 14.300,  0.525,  0.800,  1.000,  0.800,0.00000,  0.000,
mon_rep231013,2023-10-13T11:09:39,1871.270,  0.400,1,0,247, 25.000, 14.525,  0.000,-23.077, 13.525, 13.800,  0.000, 14.825, 14.300,  0.525,  0.800,  1.000,  0.800,0.00000,  0.000,
mon_rep231013,2023-10-13T11:09:39,1871.670,  0.400,1,0,247, 25.000, 14.525,  0.000,-23.077, 13.525, 13.800,  0.000, 14.825, 14.300,  0.525,  0.800,  1.000,  0.800,0.00000,  0.000,
mon_rep231013,2023-10-13T11:09:40,1872.070,  0.400,1,0,247, 25.000, 14.525,  0.000,-23.077, 13.525, 13.800,  0.000, 14.825, 14.300,  0.525,  0.800,  1.000,  0.800,0.00000,  0.000,
mon_rep231013,2023-10-13T11:09:40,1872.470,  0.400,1,0,247, 25.000, 14.525,  0.000,-23.077, 13.525, 13.800,  0.000, 14.825, 14.300,  0.525,  0.800,  1.000,  0.800,0.00000,  0.000,
mon_rep231013,2023-10-13T11:09:40,1872.870,  0.400,1,0,247, 25.000, 14.525,  0.000,-23.077, 13.525, 13.800,  0.000, 14.825, 14.300,  0.525,  0.800,  1.000,  0.800,0.00000,  0.000,
mon_rep231013,2023-10-13T11:09:41,1873.270,  0.400,1,0,247, 25.000, 14.525,  0.000,-23.077, 13.525, 13.800,  0.000, 14.825, 14.300,  0.525,  0.800,  1.000,  0.800,0.00000,  0.000,
mon_rep231013,2023-10-13T11:09:41,1873.670,  0.400,1,0,247, 25.000, 14.525,  0.000,-23.077, 13.525, 13.800,  0.000, 14.825, 14.300,  0.525,  0.800,  1.000,  0.800,0.00000,  0.000,
mon_rep231013,2023-10-13T11:09:42,1874.070,  0.400,1,0,247, 25.000, 14.525,  0.000,-23.077, 13.525, 13.800,  0.000, 14.825, 14.300,  0.525,  0.800,  1.000,  0.800,0.00000,  0.000,
mon_rep231013,2023-10-13T11:09:42,1874.470,  0.400,1,0,247, 25.000, 14.525,  0.000,-23.077, 13.525, 13.800,  0.000, 14.825, 14.300,  0.525,  0.800,  1.000,  0.800,0.00000,  0.000,
mon_rep231013,2023-10-13T11:09:42,1874.870,  0.400,1,0,247, 25.000, 14.525,  0.000,-23.077, 13.525, 13.800,  0.000, 14.825, 14.300,  0.525,  0.800,  1.000,  0.800,0.00000,  0.000,
mon_rep231013,2023-10-13T11:09:43,1875.270,  0.400,1,0,247, 25.000, 14.525,  0.000,-23.077, 13.525, 13.800,  0.000, 14.825, 14.300,  0.525,  0.800,  1.000,  0.800,0.00000,  0.000,
mon_rep231013,2023-10-13T11:09:43,1875.670,  0.400,1,0,247, 25.000, 14.525,  0.000,-23.077, 13.525, 13.800,  0.000, 14.825, 14.300,  0.525,  0.800,  1.000,  0.800,0.00000,  0.000,
mon_rep231013,2023-10-13T11:09:44,1876.070,  0.400,1,0,247, 25.000, 14.525,  0.000,-23.077, 13.525, 13.800,  0.000, 14.825, 14.300,  0.525,  0.800,  1.000,  0.800,0.00000,  0.000,
mon_rep231013,2023-10-13T11:09:44,1876.470,  0.400,1,0,247, 25.000, 14.525,  0.000,-23.077, 13.525, 13.800,  0.000, 14.825, 14.300,  0.525,  0.800,  1.000,  0.800,0.00000,  0.000,
mon_rep231013,2023-10-13T11:09:44,1876.870,  0.400,1,0,247, 25.000, 14.525,  0.000,-23.077, 13.525, 13.800,  0.000, 14.825, 14.300,  0.525,  0.800,  1.000,  0.800,0.00000,  0.000,
mon_rep231013,2023-10-13T11:09:45,1877.270,  0.400,1,0,247, 25.000, 14.525,  0.000,-23.077, 13.525, 13.800,  0.000, 14.825, 14.300,  0.525,  0.800,  1.000,  0.800,0.00000,  0.000,
mon_rep231013,2023-10-13T11:09:45,1877.670,  0.400,1,0,247, 25.000, 14.525,  0.000,-23.077, 13.525, 13.800,  0.000, 14.825, 14.300,  0.525,  0.800,  1.000,  0.800,0.00000,  0.000,
mon_rep231013,2023-10-13T11:09:46,1878.070,  0.400,1,0,247, 25.000, 14.525,  0.000,-23.077, 13.525, 13.800,  0.000, 14.825, 14.300,  0.525,  0.800,  1.000,  0.800,0.00000,  0.000,
mon_rep231013,2023-10-13T11:09:46,1878.470,  0.400,1,0,247, 25.000, 14.525,  0.000,-23.077, 13.525, 13.800,  0.000, 14.825, 14.300,  0.525,  0.800,  1.000,  0.800,0.00000,  0.000,
mon_rep231013,2023-10-13T11:09:46,1878.870,  0.400,1,0,247, 25.000, 14.525,  0.000,-23.077, 13.525, 13.800,  0.000, 14.825, 14.300,  0.525,  0.800,  1.000,  0.800,0.00000,  0.000,
mon_rep231013,2023-10-13T11:09:47,1879.270,  0.400,1,0,247, 25.000, 14.525,  0.000,-23.077, 13.525, 13.800,  0.000, 14.825, 14.300,  0.525,  0.800,  1.000,  0.800,0.00000,  0.000,
mon_rep231013,2023-10-13T11:09:47,1879.670,  0.400,1,0,247, 25.000, 14.525,  0.000,-23.077, 13.525, 13.800,  0.000, 14.825, 14.300,  0.525,  0.800,  1.000,  0.800,0.00000,  0.000,
mon_rep231013,2023-10-13T11:09:48,1880.070,  0.400,1,0,247, 25.000, 14.525,  0.000,-23.077, 13.525, 13.800,  0.000, 14.825, 14.300,  0.525,  0.800,  1.000,  0.800,0.00000,  0.000,
mon_rep231013,2023-10-13T11:09:48,1880.470,  0.400,1,0,247, 25.000, 14.525,  0.000,-23.077, 13.525, 13.800,  0.000, 14.825, 14.300,  0.525,  0.800,  1.000,  0.800,0.00000,  0.000,
mon_rep231013,2023-10-13T11:09:48,1880.870,  0.400,1,0,247, 25.000, 14.525,  0.000,-23.077, 13.525, 13.800,  0.000, 14.825, 14.300,  0.525,  0.800,  1.000,  0.800,0.00000,  0.000,
mon_rep231013,2023-10-13T11:09:49,1881.270,  0.400,1,0,247, 25.000, 14.525,  0.000,-23.077, 13.525, 13.800,  0.000, 14.825, 14.300,  0.525,  0.800,  1.000,  0.800,0.00000,  0.000,
mon_rep231013,2023-10-13T11:09:49,1881.670,  0.400,1,0,247, 25.000, 14.525,  0.000,-23.077, 13.525, 13.800,  0.000, 14.825, 14.300,  0.525,  0.800,  1.000,  0.800,0.00000,  0.000,
mon_rep231013,2023-10-13T11:09:50,1882.070,  0.400,1,0,247, 25.000, 14.525,  0.000,-23.077, 13.525, 13.800,  0.000, 14.825, 14.300,  0.525,  0.800,  1.000,  0.800,0.00000,  0.000,
mon_rep231013,2023-10-13T11:09:50,1882.470,  0.400,1,0,247, 25.000, 14.525,  0.000,-23.077, 13.525, 13.800,  0.000, 14.825, 14.300,  0.525,  0.800,  1.000,  0.800,0.00000,  0.000,
mon_rep231013,2023-10-13T11:09:50,1882.870,  0.400,1,0,247, 25.000, 14.525,  0.000,-23.077, 13.525, 13.800,  0.000, 14.825, 14.300,  0.525,  0.800,  1.000,  0.800,0.00000,  0.000,
mon_rep231013,2023-10-13T11:09:51,1883.270,  0.400,1,0,247, 25.000, 14.525,  0.000,-23.077, 13.525, 13.800,  0.000, 14.825, 14.300,  0.525,  0.800,  1.000,  0.800,0.00000,  0.000,
mon_rep231013,2023-10-13T11:09:51,1883.670,  0.400,1,0,247, 25.000, 14.525,  0.000,-23.077, 13.525, 13.800,  0.000, 14.825, 14.300,  0.525,  0.800,  1.000,  0.800,0.00000,  0.000,
mon_rep231013,2023-10-13T11:09:52,1884.070,  0.400,1,0,247, 25.000, 14.525,  0.000,-23.077, 13.525, 13.800,  0.000, 14.825, 14.300,  0.525,  0.800,  1.000,  0.800,0.00000,  0.000,
mon_rep231013,2023-10-13T11:09:52,1884.470,  0.400,1,0,247, 25.000, 14.525,  0.000,-23.077, 13.525, 13.800,  0.000, 14.825, 14.300,  0.525,  0.800,  1.000,  0.800,0.00000,  0.000,
mon_rep231013,2023-10-13T11:09:52,1884.870,  0.400,1,0,247, 25.000, 14.525,  0.000,-23.077, 13.525, 13.800,  0.000, 14.825, 14.300,  0.525,  0.800,  1.000,  0.800,0.00000,  0.000,
mon_rep231013,2023-10-13T11:09:53,1885.270,  0.400,1,0,247, 25.000, 14.525,  0.000,-23.077, 13.525, 13.800,  0.000, 14.825, 14.300,  0.525,  0.800,  1.000,  0.800,0.00000,  0.000,
mon_rep231013,2023-10-13T11:09:53,1885.670,  0.400,1,0,247, 25.000, 14.525,  0.000,-23.077, 13.525, 13.800,  0.000, 14.825, 14.300,  0.525,  0.800,  1.000,  0.800,0.00000,  0.000,
mon_rep231013,2023-10-13T11:09:54,1886.070,  0.400,1,0,247, 25.000, 14.525,  0.000,-23.077, 13.525, 13.800,  0.000, 14.825, 14.300,  0.525,  0.800,  1.000,  0.800,0.00000,  0.000,
mon_rep231013,2023-10-13T11:09:54,1886.470,  0.400,1,0,247, 25.000, 14.525,  0.000,-23.077, 13.525, 13.800,  0.000, 14.825, 14.300,  0.525,  0.800,  1.000,  0.800,0.00000,  0.000,
mon_rep231013,2023-10-13T11:09:54,1886.870,  0.400,1,0,247, 25.000, 14.525,  0.000,-23.077, 13.525, 13.800,  0.000, 14.825, 14.300,  0.525,  0.800,  1.000,  0.800,0.00000,  0.000,
mon_rep231013,2023-10-13T11:09:55,1887.270,  0.400,1,0,247, 25.000, 14.525,  0.000,-23.077, 13.525, 13.800,  0.000, 14.825, 14.300,  0.525,  0.800,  1.000,  0.800,0.00000,  0.000,
mon_rep231013,2023-10-13T11:09:55,1887.670,  0.400,1,0,247, 25.000, 14.525,  0.000,-23.077, 13.525, 13.800,  0.000, 14.825, 14.300,  0.525,  0.800,  1.000,  0.800,0.00000,  0.000,
mon_rep231013,2023-10-13T11:09:56,1888.070,  0.400,1,0,247, 25.000, 14.525,  0.000,-23.077, 13.525, 13.800,  0.000, 14.825, 14.300,  0.525,  0.800,  1.000,  0.800,0.00000,  0.000,
mon_rep231013,2023-10-13T11:09:56,1888.470,  0.400,1,0,247, 25.000, 14.525,  0.000,-23.077, 13.525, 13.800,  0.000, 14.825, 14.300,  0.525,  0.800,  1.000,  0.800,0.00000,  0.000,
mon_rep231013,2023-10-13T11:09:56,1888.870,  0.400,1,0,247, 25.000, 14.525,  0.000,-23.077, 13.525, 13.800,  0.000, 14.825, 14.300,  0.525,  0.800,  1.000,  0.800,0.00000,  0.000,
mon_rep231013,2023-10-13T11:09:57,1889.270,  0.400,1,0,247, 25.000, 14.525,  0.000,-23.077, 13.525, 13.800,  0.000, 14.825, 14.300,  0.525,  0.800,  1.000,  0.800,0.00000,  0.000,
mon_rep231013,2023-10-13T11:09:57,1889.670,  0.400,1,0,247, 25.000, 14.525,  0.000,-23.077, 13.525, 13.800,  0.000, 14.825, 14.300,  0.525,  0.800,  1.000,  0.800,0.00000,  0.000,
mon_rep231013,2023-10-13T11:09:58,1890.070,  0.400,1,0,247, 25.000, 14.525,  0.000,-23.077, 13.525, 13.800,  0.000, 14.825, 14.300,  0.525,  0.800,  1.000,  0.800,0.00000,  0.000,
mon_rep231013,2023-10-13T11:09:58,1890.470,  0.400,1,0,247, 25.000, 14.525,  0.000,-23.077, 13.525, 13.800,  0.000, 14.825, 14.300,  0.525,  0.800,  1.000,  0.800,0.00000,  0.000,
mon_rep231013,2023-10-13T11:09:58,1890.870,  0.400,1,0,247, 25.000, 14.525,  0.000,-23.077, 13.525, 13.800,  0.000, 14.825, 14.300,  0.525,  0.800,  1.000,  0.800,0.00000,  0.000,
mon_rep231013,2023-10-13T11:09:59,1891.270,  0.400,1,0,247, 25.000, 14.525,  0.000,-23.077, 13.525, 13.800,  0.000, 14.825, 14.300,  0.525,  0.800,  1.000,  0.800,0.00000,  0.000,
mon_rep231013,2023-10-13T11:09:59,1891.670,  0.400,1,0,247, 25.000, 14.525,  0.000,-23.077, 13.525, 13.800,  0.000, 14.825, 14.300,  0.525,  0.800,  1.000,  0.800,0.00000,  0.000,
mon_rep231013,2023-10-13T11:10:00,1892.070,  0.400,1,0,247, 25.000, 14.525,  0.000,-23.077, 13.525, 13.800,  0.000, 14.825, 14.300,  0.525,  0.800,  1.000,  0.800,0.00000,  0.000,
mon_rep231013,2023-10-13T11:10:00,1892.470,  0.400,1,0,247, 25.000, 14.525,  0.000,-23.077, 13.525, 13.800,  0.000, 14.825, 14.300,  0.525,  0.800,  1.000,  0.800,0.00000,  0.000,
mon_rep231013,2023-10-13T11:10:00,1892.870,  0.400,1,0,247, 25.000, 14.525,  0.000,-23.077, 13.525, 13.800,  0.000, 14.825, 14.300,  0.525,  0.800,  1.000,  0.800,0.00000,  0.000,
mon_rep231013,2023-10-13T11:10:01,1893.270,  0.400,1,0,247, 25.000, 14.525,  0.000,-23.077, 13.525, 13.800,  0.000, 14.825, 14.300,  0.525,  0.800,  1.000,  0.800,0.00000,  0.000,
mon_rep231013,2023-10-13T11:10:01,1893.670,  0.400,1,0,247, 25.000, 14.525,  0.000,-23.077, 13.525, 13.800,  0.000, 14.825, 14.300,  0.525,  0.800,  1.000,  0.800,0.00000,  0.000,
mon_rep231013,2023-10-13T11:10:02,1894.070,  0.400,1,0,247, 25.000, 14.525,  0.000,-23.077, 13.525, 13.800,  0.000, 14.825, 14.300,  0.525,  0.800,  1.000,  0.800,0.00000,  0.000,
mon_rep231013,2023-10-13T11:10:02,1894.470,  0.400,1,0,247, 25.000, 14.525,  0.000,-23.077, 13.525, 13.800,  0.000, 14.825, 14.300,  0.525,  0.800,  1.000,  0.800,0.00000,  0.000,
mon_rep231013,2023-10-13T11:10:02,1894.870,  0.400,1,0,247, 25.000, 14.525,  0.000,-23.077, 13.525, 13.800,  0.000, 14.825, 14.300,  0.525,  0.800,  1.000,  0.800,0.00000,  0.000,
mon_rep231013,2023-10-13T11:10:03,1895.270,  0.400,1,0,247, 25.000, 14.525,  0.000,-23.077, 13.525, 13.800,  0.000, 14.825, 14.300,  0.525,  0.800,  1.000,  0.800,0.00000,  0.000,
mon_rep231013,2023-10-13T11:10:03,1895.670,  0.400,1,0,247, 25.000, 14.525,  0.000,-23.077, 13.525, 13.800,  0.000, 14.825, 14.300,  0.525,  0.800,  1.000,  0.800,0.00000,  0.000,
mon_rep231013,2023-10-13T11:10:04,1896.070,  0.400,1,0,247, 25.000, 14.525,  0.000,-23.077, 13.525, 13.800,  0.000, 14.825, 14.300,  0.525,  0.800,  1.000,  0.800,0.00000,  0.000,
mon_rep231013,2023-10-13T11:10:04,1896.470,  0.400,1,0,247, 25.000, 14.525,  0.000,-23.077, 13.525, 13.800,  0.000, 14.825, 14.300,  0.525,  0.800,  1.000,  0.800,0.00000,  0.000,
mon_rep231013,2023-10-13T11:10:04,1896.870,  0.400,1,0,247, 25.000, 14.525,  0.000,-23.077, 13.525, 13.800,  0.000, 14.825, 14.300,  0.525,  0.800,  1.000,  0.800,0.00000,  0.000,
mon_rep231013,2023-10-13T11:10:05,1897.270,  0.400,1,0,247, 25.000, 14.525,  0.000,-23.077, 13.525, 13.800,  0.000, 14.825, 14.300,  0.525,  0.800,  1.000,  0.800,0.00000,  0.000,
mon_rep231013,2023-10-13T11:10:05,1897.670,  0.400,1,0,247, 25.000, 14.525,  0.000,-23.077, 13.525, 13.800,  0.000, 14.825, 14.300,  0.525,  0.800,  1.000,  0.800,0.00000,  0.000,
mon_rep231013,2023-10-13T11:10:06,1898.070,  0.400,1,0,247, 25.000, 14.525,  0.000,-23.077, 13.525, 13.800,  0.000, 14.825, 14.300,  0.525,  0.800,  1.000,  0.800,0.00000,  0.000,
mon_rep231013,2023-10-13T11:10:06,1898.470,  0.400,1,0,247, 25.000, 14.525,  0.000,-23.077, 13.525, 13.800,  0.000, 14.825, 14.300,  0.525,  0.800,  1.000,  0.800,0.00000,  0.000,
mon_rep231013,2023-10-13T11:10:06,1898.870,  0.400,1,0,247, 25.000, 14.525,  0.000,-23.077, 13.525, 13.800,  0.000, 14.825, 14.300,  0.525,  0.800,  1.000,  0.800,0.00000,  0.000,
mon_rep231013,2023-10-13T11:10:07,1899.270,  0.400,1,0,247, 25.000, 14.525,  0.000,-23.077, 13.525, 13.800,  0.000, 14.825, 14.300,  0.525,  0.800,  1.000,  0.800,0.00000,  0.000,
mon_rep231013,2023-10-13T11:10:07,1899.670,  0.400,1,0,247, 25.000, 14.525,  0.000,-23.077, 13.525, 13.800,  0.000, 14.825, 14.300,  0.525,  0.800,  1.000,  0.800,0.00000,  0.000,
mon_rep231013,2023-10-13T11:10:08,1900.070,  0.400,1,0,247, 25.000, 14.525,  0.000,-23.077, 13.525, 13.800,  0.000, 14.825, 14.300,  0.525,  0.800,  1.000,  0.800,0.00000,  0.000,
mon_rep231013,2023-10-13T11:10:08,1900.470,  0.400,1,0,247, 25.000, 14.525,  0.000,-23.077, 13.525, 13.800,  0.000, 14.825, 14.300,  0.525,  0.800,  1.000,  0.800,0.00000,  0.000,
mon_rep231013,2023-10-13T11:10:08,1900.870,  0.400,1,0,247, 25.000, 14.525,  0.000,-23.077, 13.525, 13.800,  0.000, 14.825, 14.300,  0.525,  0.800,  1.000,  0.800,0.00000,  0.000,
mon_rep231013,2023-10-13T11:10:09,1901.270,  0.400,1,0,247, 25.000, 14.525,  0.000,-23.077, 13.525, 13.800,  0.000, 14.825, 14.300,  0.525,  0.800,  1.000,  0.800,0.00000,  0.000,
mon_rep231013,2023-10-13T11:10:09,1901.670,  0.400,1,0,247, 25.000, 14.525,  0.000,-23.077, 13.525, 13.800,  0.000, 14.825, 14.300,  0.525,  0.800,  1.000,  0.800,0.00000,  0.000,
mon_rep231013,2023-10-13T11:10:10,1902.070,  0.400,1,0,247, 25.000, 14.525,  0.000,-23.077, 13.525, 13.800,  0.000, 14.825, 14.300,  0.525,  0.800,  1.000,  0.800,0.00000,  0.000,
mon_rep231013,2023-10-13T11:10:10,1902.470,  0.400,1,0,247, 25.000, 14.525,  0.000,-23.077, 13.525, 13.800,  0.000, 14.825, 14.300,  0.525,  0.800,  1.000,  0.800,0.00000,  0.000,
mon_rep231013,2023-10-13T11:10:10,1902.870,  0.400,1,0,247, 25.000, 14.525,  0.000,-23.077, 13.525, 13.800,  0.000, 14.825, 14.300,  0.525,  0.800,  1.000,  0.800,0.00000,  0.000,
mon_rep231013,2023-10-13T11:10:11,1903.270,  0.400,1,0,247, 25.000, 14.525,  0.000,-23.077, 13.525, 13.800,  0.000, 14.825, 14.300,  0.525,  0.800,  1.000,  0.800,0.00000,  0.000,
mon_rep231013,2023-10-13T11:10:11,1903.670,  0.400,1,0,247, 25.000, 14.525,  0.000,-23.077, 13.525, 13.800,  0.000, 14.825, 14.300,  0.525,  0.800,  1.000,  0.800,0.00000,  0.000,
mon_rep231013,2023-10-13T11:10:12,1904.070,  0.400,1,0,247, 25.000, 14.525,  0.000,-23.077, 13.525, 13.800,  0.000, 14.825, 14.300,  0.525,  0.800,  1.000,  0.800,0.00000,  0.000,
mon_rep231013,2023-10-13T11:10:12,1904.470,  0.400,1,0,247, 25.000, 14.525,  0.000,-23.077, 13.525, 13.800,  0.000, 14.825, 14.300,  0.525,  0.800,  1.000,  0.800,0.00000,  0.000,
mon_rep231013,2023-10-13T11:10:12,1904.870,  0.400,1,0,247, 25.000, 14.525,  0.000,-23.077, 13.525, 13.800,  0.000, 14.825, 14.300,  0.525,  0.800,  1.000,  0.800,0.00000,  0.000,
mon_rep231013,2023-10-13T11:10:13,1905.270,  0.400,1,0,247, 25.000, 14.525,  0.000,-23.077, 13.525, 13.800,  0.000, 14.825, 14.300,  0.525,  0.800,  1.000,  0.800,0.00000,  0.000,
mon_rep231013,2023-10-13T11:10:13,1905.670,  0.400,1,0,247, 25.000, 14.525,  0.000,-23.077, 13.525, 13.800,  0.000, 14.825, 14.300,  0.525,  0.800,  1.000,  0.800,0.00000,  0.000,
mon_rep231013,2023-10-13T11:10:14,1906.070,  0.400,1,0,247, 25.000, 14.525,  0.000,-23.077, 13.525, 13.800,  0.000, 14.825, 14.300,  0.525,  0.800,  1.000,  0.800,0.00000,  0.000,
mon_rep231013,2023-10-13T11:10:14,1906.470,  0.400,1,0,247, 25.000, 14.525,  0.000,-23.077, 13.525, 13.800,  0.000, 14.825, 14.300,  0.525,  0.800,  1.000,  0.800,0.00000,  0.000,
mon_rep231013,2023-10-13T11:10:14,1906.870,  0.400,1,0,247, 25.000, 14.525,  0.000,-23.077, 13.525, 13.800,  0.000, 14.825, 14.300,  0.525,  0.800,  1.000,  0.800,0.00000,  0.000,
mon_rep231013,2023-10-13T11:10:15,1907.270,  0.400,1,0,247, 25.000, 14.525,  0.000,-23.077, 13.525, 13.800,  0.000, 14.825, 14.300,  0.525,  0.800,  1.000,  0.800,0.00000,  0.000,
mon_rep231013,2023-10-13T11:10:15,1907.670,  0.400,1,0,247, 25.000, 14.525,  0.000,-23.077, 13.525, 13.800,  0.000, 14.825, 14.300,  0.525,  0.800,  1.000,  0.800,0.00000,  0.000,
mon_rep231013,2023-10-13T11:10:16,1908.070,  0.400,1,0,247, 25.000, 14.525,  0.000,-23.077, 13.525, 13.800,  0.000, 14.825, 14.300,  0.525,  0.800,  1.000,  0.800,0.00000,  0.000,
mon_rep231013,2023-10-13T11:10:16,1908.470,  0.400,1,0,247, 25.000, 14.525,  0.000,-23.077, 13.525, 13.800,  0.000, 14.825, 14.300,  0.525,  0.800,  1.000,  0.800,0.00000,  0.000,
mon_rep231013,2023-10-13T11:10:16,1908.870,  0.400,1,0,247, 25.000, 14.525,  0.000,-23.077, 13.525, 13.800,  0.000, 14.825, 14.300,  0.525,  0.800,  1.000,  0.800,0.00000,  0.000,
mon_rep231013,2023-10-13T11:10:17,1909.270,  0.400,1,0,247, 25.000, 14.525,  0.000,-23.077, 13.525, 13.800,  0.000, 14.825, 14.300,  0.525,  0.800,  1.000,  0.800,0.00000,  0.000,
mon_rep231013,2023-10-13T11:10:17,1909.670,  0.400,1,0,247, 25.000, 14.525,  0.000,-23.077, 13.525, 13.800,  0.000, 14.825, 14.300,  0.525,  0.800,  1.000,  0.800,0.00000,  0.000,
mon_rep231013,2023-10-13T11:10:18,1910.070,  0.400,1,0,247, 25.000, 14.525,  0.000,-23.077, 13.525, 13.800,  0.000, 14.825, 14.300,  0.525,  0.800,  1.000,  0.800,0.00000,  0.000,
mon_rep231013,2023-10-13T11:10:18,1910.470,  0.400,1,0,247, 25.000, 14.525,  0.000,-23.077, 13.525, 13.800,  0.000, 14.825, 14.300,  0.525,  0.800,  1.000,  0.800,0.00000,  0.000,
mon_rep231013,2023-10-13T11:10:18,1910.870,  0.400,1,0,247, 25.000, 14.525,  0.000,-23.077, 13.525, 13.800,  0.000, 14.825, 14.300,  0.525,  0.800,  1.000,  0.800,0.00000,  0.000,
mon_rep231013,2023-10-13T11:10:19,1911.270,  0.400,1,0,247, 25.000, 14.525,  0.000,-23.077, 13.525, 13.800,  0.000, 14.825, 14.300,  0.525,  0.800,  1.000,  0.800,0.00000,  0.000,
mon_rep231013,2023-10-13T11:10:19,1911.670,  0.400,1,0,247, 25.000, 14.525,  0.000,-23.077, 13.525, 13.800,  0.000, 14.825, 14.300,  0.525,  0.800,  1.000,  0.800,0.00000,  0.000,
mon_rep231013,2023-10-13T11:10:20,1912.070,  0.400,1,0,247, 25.000, 14.525,  0.000,-23.077, 13.525, 13.800,  0.000, 14.825, 14.300,  0.525,  0.800,  1.000,  0.800,0.00000,  0.000,
mon_rep231013,2023-10-13T11:10:20,1912.470,  0.400,1,0,247, 25.000, 14.525,  0.000,-23.077, 13.525, 13.800,  0.000, 14.825, 14.300,  0.525,  0.800,  1.000,  0.800,0.00000,  0.000,
mon_rep231013,2023-10-13T11:10:20,1912.870,  0.400,1,0,247, 25.000, 14.525,  0.000,-23.077, 13.525, 13.800,  0.000, 14.825, 14.300,  0.525,  0.800,  1.000,  0.800,0.00000,  0.000,
mon_rep231013,2023-10-13T11:10:21,1913.270,  0.400,1,0,247, 25.000, 14.525,  0.000,-23.077, 13.525, 13.800,  0.000, 14.825, 14.300,  0.525,  0.800,  1.000,  0.800,0.00000,  0.000,
mon_rep231013,2023-10-13T11:10:21,1913.670,  0.400,1,0,247, 25.000, 14.525,  0.000,-23.077, 13.525, 13.800,  0.000, 14.825, 14.300,  0.525,  0.800,  1.000,  0.800,0.00000,  0.000,
mon_rep231013,2023-10-13T11:10:22,1914.070,  0.400,1,0,247, 25.000, 14.525,  0.000,-23.077, 13.525, 13.800,  0.000, 14.825, 14.300,  0.525,  0.800,  1.000,  0.800,0.00000,  0.000,
mon_rep231013,2023-10-13T11:10:22,1914.470,  0.400,1,0,247, 25.000, 14.525,  0.000,-23.077, 13.525, 13.800,  0.000, 14.825, 14.300,  0.525,  0.800,  1.000,  0.800,0.00000,  0.000,
mon_rep231013,2023-10-13T11:10:22,1914.870,  0.400,1,0,247, 25.000, 14.525,  0.000,-23.077, 13.525, 13.800,  0.000, 14.825, 14.300,  0.525,  0.800,  1.000,  0.800,0.00000,  0.000,
mon_rep231013,2023-10-13T11:10:23,1915.270,  0.400,1,0,247, 25.000, 14.525,  0.000,-23.077, 13.525, 13.800,  0.000, 14.825, 14.300,  0.525,  0.800,  1.000,  0.800,0.00000,  0.000,
mon_rep231013,2023-10-13T11:10:23,1915.670,  0.400,1,0,247, 25.000, 14.525,  0.000,-23.077, 13.525, 13.800,  0.000, 14.825, 14.300,  0.525,  0.800,  1.000,  0.800,0.00000,  0.000,
mon_rep231013,2023-10-13T11:10:24,1916.070,  0.400,1,0,247, 25.000, 14.525,  0.000,-23.077, 13.525, 13.800,  0.000, 14.825, 14.300,  0.525,  0.800,  1.000,  0.800,0.00000,  0.000,
mon_rep231013,2023-10-13T11:10:24,1916.470,  0.400,1,0,247, 25.000, 14.525,  0.000,-23.077, 13.525, 13.800,  0.000, 14.825, 14.300,  0.525,  0.800,  1.000,  0.800,0.00000,  0.000,
mon_rep231013,2023-10-13T11:10:24,1916.870,  0.400,1,0,247, 25.000, 14.525,  0.000,-23.077, 13.525, 13.800,  0.000, 14.825, 14.300,  0.525,  0.800,  1.000,  0.800,0.00000,  0.000,
mon_rep231013,2023-10-13T11:10:25,1917.270,  0.400,1,0,247, 25.000, 14.525,  0.000,-23.077, 13.525, 13.800,  0.000, 14.825, 14.300,  0.525,  0.800,  1.000,  0.800,0.00000,  0.000,
mon_rep231013,2023-10-13T11:10:25,1917.670,  0.400,1,0,247, 25.000, 14.525,  0.000,-23.077, 13.525, 13.800,  0.000, 14.825, 14.300,  0.525,  0.800,  1.000,  0.800,0.00000,  0.000,
mon_rep231013,2023-10-13T11:10:26,1918.070,  0.400,1,0,247, 25.000, 14.525,  0.000,-23.077, 13.525, 13.800,  0.000, 14.825, 14.300,  0.525,  0.800,  1.000,  0.800,0.00000,  0.000,
mon_rep231013,2023-10-13T11:10:26,1918.470,  0.400,1,0,247, 25.000, 14.525,  0.000,-23.077, 13.525, 13.800,  0.000, 14.825, 14.300,  0.525,  0.800,  1.000,  0.800,0.00000,  0.000,
mon_rep231013,2023-10-13T11:10:26,1918.870,  0.400,1,0,247, 25.000, 14.525,  0.000,-23.077, 13.525, 13.800,  0.000, 14.825, 14.300,  0.525,  0.800,  1.000,  0.800,0.00000,  0.000,
mon_rep231013,2023-10-13T11:10:27,1919.270,  0.400,1,0,247, 25.000, 14.525,  0.000,-23.077, 13.525, 13.800,  0.000, 14.825, 14.300,  0.525,  0.800,  1.000,  0.800,0.00000,  0.000,
mon_rep231013,2023-10-13T11:10:27,1919.670,  0.400,1,0,247, 25.000, 14.525,  0.000,-23.077, 13.525, 13.800,  0.000, 14.825, 14.300,  0.525,  0.800,  1.000,  0.800,0.00000,  0.000,
mon_rep231013,2023-10-13T11:10:28,1920.070,  0.400,1,0,247, 25.000, 14.525,  0.000,-23.077, 13.525, 13.800,  0.000, 14.825, 14.300,  0.525,  0.800,  1.000,  0.800,0.00000,  0.000,
mon_rep231013,2023-10-13T11:10:28,1920.470,  0.400,1,0,247, 25.000, 14.525,  0.000,-23.077, 13.525, 13.800,  0.000, 14.825, 14.300,  0.525,  0.800,  1.000,  0.800,0.00000,  0.000,
mon_rep231013,2023-10-13T11:10:28,1920.870,  0.400,1,0,247, 25.000, 14.525,  0.000,-23.077, 13.525, 13.800,  0.000, 14.825, 14.300,  0.525,  0.800,  1.000,  0.800,0.00000,  0.000,
mon_rep231013,2023-10-13T11:10:29,1921.270,  0.400,1,0,247, 25.000, 14.525,  0.000,-23.077, 13.525, 13.800,  0.000, 14.825, 14.300,  0.525,  0.800,  1.000,  0.800,0.00000,  0.000,
mon_rep231013,2023-10-13T11:10:29,1921.670,  0.400,1,0,247, 25.000, 14.525,  0.000,-23.077, 13.525, 13.800,  0.000, 14.825, 14.300,  0.525,  0.800,  1.000,  0.800,0.00000,  0.000,
mon_rep231013,2023-10-13T11:10:30,1922.070,  0.400,1,0,247, 25.000, 14.525,  0.000,-23.077, 13.525, 13.800,  0.000, 14.825, 14.300,  0.525,  0.800,  1.000,  0.800,0.00000,  0.000,
mon_rep231013,2023-10-13T11:10:30,1922.470,  0.400,1,0,247, 25.000, 14.525,  0.000,-23.077, 13.525, 13.800,  0.000, 14.825, 14.300,  0.525,  0.800,  1.000,  0.800,0.00000,  0.000,
mon_rep231013,2023-10-13T11:10:30,1922.870,  0.400,1,0,247, 25.000, 14.525,  0.000,-23.077, 13.525, 13.800,  0.000, 14.825, 14.300,  0.525,  0.800,  1.000,  0.800,0.00000,  0.000,
mon_rep231013,2023-10-13T11:10:31,1923.270,  0.400,1,0,247, 25.000, 14.525,  0.000,-23.077, 13.525, 13.800,  0.000, 14.825, 14.300,  0.525,  0.800,  1.000,  0.800,0.00000,  0.000,
mon_rep231013,2023-10-13T11:10:31,1923.670,  0.400,1,0,247, 25.000, 14.525,  0.000,-23.077, 13.525, 13.800,  0.000, 14.825, 14.300,  0.525,  0.800,  1.000,  0.800,0.00000,  0.000,
mon_rep231013,2023-10-13T11:10:32,1924.070,  0.400,1,0,247, 25.000, 14.525,  0.000,-23.077, 13.525, 13.800,  0.000, 14.825, 14.300,  0.525,  0.800,  1.000,  0.800,0.00000,  0.000,
mon_rep231013,2023-10-13T11:10:32,1924.470,  0.400,1,0,247, 25.000, 14.525,  0.000,-23.077, 13.525, 13.800,  0.000, 14.825, 14.300,  0.525,  0.800,  1.000,  0.800,0.00000,  0.000,
mon_rep231013,2023-10-13T11:10:32,1924.870,  0.400,1,0,247, 25.000, 14.525,  0.000,-23.077, 13.525, 13.800,  0.000, 14.825, 14.300,  0.525,  0.800,  1.000,  0.800,0.00000,  0.000,
mon_rep231013,2023-10-13T11:10:33,1925.270,  0.400,1,0,247, 25.000, 14.525,  0.000,-23.077, 13.525, 13.800,  0.000, 14.825, 14.300,  0.525,  0.800,  1.000,  0.800,0.00000,  0.000,
mon_rep231013,2023-10-13T11:10:33,1925.670,  0.400,1,0,247, 25.000, 14.525,  0.000,-23.077, 13.525, 13.800,  0.000, 14.825, 14.300,  0.525,  0.800,  1.000,  0.800,0.00000,  0.000,
mon_rep231013,2023-10-13T11:10:34,1926.070,  0.400,1,0,247, 25.000, 14.525,  0.000,-23.077, 13.525, 13.800,  0.000, 14.825, 14.300,  0.525,  0.800,  1.000,  0.800,0.00000,  0.000,
mon_rep231013,2023-10-13T11:10:34,1926.470,  0.400,1,0,247, 25.000, 14.525,  0.000,-23.077, 13.525, 13.800,  0.000, 14.825, 14.300,  0.525,  0.800,  1.000,  0.800,0.00000,  0.000,
mon_rep231013,2023-10-13T11:10:34,1926.870,  0.400,1,0,247, 25.000, 14.525,  0.000,-23.077, 13.525, 13.800,  0.000, 14.825, 14.300,  0.525,  0.800,  1.000,  0.800,0.00000,  0.000,
mon_rep231013,2023-10-13T11:10:35,1927.270,  0.400,1,0,247, 25.000, 14.525,  0.000,-23.077, 13.525, 13.800,  0.000, 14.825, 14.300,  0.525,  0.800,  1.000,  0.800,0.00000,  0.000,
mon_rep231013,2023-10-13T11:10:35,1927.670,  0.400,1,0,247, 25.000, 14.525,  0.000,-23.077, 13.525, 13.800,  0.000, 14.825, 14.300,  0.525,  0.800,  1.000,  0.800,0.00000,  0.000,
mon_rep231013,2023-10-13T11:10:36,1928.070,  0.400,1,0,247, 25.000, 14.525,  0.000,-23.077, 13.525, 13.800,  0.000, 14.825, 14.300,  0.525,  0.800,  1.000,  0.800,0.00000,  0.000,
mon_rep231013,2023-10-13T11:10:36,1928.470,  0.400,1,0,247, 25.000, 14.525,  0.000,-23.077, 13.525, 13.800,  0.000, 14.825, 14.300,  0.525,  0.800,  1.000,  0.800,0.00000,  0.000,
mon_rep231013,2023-10-13T11:10:36,1928.870,  0.400,1,0,247, 25.000, 14.525,  0.000,-23.077, 13.525, 13.800,  0.000, 14.825, 14.300,  0.525,  0.800,  1.000,  0.800,0.00000,  0.000,
mon_rep231013,2023-10-13T11:10:37,1929.270,  0.400,1,0,247, 25.000, 14.525,  0.000,-23.077, 13.525, 13.800,  0.000, 14.825, 14.300,  0.525,  0.800,  1.000,  0.800,0.00000,  0.000,
mon_rep231013,2023-10-13T11:10:37,1929.670,  0.400,1,0,247, 25.000, 14.525,  0.000,-23.077, 13.525, 13.800,  0.000, 14.825, 14.300,  0.525,  0.800,  1.000,  0.800,0.00000,  0.000,
mon_rep231013,2023-10-13T11:10:38,1930.070,  0.400,1,0,247, 25.000, 14.525,  0.000,-23.077, 13.525, 13.800,  0.000, 14.825, 14.300,  0.525,  0.800,  1.000,  0.800,0.00000,  0.000,
mon_rep231013,2023-10-13T11:10:38,1930.470,  0.400,1,0,247, 25.000, 14.525,  0.000,-23.077, 13.525, 13.800,  0.000, 14.825, 14.300,  0.525,  0.800,  1.000,  0.800,0.00000,  0.000,
mon_rep231013,2023-10-13T11:10:38,1930.870,  0.400,1,0,247, 25.000, 14.525,  0.000,-23.077, 13.525, 13.800,  0.000, 14.825, 14.300,  0.525,  0.800,  1.000,  0.800,0.00000,  0.000,
mon_rep231013,2023-10-13T11:10:39,1931.270,  0.400,1,0,247, 25.000, 14.525,  0.000,-23.077, 13.525, 13.800,  0.000, 14.825, 14.300,  0.525,  0.800,  1.000,  0.800,0.00000,  0.000,
mon_rep231013,2023-10-13T11:10:39,1931.670,  0.400,1,0,247, 25.000, 14.525,  0.000,-23.077, 13.525, 13.800,  0.000, 14.825, 14.300,  0.525,  0.800,  1.000,  0.800,0.00000,  0.000,
mon_rep231013,2023-10-13T11:10:40,1932.070,  0.400,1,0,247, 25.000, 14.525,  0.000,-23.077, 13.525, 13.800,  0.000, 14.825, 14.300,  0.525,  0.800,  1.000,  0.800,0.00000,  0.000,
mon_rep231013,2023-10-13T11:10:40,1932.470,  0.400,1,0,247, 25.000, 14.525,  0.000,-23.077, 13.525, 13.800,  0.000, 14.825, 14.300,  0.525,  0.800,  1.000,  0.800,0.00000,  0.000,
mon_rep231013,2023-10-13T11:10:40,1932.870,  0.400,1,0,247, 25.000, 14.525,  0.000,-23.077, 13.525, 13.800,  0.000, 14.825, 14.300,  0.525,  0.800,  1.000,  0.800,0.00000,  0.000,
mon_rep231013,2023-10-13T11:10:41,1933.270,  0.400,1,0,247, 25.000, 14.525,  0.000,-23.077, 13.525, 13.800,  0.000, 14.825, 14.300,  0.525,  0.800,  1.000,  0.800,0.00000,  0.000,
mon_rep231013,2023-10-13T11:10:41,1933.670,  0.400,1,0,247, 25.000, 14.525,  0.000,-23.077, 13.525, 13.800,  0.000, 14.825, 14.300,  0.525,  0.800,  1.000,  0.800,0.00000,  0.000,
mon_rep231013,2023-10-13T11:10:42,1934.070,  0.400,1,0,247, 25.000, 14.525,  0.000,-23.077, 13.525, 13.800,  0.000, 14.825, 14.300,  0.525,  0.800,  1.000,  0.800,0.00000,  0.000,
mon_rep231013,2023-10-13T11:10:42,1934.470,  0.400,1,0,247, 25.000, 14.525,  0.000,-23.077, 13.525, 13.800,  0.000, 14.825, 14.300,  0.525,  0.800,  1.000,  0.800,0.00000,  0.000,
mon_rep231013,2023-10-13T11:10:42,1934.870,  0.400,1,0,247, 25.000, 14.525,  0.000,-23.077, 13.525, 13.800,  0.000, 14.825, 14.300,  0.525,  0.800,  1.000,  0.800,0.00000,  0.000,
mon_rep231013,2023-10-13T11:10:43,1935.270,  0.400,1,0,247, 25.000, 14.525,  0.000,-23.077, 13.525, 13.800,  0.000, 14.825, 14.300,  0.525,  0.800,  1.000,  0.800,0.00000,  0.000,
mon_rep231013,2023-10-13T11:10:43,1935.670,  0.400,1,0,247, 25.000, 14.525,  0.000,-23.077, 13.525, 13.800,  0.000, 14.825, 14.300,  0.525,  0.800,  1.000,  0.800,0.00000,  0.000,
mon_rep231013,2023-10-13T11:10:44,1936.070,  0.400,1,0,247, 25.000, 14.525,  0.000,-23.077, 13.525, 13.800,  0.000, 14.825, 14.300,  0.525,  0.800,  1.000,  0.800,0.00000,  0.000,
mon_rep231013,2023-10-13T11:10:44,1936.470,  0.400,1,0,247, 25.000, 14.525,  0.000,-23.077, 13.525, 13.800,  0.000, 14.825, 14.300,  0.525,  0.800,  1.000,  0.800,0.00000,  0.000,
mon_rep231013,2023-10-13T11:10:44,1936.870,  0.400,1,0,247, 25.000, 14.525,  0.000,-23.077, 13.525, 13.800,  0.000, 14.825, 14.300,  0.525,  0.800,  1.000,  0.800,0.00000,  0.000,
mon_rep231013,2023-10-13T11:10:45,1937.270,  0.400,1,0,247, 25.000, 14.525,  0.000,-23.077, 13.525, 13.800,  0.000, 14.825, 14.300,  0.525,  0.800,  1.000,  0.800,0.00000,  0.000,
mon_rep231013,2023-10-13T11:10:45,1937.670,  0.400,1,0,247, 25.000, 14.525,  0.000,-23.077, 13.525, 13.800,  0.000, 14.825, 14.300,  0.525,  0.800,  1.000,  0.800,0.00000,  0.000,
mon_rep231013,2023-10-13T11:10:46,1938.070,  0.400,1,0,247, 25.000, 14.525,  0.000,-23.077, 13.525, 13.800,  0.000, 14.825, 14.300,  0.525,  0.800,  1.000,  0.800,0.00000,  0.000,
mon_rep231013,2023-10-13T11:10:46,1938.470,  0.400,1,0,247, 25.000, 14.525,  0.000,-23.077, 13.525, 13.800,  0.000, 14.825, 14.300,  0.525,  0.800,  1.000,  0.800,0.00000,  0.000,
mon_rep231013,2023-10-13T11:10:46,1938.870,  0.400,1,0,247, 25.000, 14.525,  0.000,-23.077, 13.525, 13.800,  0.000, 14.825, 14.300,  0.525,  0.800,  1.000,  0.800,0.00000,  0.000,
mon_rep231013,2023-10-13T11:10:47,1939.270,  0.400,1,0,247, 25.000, 14.525,  0.000,-23.077, 13.525, 13.800,  0.000, 14.825, 14.300,  0.525,  0.800,  1.000,  0.800,0.00000,  0.000,
mon_rep231013,2023-10-13T11:10:47,1939.670,  0.400,1,0,247, 25.000, 14.525,  0.000,-23.077, 13.525, 13.800,  0.000, 14.825, 14.300,  0.525,  0.800,  1.000,  0.800,0.00000,  0.000,
mon_rep231013,2023-10-13T11:10:48,1940.070,  0.400,1,0,247, 25.000, 14.525,  0.000,-23.077, 13.525, 13.800,  0.000, 14.825, 14.300,  0.525,  0.800,  1.000,  0.800,0.00000,  0.000,
mon_rep231013,2023-10-13T11:10:48,1940.470,  0.400,1,0,247, 25.000, 14.525,  0.000,-23.077, 13.525, 13.800,  0.000, 14.825, 14.300,  0.525,  0.800,  1.000,  0.800,0.00000,  0.000,
mon_rep231013,2023-10-13T11:10:48,1940.870,  0.400,1,0,247, 25.000, 14.525,  0.000,-23.077, 13.525, 13.800,  0.000, 14.825, 14.300,  0.525,  0.800,  1.000,  0.800,0.00000,  0.000,
mon_rep231013,2023-10-13T11:10:49,1941.270,  0.400,1,0,247, 25.000, 14.525,  0.000,-23.077, 13.525, 13.800,  0.000, 14.825, 14.300,  0.525,  0.800,  1.000,  0.800,0.00000,  0.000,
mon_rep231013,2023-10-13T11:10:49,1941.670,  0.400,1,0,247, 25.000, 14.525,  0.000,-23.077, 13.525, 13.800,  0.000, 14.825, 14.300,  0.525,  0.800,  1.000,  0.800,0.00000,  0.000,
mon_rep231013,2023-10-13T11:10:50,1942.070,  0.400,1,0,247, 25.000, 14.525,  0.000,-23.077, 13.525, 13.800,  0.000, 14.825, 14.300,  0.525,  0.800,  1.000,  0.800,0.00000,  0.000,
mon_rep231013,2023-10-13T11:10:50,1942.470,  0.400,1,0,247, 25.000, 14.525,  0.000,-23.077, 13.525, 13.800,  0.000, 14.825, 14.300,  0.525,  0.800,  1.000,  0.800,0.00000,  0.000,
mon_rep231013,2023-10-13T11:10:50,1942.870,  0.400,1,0,247, 25.000, 14.525,  0.000,-23.077, 13.525, 13.800,  0.000, 14.825, 14.300,  0.525,  0.800,  1.000,  0.800,0.00000,  0.000,
mon_rep231013,2023-10-13T11:10:51,1943.270,  0.400,1,0,247, 25.000, 14.525,  0.000,-23.077, 13.525, 13.800,  0.000, 14.825, 14.300,  0.525,  0.800,  1.000,  0.800,0.00000,  0.000,
mon_rep231013,2023-10-13T11:10:51,1943.670,  0.400,1,0,247, 25.000, 14.525,  0.000,-23.077, 13.525, 13.800,  0.000, 14.825, 14.300,  0.525,  0.800,  1.000,  0.800,0.00000,  0.000,
mon_rep231013,2023-10-13T11:10:52,1944.070,  0.400,1,0,247, 25.000, 14.525,  0.000,-23.077, 13.525, 13.800,  0.000, 14.825, 14.300,  0.525,  0.800,  1.000,  0.800,0.00000,  0.000,
mon_rep231013,2023-10-13T11:10:52,1944.470,  0.400,1,0,247, 25.000, 14.525,  0.000,-23.077, 13.525, 13.800,  0.000, 14.825, 14.300,  0.525,  0.800,  1.000,  0.800,0.00000,  0.000,
mon_rep231013,2023-10-13T11:10:52,1944.870,  0.400,1,0,247, 25.000, 14.525,  0.000,-23.077, 13.525, 13.800,  0.000, 14.825, 14.300,  0.525,  0.800,  1.000,  0.800,0.00000,  0.000,
mon_rep231013,2023-10-13T11:10:53,1945.270,  0.400,1,0,247, 25.000, 14.525,  0.000,-23.077, 13.525, 13.800,  0.000, 14.825, 14.300,  0.525,  0.800,  1.000,  0.800,0.00000,  0.000,
mon_rep231013,2023-10-13T11:10:53,1945.670,  0.400,1,0,247, 25.000, 14.525,  0.000,-23.077, 13.525, 13.800,  0.000, 14.825, 14.300,  0.525,  0.800,  1.000,  0.800,0.00000,  0.000,
mon_rep231013,2023-10-13T11:10:54,1946.070,  0.400,1,0,247, 25.000, 14.525,  0.000,-23.077, 13.525, 13.800,  0.000, 14.825, 14.300,  0.525,  0.800,  1.000,  0.800,0.00000,  0.000,
mon_rep231013,2023-10-13T11:10:54,1946.470,  0.400,1,0,247, 25.000, 14.525,  0.000,-23.077, 13.525, 13.800,  0.000, 14.825, 14.300,  0.525,  0.800,  1.000,  0.800,0.00000,  0.000,
mon_rep231013,2023-10-13T11:10:54,1946.870,  0.400,1,0,247, 25.000, 14.525,  0.000,-23.077, 13.525, 13.800,  0.000, 14.825, 14.300,  0.525,  0.800,  1.000,  0.800,0.00000,  0.000,
mon_rep231013,2023-10-13T11:10:55,1947.270,  0.400,1,0,247, 25.000, 14.525,  0.000,-23.077, 13.525, 13.800,  0.000, 14.825, 14.300,  0.525,  0.800,  1.000,  0.800,0.00000,  0.000,
mon_rep231013,2023-10-13T11:10:55,1947.670,  0.400,1,0,247, 25.000, 14.525,  0.000,-23.077, 13.525, 13.800,  0.000, 14.825, 14.300,  0.525,  0.800,  1.000,  0.800,0.00000,  0.000,
mon_rep231013,2023-10-13T11:10:56,1948.070,  0.400,1,0,247, 25.000, 14.525,  0.000,-23.077, 13.525, 13.800,  0.000, 14.825, 14.300,  0.525,  0.800,  1.000,  0.800,0.00000,  0.000,
mon_rep231013,2023-10-13T11:10:56,1948.470,  0.400,1,0,247, 25.000, 14.525,  0.000,-23.077, 13.525, 13.800,  0.000, 14.825, 14.300,  0.525,  0.800,  1.000,  0.800,0.00000,  0.000,
mon_rep231013,2023-10-13T11:10:56,1948.870,  0.400,1,0,247, 25.000, 14.525,  0.000,-23.077, 13.525, 13.800,  0.000, 14.825, 14.300,  0.525,  0.800,  1.000,  0.800,0.00000,  0.000,
mon_rep231013,2023-10-13T11:10:57,1949.270,  0.400,1,0,247, 25.000, 14.525,  0.000,-23.077, 13.525, 13.800,  0.000, 14.825, 14.300,  0.525,  0.800,  1.000,  0.800,0.00000,  0.000,
mon_rep231013,2023-10-13T11:10:57,1949.670,  0.400,1,0,247, 25.000, 14.525,  0.000,-23.077, 13.525, 13.800,  0.000, 14.825, 14.300,  0.525,  0.800,  1.000,  0.800,0.00000,  0.000,
mon_rep231013,2023-10-13T11:10:58,1950.070,  0.400,1,0,247, 25.000, 14.525,  0.000,-23.077, 13.525, 13.800,  0.000, 14.825, 14.300,  0.525,  0.800,  1.000,  0.800,0.00000,  0.000,
mon_rep231013,2023-10-13T11:10:58,1950.470,  0.400,1,0,247, 25.000, 14.525,  0.000,-23.077, 13.525, 13.800,  0.000, 14.825, 14.300,  0.525,  0.800,  1.000,  0.800,0.00000,  0.000,
mon_rep231013,2023-10-13T11:10:58,1950.870,  0.400,1,0,247, 25.000, 14.525,  0.000,-23.077, 13.525, 13.800,  0.000, 14.825, 14.300,  0.525,  0.800,  1.000,  0.800,0.00000,  0.000,
mon_rep231013,2023-10-13T11:10:59,1951.270,  0.400,1,0,247, 25.000, 14.525,  0.000,-23.077, 13.525, 13.800,  0.000, 14.825, 14.300,  0.525,  0.800,  1.000,  0.800,0.00000,  0.000,
mon_rep231013,2023-10-13T11:10:59,1951.670,  0.400,1,0,247, 25.000, 14.525,  0.000,-23.077, 13.525, 13.800,  0.000, 14.825, 14.300,  0.525,  0.800,  1.000,  0.800,0.00000,  0.000,
mon_rep231013,2023-10-13T11:11:00,1952.070,  0.400,1,0,247, 25.000, 14.525,  0.000,-23.077, 13.525, 13.800,  0.000, 14.825, 14.300,  0.525,  0.800,  1.000,  0.800,0.00000,  0.000,
mon_rep231013,2023-10-13T11:11:00,1952.470,  0.400,1,0,247, 25.000, 14.525,  0.000,-23.077, 13.525, 13.800,  0.000, 14.825, 14.300,  0.525,  0.800,  1.000,  0.800,0.00000,  0.000,
mon_rep231013,2023-10-13T11:11:00,1952.870,  0.400,1,0,247, 25.000, 14.525,  0.000,-23.077, 13.525, 13.800,  0.000, 14.825, 14.300,  0.525,  0.800,  1.000,  0.800,0.00000,  0.000,
mon_rep231013,2023-10-13T11:11:01,1953.270,  0.400,1,0,247, 25.000, 14.525,  0.000,-23.077, 13.525, 13.800,  0.000, 14.825, 14.300,  0.525,  0.800,  1.000,  0.800,0.00000,  0.000,
mon_rep231013,2023-10-13T11:11:01,1953.670,  0.400,1,0,247, 25.000, 14.525,  0.000,-23.077, 13.525, 13.800,  0.000, 14.825, 14.300,  0.525,  0.800,  1.000,  0.800,0.00000,  0.000,
mon_rep231013,2023-10-13T11:11:02,1954.070,  0.400,1,0,247, 25.000, 14.525,  0.000,-23.077, 13.525, 13.800,  0.000, 14.825, 14.300,  0.525,  0.800,  1.000,  0.800,0.00000,  0.000,
mon_rep231013,2023-10-13T11:11:02,1954.470,  0.400,1,0,247, 25.000, 14.525,  0.000,-23.077, 13.525, 13.800,  0.000, 14.825, 14.300,  0.525,  0.800,  1.000,  0.800,0.00000,  0.000,
mon_rep231013,2023-10-13T11:11:02,1954.870,  0.400,1,0,247, 25.000, 14.525,  0.000,-23.077, 13.525, 13.800,  0.000, 14.825, 14.300,  0.525,  0.800,  1.000,  0.800,0.00000,  0.000,
mon_rep231013,2023-10-13T11:11:03,1955.270,  0.400,1,0,247, 25.000, 14.525,  0.000,-23.077, 13.525, 13.800,  0.000, 14.825, 14.300,  0.525,  0.800,  1.000,  0.800,0.00000,  0.000,
mon_rep231013,2023-10-13T11:11:03,1955.670,  0.400,1,0,247, 25.000, 14.525,  0.000,-23.077, 13.525, 13.800,  0.000, 14.825, 14.300,  0.525,  0.800,  1.000,  0.800,0.00000,  0.000,
mon_rep231013,2023-10-13T11:11:04,1956.070,  0.400,1,0,247, 25.000, 14.525,  0.000,-23.077, 13.525, 13.800,  0.000, 14.825, 14.300,  0.525,  0.800,  1.000,  0.800,0.00000,  0.000,
mon_rep231013,2023-10-13T11:11:04,1956.470,  0.400,1,0,247, 25.000, 14.525,  0.000,-23.077, 13.525, 13.800,  0.000, 14.825, 14.300,  0.525,  0.800,  1.000,  0.800,0.00000,  0.000,
mon_rep231013,2023-10-13T11:11:04,1956.870,  0.400,1,0,247, 25.000, 14.525,  0.000,-23.077, 13.525, 13.800,  0.000, 14.825, 14.300,  0.525,  0.800,  1.000,  0.800,0.00000,  0.000,
mon_rep231013,2023-10-13T11:11:05,1957.270,  0.400,1,0,247, 25.000, 14.525,  0.000,-23.077, 13.525, 13.800,  0.000, 14.825, 14.300,  0.525,  0.800,  1.000,  0.800,0.00000,  0.000,
mon_rep231013,2023-10-13T11:11:05,1957.670,  0.400,1,0,247, 25.000, 14.525,  0.000,-23.077, 13.525, 13.800,  0.000, 14.825, 14.300,  0.525,  0.800,  1.000,  0.800,0.00000,  0.000,
mon_rep231013,2023-10-13T11:11:06,1958.070,  0.400,1,0,247, 25.000, 14.525,  0.000,-23.077, 13.525, 13.800,  0.000, 14.825, 14.300,  0.525,  0.800,  1.000,  0.800,0.00000,  0.000,
mon_rep231013,2023-10-13T11:11:06,1958.470,  0.400,1,0,247, 25.000, 14.525,  0.000,-23.077, 13.525, 13.800,  0.000, 14.825, 14.300,  0.525,  0.800,  1.000,  0.800,0.00000,  0.000,
mon_rep231013,2023-10-13T11:11:06,1958.870,  0.400,1,0,247, 25.000, 14.525,  0.000,-23.077, 13.525, 13.800,  0.000, 14.825, 14.300,  0.525,  0.800,  1.000,  0.800,0.00000,  0.000,
mon_rep231013,2023-10-13T11:11:07,1959.270,  0.400,1,0,247, 25.000, 14.525,  0.000,-23.077, 13.525, 13.800,  0.000, 14.825, 14.300,  0.525,  0.800,  1.000,  0.800,0.00000,  0.000,
mon_rep231013,2023-10-13T11:11:07,1959.670,  0.400,1,0,247, 25.000, 14.525,  0.000,-23.077, 13.525, 13.800,  0.000, 14.825, 14.300,  0.525,  0.800,  1.000,  0.800,0.00000,  0.000,
mon_rep231013,2023-10-13T11:11:08,1960.070,  0.400,1,0,247, 25.000, 14.525,  0.000,-23.077, 13.525, 13.800,  0.000, 14.825, 14.300,  0.525,  0.800,  1.000,  0.800,0.00000,  0.000,
mon_rep231013,2023-10-13T11:11:08,1960.470,  0.400,1,0,247, 25.000, 14.525,  0.000,-23.077, 13.525, 13.800,  0.000, 14.825, 14.300,  0.525,  0.800,  1.000,  0.800,0.00000,  0.000,
mon_rep231013,2023-10-13T11:11:08,1960.870,  0.400,1,0,247, 25.000, 14.525,  0.000,-23.077, 13.525, 13.800,  0.000, 14.825, 14.300,  0.525,  0.800,  1.000,  0.800,0.00000,  0.000,
mon_rep231013,2023-10-13T11:11:09,1961.270,  0.400,1,0,247, 25.000, 14.525,  0.000,-23.077, 13.525, 13.800,  0.000, 14.825, 14.300,  0.525,  0.800,  1.000,  0.800,0.00000,  0.000,
mon_rep231013,2023-10-13T11:11:09,1961.670,  0.400,1,0,247, 25.000, 14.525,  0.000,-23.077, 13.525, 13.800,  0.000, 14.825, 14.300,  0.525,  0.800,  1.000,  0.800,0.00000,  0.000,
mon_rep231013,2023-10-13T11:11:10,1962.070,  0.400,1,0,247, 25.000, 14.525,  0.000,-23.077, 13.525, 13.800,  0.000, 14.825, 14.300,  0.525,  0.800,  1.000,  0.800,0.00000,  0.000,
mon_rep231013,2023-10-13T11:11:10,1962.470,  0.400,1,0,247, 25.000, 14.525,  0.000,-23.077, 13.525, 13.800,  0.000, 14.825, 14.300,  0.525,  0.800,  1.000,  0.800,0.00000,  0.000,
mon_rep231013,2023-10-13T11:11:10,1962.870,  0.400,1,0,247, 25.000, 14.525,  0.000,-23.077, 13.525, 13.800,  0.000, 14.825, 14.300,  0.525,  0.800,  1.000,  0.800,0.00000,  0.000,
mon_rep231013,2023-10-13T11:11:11,1963.270,  0.400,1,0,247, 25.000, 14.525,  0.000,-23.077, 13.525, 13.800,  0.000, 14.825, 14.300,  0.525,  0.800,  1.000,  0.800,0.00000,  0.000,
mon_rep231013,2023-10-13T11:11:11,1963.670,  0.400,1,0,247, 25.000, 14.525,  0.000,-23.077, 13.525, 13.800,  0.000, 14.825, 14.300,  0.525,  0.800,  1.000,  0.800,0.00000,  0.000,
mon_rep231013,2023-10-13T11:11:12,1964.070,  0.400,1,0,247, 25.000, 14.525,  0.000,-23.077, 13.525, 13.800,  0.000, 14.825, 14.300,  0.525,  0.800,  1.000,  0.800,0.00000,  0.000,
mon_rep231013,2023-10-13T11:11:12,1964.470,  0.400,1,0,247, 25.000, 14.525,  0.000,-23.077, 13.525, 13.800,  0.000, 14.825, 14.300,  0.525,  0.800,  1.000,  0.800,0.00000,  0.000,
mon_rep231013,2023-10-13T11:11:12,1964.870,  0.400,1,0,247, 25.000, 14.525,  0.000,-23.077, 13.525, 13.800,  0.000, 14.825, 14.300,  0.525,  0.800,  1.000,  0.800,0.00000,  0.000,
mon_rep231013,2023-10-13T11:11:13,1965.270,  0.400,1,0,247, 25.000, 14.525,  0.000,-23.077, 13.525, 13.800,  0.000, 14.825, 14.300,  0.525,  0.800,  1.000,  0.800,0.00000,  0.000,
mon_rep231013,2023-10-13T11:11:13,1965.670,  0.400,1,0,247, 25.000, 14.525,  0.000,-23.077, 13.525, 13.800,  0.000, 14.825, 14.300,  0.525,  0.800,  1.000,  0.800,0.00000,  0.000,
mon_rep231013,2023-10-13T11:11:14,1966.070,  0.400,1,0,247, 25.000, 14.525,  0.000,-23.077, 13.525, 13.800,  0.000, 14.825, 14.300,  0.525,  0.800,  1.000,  0.800,0.00000,  0.000,
mon_rep231013,2023-10-13T11:11:14,1966.470,  0.400,1,0,247, 25.000, 14.525,  0.000,-23.077, 13.525, 13.800,  0.000, 14.825, 14.300,  0.525,  0.800,  1.000,  0.800,0.00000,  0.000,
mon_rep231013,2023-10-13T11:11:14,1966.870,  0.400,1,0,247, 25.000, 14.525,  0.000,-23.077, 13.525, 13.800,  0.000, 14.825, 14.300,  0.525,  0.800,  1.000,  0.800,0.00000,  0.000,
mon_rep231013,2023-10-13T11:11:15,1967.270,  0.400,1,0,247, 25.000, 14.525,  0.000,-23.077, 13.525, 13.800,  0.000, 14.825, 14.300,  0.525,  0.800,  1.000,  0.800,0.00000,  0.000,
mon_rep231013,2023-10-13T11:11:15,1967.670,  0.400,1,0,247, 25.000, 14.525,  0.000,-23.077, 13.525, 13.800,  0.000, 14.825, 14.300,  0.525,  0.800,  1.000,  0.800,0.00000,  0.000,
mon_rep231013,2023-10-13T11:11:16,1968.070,  0.400,1,0,247, 25.000, 14.525,  0.000,-23.077, 13.525, 13.800,  0.000, 14.825, 14.300,  0.525,  0.800,  1.000,  0.800,0.00000,  0.000,
mon_rep231013,2023-10-13T11:11:16,1968.470,  0.400,1,0,247, 25.000, 14.525,  0.000,-23.077, 13.525, 13.800,  0.000, 14.825, 14.300,  0.525,  0.800,  1.000,  0.800,0.00000,  0.000,
mon_rep231013,2023-10-13T11:11:16,1968.870,  0.400,1,0,247, 25.000, 14.525,  0.000,-23.077, 13.525, 13.800,  0.000, 14.825, 14.300,  0.525,  0.800,  1.000,  0.800,0.00000,  0.000,
mon_rep231013,2023-10-13T11:11:17,1969.270,  0.400,1,0,247, 25.000, 14.525,  0.000,-23.077, 13.525, 13.800,  0.000, 14.825, 14.300,  0.525,  0.800,  1.000,  0.800,0.00000,  0.000,
mon_rep231013,2023-10-13T11:11:17,1969.670,  0.400,1,0,247, 25.000, 14.525,  0.000,-23.077, 13.525, 13.800,  0.000, 14.825, 14.300,  0.525,  0.800,  1.000,  0.800,0.00000,  0.000,
mon_rep231013,2023-10-13T11:11:18,1970.070,  0.400,1,0,247, 25.000, 14.525,  0.000,-23.077, 13.525, 13.800,  0.000, 14.825, 14.300,  0.525,  0.800,  1.000,  0.800,0.00000,  0.000,
mon_rep231013,2023-10-13T11:11:18,1970.470,  0.400,1,0,247, 25.000, 14.525,  0.000,-23.077, 13.525, 13.800,  0.000, 14.825, 14.300,  0.525,  0.800,  1.000,  0.800,0.00000,  0.000,
mon_rep231013,2023-10-13T11:11:18,1970.870,  0.400,1,0,247, 25.000, 14.525,  0.000,-23.077, 13.525, 13.800,  0.000, 14.825, 14.300,  0.525,  0.800,  1.000,  0.800,0.00000,  0.000,
mon_rep231013,2023-10-13T11:11:19,1971.270,  0.400,1,0,247, 25.000, 14.525,  0.000,-23.077, 13.525, 13.800,  0.000, 14.825, 14.300,  0.525,  0.800,  1.000,  0.800,0.00000,  0.000,
mon_rep231013,2023-10-13T11:11:19,1971.670,  0.400,1,0,247, 25.000, 14.525,  0.000,-23.077, 13.525, 13.800,  0.000, 14.825, 14.300,  0.525,  0.800,  1.000,  0.800,0.00000,  0.000,
mon_rep231013,2023-10-13T11:11:20,1972.070,  0.400,1,0,247, 25.000, 14.525,  0.000,-23.077, 13.525, 13.800,  0.000, 14.825, 14.300,  0.525,  0.800,  1.000,  0.800,0.00000,  0.000,
mon_rep231013,2023-10-13T11:11:20,1972.470,  0.400,1,0,247, 25.000, 14.525,  0.000,-23.077, 13.525, 13.800,  0.000, 14.825, 14.300,  0.525,  0.800,  1.000,  0.800,0.00000,  0.000,
mon_rep231013,2023-10-13T11:11:20,1972.870,  0.400,1,0,247, 25.000, 14.525,  0.000,-23.077, 13.525, 13.800,  0.000, 14.825, 14.300,  0.525,  0.800,  1.000,  0.800,0.00000,  0.000,
mon_rep231013,2023-10-13T11:11:21,1973.270,  0.400,1,0,247, 25.000, 14.525,  0.000,-23.077, 13.525, 13.800,  0.000, 14.825, 14.300,  0.525,  0.800,  1.000,  0.800,0.00000,  0.000,
mon_rep231013,2023-10-13T11:11:21,1973.670,  0.400,1,0,247, 25.000, 14.525,  0.000,-23.077, 13.525, 13.800,  0.000, 14.825, 14.300,  0.525,  0.800,  1.000,  0.800,0.00000,  0.000,
mon_rep231013,2023-10-13T11:11:22,1974.070,  0.400,1,0,247, 25.000, 14.525,  0.000,-23.077, 13.525, 13.800,  0.000, 14.825, 14.300,  0.525,  0.800,  1.000,  0.800,0.00000,  0.000,
mon_rep231013,2023-10-13T11:11:22,1974.470,  0.400,1,0,247, 25.000, 14.525,  0.000,-23.077, 13.525, 13.800,  0.000, 14.825, 14.300,  0.525,  0.800,  1.000,  0.800,0.00000,  0.000,
mon_rep231013,2023-10-13T11:11:22,1974.870,  0.400,1,0,247, 25.000, 14.525,  0.000,-23.077, 13.525, 13.800,  0.000, 14.825, 14.300,  0.525,  0.800,  1.000,  0.800,0.00000,  0.000,
mon_rep231013,2023-10-13T11:11:23,1975.270,  0.400,1,0,247, 25.000, 14.525,  0.000,-23.077, 13.525, 13.800,  0.000, 14.825, 14.300,  0.525,  0.800,  1.000,  0.800,0.00000,  0.000,
mon_rep231013,2023-10-13T11:11:23,1975.670,  0.400,1,0,247, 25.000, 14.525,  0.000,-23.077, 13.525, 13.800,  0.000, 14.825, 14.300,  0.525,  0.800,  1.000,  0.800,0.00000,  0.000,
mon_rep231013,2023-10-13T11:11:24,1976.070,  0.400,1,0,247, 25.000, 14.525,  0.000,-23.077, 13.525, 13.800,  0.000, 14.825, 14.300,  0.525,  0.800,  1.000,  0.800,0.00000,  0.000,
mon_rep231013,2023-10-13T11:11:24,1976.470,  0.400,1,0,247, 25.000, 14.525,  0.000,-23.077, 13.525, 13.800,  0.000, 14.825, 14.300,  0.525,  0.800,  1.000,  0.800,0.00000,  0.000,
mon_rep231013,2023-10-13T11:11:24,1976.870,  0.400,1,0,247, 25.000, 14.525,  0.000,-23.077, 13.525, 13.800,  0.000, 14.825, 14.300,  0.525,  0.800,  1.000,  0.800,0.00000,  0.000,
mon_rep231013,2023-10-13T11:11:25,1977.270,  0.400,1,0,247, 25.000, 14.525,  0.000,-23.077, 13.525, 13.800,  0.000, 14.825, 14.300,  0.525,  0.800,  1.000,  0.800,0.00000,  0.000,
mon_rep231013,2023-10-13T11:11:25,1977.670,  0.400,1,0,247, 25.000, 14.525,  0.000,-23.077, 13.525, 13.800,  0.000, 14.825, 14.300,  0.525,  0.800,  1.000,  0.800,0.00000,  0.000,
mon_rep231013,2023-10-13T11:11:26,1978.070,  0.400,1,0,247, 25.000, 14.525,  0.000,-23.077, 13.525, 13.800,  0.000, 14.825, 14.300,  0.525,  0.800,  1.000,  0.800,0.00000,  0.000,
mon_rep231013,2023-10-13T11:11:26,1978.470,  0.400,1,0,247, 25.000, 14.525,  0.000,-23.077, 13.525, 13.800,  0.000, 14.825, 14.300,  0.525,  0.800,  1.000,  0.800,0.00000,  0.000,
mon_rep231013,2023-10-13T11:11:26,1978.870,  0.400,1,0,247, 25.000, 14.525,  0.000,-23.077, 13.525, 13.800,  0.000, 14.825, 14.300,  0.525,  0.800,  1.000,  0.800,0.00000,  0.000,
mon_rep231013,2023-10-13T11:11:27,1979.270,  0.400,1,0,247, 25.000, 14.525,  0.000,-23.077, 13.525, 13.800,  0.000, 14.825, 14.300,  0.525,  0.800,  1.000,  0.800,0.00000,  0.000,
mon_rep231013,2023-10-13T11:11:27,1979.670,  0.400,1,0,247, 25.000, 14.525,  0.000,-23.077, 13.525, 13.800,  0.000, 14.825, 14.300,  0.525,  0.800,  1.000,  0.800,0.00000,  0.000,
mon_rep231013,2023-10-13T11:11:28,1980.070,  0.400,1,0,247, 25.000, 14.525,  0.000,-23.077, 13.525, 13.800,  0.000, 14.825, 14.300,  0.525,  0.800,  1.000,  0.800,0.00000,  0.000,
mon_rep231013,2023-10-13T11:11:28,1980.470,  0.400,1,0,247, 25.000, 14.525,  0.000,-23.077, 13.525, 13.800,  0.000, 14.825, 14.300,  0.525,  0.800,  1.000,  0.800,0.00000,  0.000,
mon_rep231013,2023-10-13T11:11:28,1980.870,  0.400,1,0,247, 25.000, 14.525,  0.000,-23.077, 13.525, 13.800,  0.000, 14.825, 14.300,  0.525,  0.800,  1.000,  0.800,0.00000,  0.000,
mon_rep231013,2023-10-13T11:11:29,1981.270,  0.400,1,0,247, 25.000, 14.525,  0.000,-23.077, 13.525, 13.800,  0.000, 14.825, 14.300,  0.525,  0.800,  1.000,  0.800,0.00000,  0.000,
mon_rep231013,2023-10-13T11:11:29,1981.670,  0.400,1,0,247, 25.000, 14.525,  0.000,-23.077, 13.525, 13.800,  0.000, 14.825, 14.300,  0.525,  0.800,  1.000,  0.800,0.00000,  0.000,
mon_rep231013,2023-10-13T11:11:30,1982.070,  0.400,1,0,247, 25.000, 14.525,  0.000,-23.077, 13.525, 13.800,  0.000, 14.825, 14.300,  0.525,  0.800,  1.000,  0.800,0.00000,  0.000,
mon_rep231013,2023-10-13T11:11:30,1982.470,  0.400,1,0,247, 25.000, 14.525,  0.000,-23.077, 13.525, 13.800,  0.000, 14.825, 14.300,  0.525,  0.800,  1.000,  0.800,0.00000,  0.000,
mon_rep231013,2023-10-13T11:11:30,1982.870,  0.400,1,0,247, 25.000, 14.525,  0.000,-23.077, 13.525, 13.800,  0.000, 14.825, 14.300,  0.525,  0.800,  1.000,  0.800,0.00000,  0.000,
mon_rep231013,2023-10-13T11:11:31,1983.270,  0.400,1,0,247, 25.000, 14.525,  0.000,-23.077, 13.525, 13.800,  0.000, 14.825, 14.300,  0.525,  0.800,  1.000,  0.800,0.00000,  0.000,
mon_rep231013,2023-10-13T11:11:31,1983.670,  0.400,1,0,247, 25.000, 14.525,  0.000,-23.077, 13.525, 13.800,  0.000, 14.825, 14.300,  0.525,  0.800,  1.000,  0.800,0.00000,  0.000,
mon_rep231013,2023-10-13T11:11:32,1984.070,  0.400,1,0,247, 25.000, 14.525,  0.000,-23.077, 13.525, 13.800,  0.000, 14.825, 14.300,  0.525,  0.800,  1.000,  0.800,0.00000,  0.000,
mon_rep231013,2023-10-13T11:11:32,1984.470,  0.400,1,0,247, 25.000, 14.525,  0.000,-23.077, 13.525, 13.800,  0.000, 14.825, 14.300,  0.525,  0.800,  1.000,  0.800,0.00000,  0.000,
mon_rep231013,2023-10-13T11:11:32,1984.870,  0.400,1,0,247, 25.000, 14.525,  0.000,-23.077, 13.525, 13.800,  0.000, 14.825, 14.300,  0.525,  0.800,  1.000,  0.800,0.00000,  0.000,
mon_rep231013,2023-10-13T11:11:33,1985.270,  0.400,1,0,247, 25.000, 14.525,  0.000,-23.077, 13.525, 13.800,  0.000, 14.825, 14.300,  0.525,  0.800,  1.000,  0.800,0.00000,  0.000,
mon_rep231013,2023-10-13T11:11:33,1985.670,  0.400,1,0,247, 25.000, 14.525,  0.000,-23.077, 13.525, 13.800,  0.000, 14.825, 14.300,  0.525,  0.800,  1.000,  0.800,0.00000,  0.000,
mon_rep231013,2023-10-13T11:11:34,1986.070,  0.400,1,0,247, 25.000, 14.525,  0.000,-23.077, 13.525, 13.800,  0.000, 14.825, 14.300,  0.525,  0.800,  1.000,  0.800,0.00000,  0.000,
mon_rep231013,2023-10-13T11:11:34,1986.470,  0.400,1,0,247, 25.000, 14.525,  0.000,-23.077, 13.525, 13.800,  0.000, 14.825, 14.300,  0.525,  0.800,  1.000,  0.800,0.00000,  0.000,
mon_rep231013,2023-10-13T11:11:34,1986.870,  0.400,1,0,247, 25.000, 14.525,  0.000,-23.077, 13.525, 13.800,  0.000, 14.825, 14.300,  0.525,  0.800,  1.000,  0.800,0.00000,  0.000,
mon_rep231013,2023-10-13T11:11:35,1987.270,  0.400,1,0,247, 25.000, 14.525,  0.000,-23.077, 13.525, 13.800,  0.000, 14.825, 14.300,  0.525,  0.800,  1.000,  0.800,0.00000,  0.000,
mon_rep231013,2023-10-13T11:11:35,1987.670,  0.400,1,0,247, 25.000, 14.525,  0.000,-23.077, 13.525, 13.800,  0.000, 14.825, 14.300,  0.525,  0.800,  1.000,  0.800,0.00000,  0.000,
mon_rep231013,2023-10-13T11:11:36,1988.070,  0.400,1,0,247, 25.000, 14.525,  0.000,-23.077, 13.525, 13.800,  0.000, 14.825, 14.300,  0.525,  0.800,  1.000,  0.800,0.00000,  0.000,
mon_rep231013,2023-10-13T11:11:36,1988.470,  0.400,1,0,247, 25.000, 14.525,  0.000,-23.077, 13.525, 13.800,  0.000, 14.825, 14.300,  0.525,  0.800,  1.000,  0.800,0.00000,  0.000,
mon_rep231013,2023-10-13T11:11:36,1988.870,  0.400,1,0,247, 25.000, 14.525,  0.000,-23.077, 13.525, 13.800,  0.000, 14.825, 14.300,  0.525,  0.800,  1.000,  0.800,0.00000,  0.000,
mon_rep231013,2023-10-13T11:11:37,1989.270,  0.400,1,0,247, 25.000, 14.525,  0.000,-23.077, 13.525, 13.800,  0.000, 14.825, 14.300,  0.525,  0.800,  1.000,  0.800,0.00000,  0.000,
mon_rep231013,2023-10-13T11:11:37,1989.670,  0.400,1,0,247, 25.000, 14.525,  0.000,-23.077, 13.525, 13.800,  0.000, 14.825, 14.300,  0.525,  0.800,  1.000,  0.800,0.00000,  0.000,
mon_rep231013,2023-10-13T11:11:38,1990.070,  0.400,1,0,247, 25.000, 14.525,  0.000,-23.077, 13.525, 13.800,  0.000, 14.825, 14.300,  0.525,  0.800,  1.000,  0.800,0.00000,  0.000,
mon_rep231013,2023-10-13T11:11:38,1990.470,  0.400,1,0,247, 25.000, 14.525,  0.000,-23.077, 13.525, 13.800,  0.000, 14.825, 14.300,  0.525,  0.800,  1.000,  0.800,0.00000,  0.000,
mon_rep231013,2023-10-13T11:11:38,1990.870,  0.400,1,0,247, 25.000, 14.525,  0.000,-23.077, 13.525, 13.800,  0.000, 14.825, 14.300,  0.525,  0.800,  1.000,  0.800,0.00000,  0.000,
mon_rep231013,2023-10-13T11:11:39,1991.270,  0.400,1,0,247, 25.000, 14.525,  0.000,-23.077, 13.525, 13.800,  0.000, 14.825, 14.300,  0.525,  0.800,  1.000,  0.800,0.00000,  0.000,
mon_rep231013,2023-10-13T11:11:39,1991.670,  0.400,1,0,247, 25.000, 14.525,  0.000,-23.077, 13.525, 13.800,  0.000, 14.825, 14.300,  0.525,  0.800,  1.000,  0.800,0.00000,  0.000,
mon_rep231013,2023-10-13T11:11:40,1992.070,  0.400,1,0,247, 25.000, 14.525,  0.000,-23.077, 13.525, 13.800,  0.000, 14.825, 14.300,  0.525,  0.800,  1.000,  0.800,0.00000,  0.000,
mon_rep231013,2023-10-13T11:11:40,1992.470,  0.400,1,0,247, 25.000, 14.525,  0.000,-23.077, 13.525, 13.800,  0.000, 14.825, 14.300,  0.525,  0.800,  1.000,  0.800,0.00000,  0.000,
mon_rep231013,2023-10-13T11:11:40,1992.870,  0.400,1,0,247, 25.000, 14.525,  0.000,-23.077, 13.525, 13.800,  0.000, 14.825, 14.300,  0.525,  0.800,  1.000,  0.800,0.00000,  0.000,
mon_rep231013,2023-10-13T11:11:41,1993.270,  0.400,1,0,247, 25.000, 14.525,  0.000,-23.077, 13.525, 13.800,  0.000, 14.825, 14.300,  0.525,  0.800,  1.000,  0.800,0.00000,  0.000,
mon_rep231013,2023-10-13T11:11:41,1993.670,  0.400,1,0,247, 25.000, 14.525,  0.000,-23.077, 13.525, 13.800,  0.000, 14.825, 14.300,  0.525,  0.800,  1.000,  0.800,0.00000,  0.000,
mon_rep231013,2023-10-13T11:11:42,1994.070,  0.400,1,0,247, 25.000, 14.525,  0.000,-23.077, 13.525, 13.800,  0.000, 14.825, 14.300,  0.525,  0.800,  1.000,  0.800,0.00000,  0.000,
mon_rep231013,2023-10-13T11:11:42,1994.470,  0.400,1,0,247, 25.000, 14.525,  0.000,-23.077, 13.525, 13.800,  0.000, 14.825, 14.300,  0.525,  0.800,  1.000,  0.800,0.00000,  0.000,
mon_rep231013,2023-10-13T11:11:42,1994.870,  0.400,1,0,247, 25.000, 14.525,  0.000,-23.077, 13.525, 13.800,  0.000, 14.825, 14.300,  0.525,  0.800,  1.000,  0.800,0.00000,  0.000,
mon_rep231013,2023-10-13T11:11:43,1995.270,  0.400,1,0,247, 25.000, 14.525,  0.000,-23.077, 13.525, 13.800,  0.000, 14.825, 14.300,  0.525,  0.800,  1.000,  0.800,0.00000,  0.000,
mon_rep231013,2023-10-13T11:11:43,1995.670,  0.400,1,0,247, 25.000, 14.525,  0.000,-23.077, 13.525, 13.800,  0.000, 14.825, 14.300,  0.525,  0.800,  1.000,  0.800,0.00000,  0.000,
mon_rep231013,2023-10-13T11:11:44,1996.070,  0.400,1,0,247, 25.000, 14.525,  0.000,-23.077, 13.525, 13.800,  0.000, 14.825, 14.300,  0.525,  0.800,  1.000,  0.800,0.00000,  0.000,
mon_rep231013,2023-10-13T11:11:44,1996.470,  0.400,1,0,247, 25.000, 14.525,  0.000,-23.077, 13.525, 13.800,  0.000, 14.825, 14.300,  0.525,  0.800,  1.000,  0.800,0.00000,  0.000,
mon_rep231013,2023-10-13T11:11:44,1996.870,  0.400,1,0,247, 25.000, 14.525,  0.000,-23.077, 13.525, 13.800,  0.000, 14.825, 14.300,  0.525,  0.800,  1.000,  0.800,0.00000,  0.000,
mon_rep231013,2023-10-13T11:11:45,1997.270,  0.400,1,0,247, 25.000, 14.525,  0.000,-23.077, 13.525, 13.800,  0.000, 14.825, 14.300,  0.525,  0.800,  1.000,  0.800,0.00000,  0.000,
mon_rep231013,2023-10-13T11:11:45,1997.670,  0.400,1,0,247, 25.000, 14.525,  0.000,-23.077, 13.525, 13.800,  0.000, 14.825, 14.300,  0.525,  0.800,  1.000,  0.800,0.00000,  0.000,
mon_rep231013,2023-10-13T11:11:46,1998.070,  0.400,1,0,247, 25.000, 14.525,  0.000,-23.077, 13.525, 13.800,  0.000, 14.825, 14.300,  0.525,  0.800,  1.000,  0.800,0.00000,  0.000,
mon_rep231013,2023-10-13T11:11:46,1998.470,  0.400,1,0,247, 25.000, 14.525,  0.000,-23.077, 13.525, 13.800,  0.000, 14.825, 14.300,  0.525,  0.800,  1.000,  0.800,0.00000,  0.000,
mon_rep231013,2023-10-13T11:11:46,1998.870,  0.400,1,0,247, 25.000, 14.525,  0.000,-23.077, 13.525, 13.800,  0.000, 14.825, 14.300,  0.525,  0.800,  1.000,  0.800,0.00000,  0.000,
mon_rep231013,2023-10-13T11:11:47,1999.270,  0.400,1,0,247, 25.000, 14.525,  0.000,-23.077, 13.525, 13.800,  0.000, 14.825, 14.300,  0.525,  0.800,  1.000,  0.800,0.00000,  0.000,
mon_rep231013,2023-10-13T11:11:47,1999.670,  0.400,1,0,247, 25.000, 14.525,  0.000,-23.077, 13.525, 13.800,  0.000, 14.825, 14.300,  0.525,  0.800,  1.000,  0.800,0.00000,  0.000,
mon_rep231013,2023-10-13T11:11:48,2000.070,  0.400,1,0,247, 25.000, 14.525,  0.000,-23.077, 13.525, 13.800,  0.000, 14.825, 14.300,  0.525,  0.800,  1.000,  0.800,0.00000,  0.000,
mon_rep231013,2023-10-13T11:11:48,2000.470,  0.400,1,0,247, 25.000, 14.525,  0.000,-23.077, 13.525, 13.800,  0.000, 14.825, 14.300,  0.525,  0.800,  1.000,  0.800,0.00000,  0.000,
mon_rep231013,2023-10-13T11:11:48,2000.870,  0.400,1,0,247, 25.000, 14.525,  0.000,-23.077, 13.525, 13.800,  0.000, 14.825, 14.300,  0.525,  0.800,  1.000,  0.800,0.00000,  0.000,
mon_rep231013,2023-10-13T11:11:49,2001.270,  0.400,1,0,247, 25.000, 14.525,  0.000,-23.077, 13.525, 13.800,  0.000, 14.825, 14.300,  0.525,  0.800,  1.000,  0.800,0.00000,  0.000,
mon_rep231013,2023-10-13T11:11:49,2001.670,  0.400,1,0,247, 25.000, 14.525,  0.000,-23.077, 13.525, 13.800,  0.000, 14.825, 14.300,  0.525,  0.800,  1.000,  0.800,0.00000,  0.000,
mon_rep231013,2023-10-13T11:11:50,2002.070,  0.400,1,0,247, 25.000, 14.525,  0.000,-23.077, 13.525, 13.800,  0.000, 14.825, 14.300,  0.525,  0.800,  1.000,  0.800,0.00000,  0.000,
mon_rep231013,2023-10-13T11:11:50,2002.470,  0.400,1,0,247, 25.000, 14.525,  0.000,-23.077, 13.525, 13.800,  0.000, 14.825, 14.300,  0.525,  0.800,  1.000,  0.800,0.00000,  0.000,
mon_rep231013,2023-10-13T11:11:50,2002.870,  0.400,1,0,247, 25.000, 14.525,  0.000,-23.077, 13.525, 13.800,  0.000, 14.825, 14.300,  0.525,  0.800,  1.000,  0.800,0.00000,  0.000,
mon_rep231013,2023-10-13T11:11:51,2003.270,  0.400,1,0,247, 25.000, 14.525,  0.000,-23.077, 13.525, 13.800,  0.000, 14.825, 14.300,  0.525,  0.800,  1.000,  0.800,0.00000,  0.000,
mon_rep231013,2023-10-13T11:11:51,2003.670,  0.400,1,0,247, 25.000, 14.525,  0.000,-23.077, 13.525, 13.800,  0.000, 14.825, 14.300,  0.525,  0.800,  1.000,  0.800,0.00000,  0.000,
mon_rep231013,2023-10-13T11:11:52,2004.070,  0.400,1,0,247, 25.000, 14.525,  0.000,-23.077, 13.525, 13.800,  0.000, 14.825, 14.300,  0.525,  0.800,  1.000,  0.800,0.00000,  0.000,
mon_rep231013,2023-10-13T11:11:52,2004.470,  0.400,1,0,247, 25.000, 14.525,  0.000,-23.077, 13.525, 13.800,  0.000, 14.825, 14.300,  0.525,  0.800,  1.000,  0.800,0.00000,  0.000,
mon_rep231013,2023-10-13T11:11:52,2004.870,  0.400,1,0,247, 25.000, 14.525,  0.000,-23.077, 13.525, 13.800,  0.000, 14.825, 14.300,  0.525,  0.800,  1.000,  0.800,0.00000,  0.000,
mon_rep231013,2023-10-13T11:11:53,2005.270,  0.400,1,0,247, 25.000, 14.525,  0.000,-23.077, 13.525, 13.800,  0.000, 14.825, 14.300,  0.525,  0.800,  1.000,  0.800,0.00000,  0.000,
mon_rep231013,2023-10-13T11:11:53,2005.670,  0.400,1,0,247, 25.000, 14.525,  0.000,-23.077, 13.525, 13.800,  0.000, 14.825, 14.300,  0.525,  0.800,  1.000,  0.800,0.00000,  0.000,
mon_rep231013,2023-10-13T11:11:54,2006.070,  0.400,1,0,247, 25.000, 14.525,  0.000,-23.077, 13.525, 13.800,  0.000, 14.825, 14.300,  0.525,  0.800,  1.000,  0.800,0.00000,  0.000,
mon_rep231013,2023-10-13T11:11:54,2006.470,  0.400,1,0,247, 25.000, 14.525,  0.000,-23.077, 13.525, 13.800,  0.000, 14.825, 14.300,  0.525,  0.800,  1.000,  0.800,0.00000,  0.000,
mon_rep231013,2023-10-13T11:11:54,2006.870,  0.400,1,0,247, 25.000, 14.525,  0.000,-23.077, 13.525, 13.800,  0.000, 14.825, 14.300,  0.525,  0.800,  1.000,  0.800,0.00000,  0.000,
mon_rep231013,2023-10-13T11:11:55,2007.270,  0.400,1,0,247, 25.000, 14.525,  0.000,-23.077, 13.525, 13.800,  0.000, 14.825, 14.300,  0.525,  0.800,  1.000,  0.800,0.00000,  0.000,
mon_rep231013,2023-10-13T11:11:55,2007.670,  0.400,1,0,247, 25.000, 14.525,  0.000,-23.077, 13.525, 13.800,  0.000, 14.825, 14.300,  0.525,  0.800,  1.000,  0.800,0.00000,  0.000,
mon_rep231013,2023-10-13T11:11:56,2008.070,  0.400,1,0,247, 25.000, 14.525,  0.000,-23.077, 13.525, 13.800,  0.000, 14.825, 14.300,  0.525,  0.800,  1.000,  0.800,0.00000,  0.000,
mon_rep231013,2023-10-13T11:11:56,2008.470,  0.400,1,0,247, 25.000, 14.525,  0.000,-23.077, 13.525, 13.800,  0.000, 14.825, 14.300,  0.525,  0.800,  1.000,  0.800,0.00000,  0.000,
mon_rep231013,2023-10-13T11:11:56,2008.870,  0.400,1,0,247, 25.000, 14.525,  0.000,-23.077, 13.525, 13.800,  0.000, 14.825, 14.300,  0.525,  0.800,  1.000,  0.800,0.00000,  0.000,
mon_rep231013,2023-10-13T11:11:57,2009.270,  0.400,1,0,247, 25.000, 14.525,  0.000,-23.077, 13.525, 13.800,  0.000, 14.825, 14.300,  0.525,  0.800,  1.000,  0.800,0.00000,  0.000,
mon_rep231013,2023-10-13T11:11:57,2009.670,  0.400,1,0,247, 25.000, 14.525,  0.000,-23.077, 13.525, 13.800,  0.000, 14.825, 14.300,  0.525,  0.800,  1.000,  0.800,0.00000,  0.000,
mon_rep231013,2023-10-13T11:11:58,2010.070,  0.400,1,0,247, 25.000, 14.525,  0.000,-23.077, 13.525, 13.800,  0.000, 14.825, 14.300,  0.525,  0.800,  1.000,  0.800,0.00000,  0.000,
mon_rep231013,2023-10-13T11:11:58,2010.470,  0.400,1,0,247, 25.000, 14.525,  0.000,-23.077, 13.525, 13.800,  0.000, 14.825, 14.300,  0.525,  0.800,  1.000,  0.800,0.00000,  0.000,
mon_rep231013,2023-10-13T11:11:58,2010.870,  0.400,1,0,247, 25.000, 14.525,  0.000,-23.077, 13.525, 13.800,  0.000, 14.825, 14.300,  0.525,  0.800,  1.000,  0.800,0.00000,  0.000,
mon_rep231013,2023-10-13T11:11:59,2011.270,  0.400,1,0,247, 25.000, 14.525,  0.000,-23.077, 13.525, 13.800,  0.000, 14.825, 14.300,  0.525,  0.800,  1.000,  0.800,0.00000,  0.000,
mon_rep231013,2023-10-13T11:11:59,2011.670,  0.400,1,0,247, 25.000, 14.525,  0.000,-23.077, 13.525, 13.800,  0.000, 14.825, 14.300,  0.525,  0.800,  1.000,  0.800,0.00000,  0.000,
mon_rep231013,2023-10-13T11:12:00,2012.070,  0.400,1,0,247, 25.000, 14.525,  0.000,-23.077, 13.525, 13.800,  0.000, 14.825, 14.300,  0.525,  0.800,  1.000,  0.800,0.00000,  0.000,
mon_rep231013,2023-10-13T11:12:00,2012.470,  0.400,1,0,247, 25.000, 14.525,  0.000,-23.077, 13.525, 13.800,  0.000, 14.825, 14.300,  0.525,  0.800,  1.000,  0.800,0.00000,  0.000,
mon_rep231013,2023-10-13T11:12:00,2012.870,  0.400,1,0,247, 25.000, 14.525,  0.000,-23.077, 13.525, 13.800,  0.000, 14.825, 14.300,  0.525,  0.800,  1.000,  0.800,0.00000,  0.000,
mon_rep231013,2023-10-13T11:12:01,2013.270,  0.400,1,0,247, 25.000, 14.525,  0.000,-23.077, 13.525, 13.800,  0.000, 14.825, 14.300,  0.525,  0.800,  1.000,  0.800,0.00000,  0.000,
mon_rep231013,2023-10-13T11:12:01,2013.670,  0.400,1,0,247, 25.000, 14.525,  0.000,-23.077, 13.525, 13.800,  0.000, 14.825, 14.300,  0.525,  0.800,  1.000,  0.800,0.00000,  0.000,
mon_rep231013,2023-10-13T11:12:02,2014.070,  0.400,1,0,247, 25.000, 14.525,  0.000,-23.077, 13.525, 13.800,  0.000, 14.825, 14.300,  0.525,  0.800,  1.000,  0.800,0.00000,  0.000,
mon_rep231013,2023-10-13T11:12:02,2014.470,  0.400,1,0,247, 25.000, 14.525,  0.000,-23.077, 13.525, 13.800,  0.000, 14.825, 14.300,  0.525,  0.800,  1.000,  0.800,0.00000,  0.000,
mon_rep231013,2023-10-13T11:12:02,2014.870,  0.400,1,0,247, 25.000, 14.525,  0.000,-23.077, 13.525, 13.800,  0.000, 14.825, 14.300,  0.525,  0.800,  1.000,  0.800,0.00000,  0.000,
mon_rep231013,2023-10-13T11:12:03,2015.270,  0.400,1,0,247, 25.000, 14.525,  0.000,-23.077, 13.525, 13.800,  0.000, 14.825, 14.300,  0.525,  0.800,  1.000,  0.800,0.00000,  0.000,
mon_rep231013,2023-10-13T11:12:03,2015.670,  0.400,1,0,247, 25.000, 14.525,  0.000,-23.077, 13.525, 13.800,  0.000, 14.825, 14.300,  0.525,  0.800,  1.000,  0.800,0.00000,  0.000,
mon_rep231013,2023-10-13T11:12:04,2016.070,  0.400,1,0,247, 25.000, 14.525,  0.000,-23.077, 13.525, 13.800,  0.000, 14.825, 14.300,  0.525,  0.800,  1.000,  0.800,0.00000,  0.000,
mon_rep231013,2023-10-13T11:12:04,2016.470,  0.400,1,0,247, 25.000, 14.525,  0.000,-23.077, 13.525, 13.800,  0.000, 14.825, 14.300,  0.525,  0.800,  1.000,  0.800,0.00000,  0.000,
mon_rep231013,2023-10-13T11:12:04,2016.870,  0.400,1,0,247, 25.000, 14.525,  0.000,-23.077, 13.525, 13.800,  0.000, 14.825, 14.300,  0.525,  0.800,  1.000,  0.800,0.00000,  0.000,
mon_rep231013,2023-10-13T11:12:05,2017.270,  0.400,1,0,247, 25.000, 14.525,  0.000,-23.077, 13.525, 13.800,  0.000, 14.825, 14.300,  0.525,  0.800,  1.000,  0.800,0.00000,  0.000,
mon_rep231013,2023-10-13T11:12:05,2017.670,  0.400,1,0,247, 25.000, 14.525,  0.000,-23.077, 13.525, 13.800,  0.000, 14.825, 14.300,  0.525,  0.800,  1.000,  0.800,0.00000,  0.000,
mon_rep231013,2023-10-13T11:12:06,2018.070,  0.400,1,0,247, 25.000, 14.525,  0.000,-23.077, 13.525, 13.800,  0.000, 14.825, 14.300,  0.525,  0.800,  1.000,  0.800,0.00000,  0.000,
mon_rep231013,2023-10-13T11:12:06,2018.470,  0.400,1,0,247, 25.000, 14.525,  0.000,-23.077, 13.525, 13.800,  0.000, 14.825, 14.300,  0.525,  0.800,  1.000,  0.800,0.00000,  0.000,
mon_rep231013,2023-10-13T11:12:06,2018.870,  0.400,1,0,247, 25.000, 14.525,  0.000,-23.077, 13.525, 13.800,  0.000, 14.825, 14.300,  0.525,  0.800,  1.000,  0.800,0.00000,  0.000,
mon_rep231013,2023-10-13T11:12:07,2019.270,  0.400,1,0,247, 25.000, 14.525,  0.000,-23.077, 13.525, 13.800,  0.000, 14.825, 14.300,  0.525,  0.800,  1.000,  0.800,0.00000,  0.000,
mon_rep231013,2023-10-13T11:12:07,2019.670,  0.400,1,0,247, 25.000, 14.525,  0.000,-23.077, 13.525, 13.800,  0.000, 14.825, 14.300,  0.525,  0.800,  1.000,  0.800,0.00000,  0.000,
mon_rep231013,2023-10-13T11:12:08,2020.070,  0.400,1,0,247, 25.000, 14.525,  0.000,-23.077, 13.525, 13.800,  0.000, 14.825, 14.300,  0.525,  0.800,  1.000,  0.800,0.00000,  0.000,
mon_rep231013,2023-10-13T11:12:08,2020.470,  0.400,1,0,247, 25.000, 14.525,  0.000,-23.077, 13.525, 13.800,  0.000, 14.825, 14.300,  0.525,  0.800,  1.000,  0.800,0.00000,  0.000,
mon_rep231013,2023-10-13T11:12:08,2020.870,  0.400,1,0,247, 25.000, 14.525,  0.000,-23.077, 13.525, 13.800,  0.000, 14.825, 14.300,  0.525,  0.800,  1.000,  0.800,0.00000,  0.000,
mon_rep231013,2023-10-13T11:12:09,2021.270,  0.400,1,0,247, 25.000, 14.525,  0.000,-23.077, 13.525, 13.800,  0.000, 14.825, 14.300,  0.525,  0.800,  1.000,  0.800,0.00000,  0.000,
mon_rep231013,2023-10-13T11:12:09,2021.670,  0.400,1,0,247, 25.000, 14.525,  0.000,-23.077, 13.525, 13.800,  0.000, 14.825, 14.300,  0.525,  0.800,  1.000,  0.800,0.00000,  0.000,
mon_rep231013,2023-10-13T11:12:10,2022.070,  0.400,1,0,247, 25.000, 14.525,  0.000,-23.077, 13.525, 13.800,  0.000, 14.825, 14.300,  0.525,  0.800,  1.000,  0.800,0.00000,  0.000,
mon_rep231013,2023-10-13T11:12:10,2022.470,  0.400,1,0,247, 25.000, 14.525,  0.000,-23.077, 13.525, 13.800,  0.000, 14.825, 14.300,  0.525,  0.800,  1.000,  0.800,0.00000,  0.000,
mon_rep231013,2023-10-13T11:12:10,2022.870,  0.400,1,0,247, 25.000, 14.525,  0.000,-23.077, 13.525, 13.800,  0.000, 14.825, 14.300,  0.525,  0.800,  1.000,  0.800,0.00000,  0.000,
mon_rep231013,2023-10-13T11:12:11,2023.270,  0.400,1,0,247, 25.000, 14.525,  0.000,-23.077, 13.525, 13.800,  0.000, 14.825, 14.300,  0.525,  0.800,  1.000,  0.800,0.00000,  0.000,
mon_rep231013,2023-10-13T11:12:11,2023.670,  0.400,1,0,247, 25.000, 14.525,  0.000,-23.077, 13.525, 13.800,  0.000, 14.825, 14.300,  0.525,  0.800,  1.000,  0.800,0.00000,  0.000,
mon_rep231013,2023-10-13T11:12:12,2024.070,  0.400,1,0,247, 25.000, 14.525,  0.000,-23.077, 13.525, 13.800,  0.000, 14.825, 14.300,  0.525,  0.800,  1.000,  0.800,0.00000,  0.000,
mon_rep231013,2023-10-13T11:12:12,2024.470,  0.400,1,0,247, 25.000, 14.525,  0.000,-23.077, 13.525, 13.800,  0.000, 14.825, 14.300,  0.525,  0.800,  1.000,  0.800,0.00000,  0.000,
mon_rep231013,2023-10-13T11:12:12,2024.870,  0.400,1,0,247, 25.000, 14.525,  0.000,-23.077, 13.525, 13.800,  0.000, 14.825, 14.300,  0.525,  0.800,  1.000,  0.800,0.00000,  0.000,
mon_rep231013,2023-10-13T11:12:13,2025.270,  0.400,1,0,247, 25.000, 14.525,  0.000,-23.077, 13.525, 13.800,  0.000, 14.825, 14.300,  0.525,  0.800,  1.000,  0.800,0.00000,  0.000,
mon_rep231013,2023-10-13T11:12:13,2025.670,  0.400,1,0,247, 25.000, 14.525,  0.000,-23.077, 13.525, 13.800,  0.000, 14.825, 14.300,  0.525,  0.800,  1.000,  0.800,0.00000,  0.000,
mon_rep231013,2023-10-13T11:12:14,2026.070,  0.400,1,0,247, 25.000, 14.525,  0.000,-23.077, 13.525, 13.800,  0.000, 14.825, 14.300,  0.525,  0.800,  1.000,  0.800,0.00000,  0.000,
mon_rep231013,2023-10-13T11:12:14,2026.470,  0.400,1,0,247, 25.000, 14.525,  0.000,-23.077, 13.525, 13.800,  0.000, 14.825, 14.300,  0.525,  0.800,  1.000,  0.800,0.00000,  0.000,
mon_rep231013,2023-10-13T11:12:14,2026.870,  0.400,1,0,247, 25.000, 14.525,  0.000,-23.077, 13.525, 13.800,  0.000, 14.825, 14.300,  0.525,  0.800,  1.000,  0.800,0.00000,  0.000,
mon_rep231013,2023-10-13T11:12:15,2027.270,  0.400,1,0,247, 25.000, 14.525,  0.000,-23.077, 13.525, 13.800,  0.000, 14.825, 14.300,  0.525,  0.800,  1.000,  0.800,0.00000,  0.000,
mon_rep231013,2023-10-13T11:12:15,2027.670,  0.400,1,0,247, 25.000, 14.525,  0.000,-23.077, 13.525, 13.800,  0.000, 14.825, 14.300,  0.525,  0.800,  1.000,  0.800,0.00000,  0.000,
mon_rep231013,2023-10-13T11:12:16,2028.070,  0.400,1,0,247, 25.000, 14.525,  0.000,-23.077, 13.525, 13.800,  0.000, 14.825, 14.300,  0.525,  0.800,  1.000,  0.800,0.00000,  0.000,
mon_rep231013,2023-10-13T11:12:16,2028.470,  0.400,1,0,247, 25.000, 14.525,  0.000,-23.077, 13.525, 13.800,  0.000, 14.825, 14.300,  0.525,  0.800,  1.000,  0.800,0.00000,  0.000,
mon_rep231013,2023-10-13T11:12:16,2028.870,  0.400,1,0,247, 25.000, 14.525,  0.000,-23.077, 13.525, 13.800,  0.000, 14.825, 14.300,  0.525,  0.800,  1.000,  0.800,0.00000,  0.000,
mon_rep231013,2023-10-13T11:12:17,2029.270,  0.400,1,0,247, 25.000, 14.525,  0.000,-23.077, 13.525, 13.800,  0.000, 14.825, 14.300,  0.525,  0.800,  1.000,  0.800,0.00000,  0.000,
mon_rep231013,2023-10-13T11:12:17,2029.670,  0.400,1,0,247, 25.000, 14.525,  0.000,-23.077, 13.525, 13.800,  0.000, 14.825, 14.300,  0.525,  0.800,  1.000,  0.800,0.00000,  0.000,
mon_rep231013,2023-10-13T11:12:18,2030.070,  0.400,1,0,247, 25.000, 14.525,  0.000,-23.077, 13.525, 13.800,  0.000, 14.825, 14.300,  0.525,  0.800,  1.000,  0.800,0.00000,  0.000,
mon_rep231013,2023-10-13T11:12:18,2030.470,  0.400,1,0,247, 25.000, 14.525,  0.000,-23.077, 13.525, 13.800,  0.000, 14.825, 14.300,  0.525,  0.800,  1.000,  0.800,0.00000,  0.000,
mon_rep231013,2023-10-13T11:12:18,2030.870,  0.400,1,0,247, 25.000, 14.525,  0.000,-23.077, 13.525, 13.800,  0.000, 14.825, 14.300,  0.525,  0.800,  1.000,  0.800,0.00000,  0.000,
mon_rep231013,2023-10-13T11:12:19,2031.270,  0.400,1,0,247, 25.000, 14.525,  0.000,-23.077, 13.525, 13.800,  0.000, 14.825, 14.300,  0.525,  0.800,  1.000,  0.800,0.00000,  0.000,
mon_rep231013,2023-10-13T11:12:19,2031.670,  0.400,1,0,247, 25.000, 14.525,  0.000,-23.077, 13.525, 13.800,  0.000, 14.825, 14.300,  0.525,  0.800,  1.000,  0.800,0.00000,  0.000,
mon_rep231013,2023-10-13T11:12:20,2032.070,  0.400,1,0,247, 25.000, 14.525,  0.000,-23.077, 13.525, 13.800,  0.000, 14.825, 14.300,  0.525,  0.800,  1.000,  0.800,0.00000,  0.000,
mon_rep231013,2023-10-13T11:12:20,2032.470,  0.400,1,0,247, 25.000, 14.525,  0.000,-23.077, 13.525, 13.800,  0.000, 14.825, 14.300,  0.525,  0.800,  1.000,  0.800,0.00000,  0.000,
mon_rep231013,2023-10-13T11:12:20,2032.870,  0.400,1,0,247, 25.000, 14.525,  0.000,-23.077, 13.525, 13.800,  0.000, 14.825, 14.300,  0.525,  0.800,  1.000,  0.800,0.00000,  0.000,
mon_rep231013,2023-10-13T11:12:21,2033.270,  0.400,1,0,247, 25.000, 14.525,  0.000,-23.077, 13.525, 13.800,  0.000, 14.825, 14.300,  0.525,  0.800,  1.000,  0.800,0.00000,  0.000,
mon_rep231013,2023-10-13T11:12:21,2033.670,  0.400,1,0,247, 25.000, 14.525,  0.000,-23.077, 13.525, 13.800,  0.000, 14.825, 14.300,  0.525,  0.800,  1.000,  0.800,0.00000,  0.000,
mon_rep231013,2023-10-13T11:12:22,2034.070,  0.400,1,0,247, 25.000, 14.525,  0.000,-23.077, 13.525, 13.800,  0.000, 14.825, 14.300,  0.525,  0.800,  1.000,  0.800,0.00000,  0.000,
mon_rep231013,2023-10-13T11:12:22,2034.470,  0.400,1,0,247, 25.000, 14.525,  0.000,-23.077, 13.525, 13.800,  0.000, 14.825, 14.300,  0.525,  0.800,  1.000,  0.800,0.00000,  0.000,
mon_rep231013,2023-10-13T11:12:22,2034.870,  0.400,1,0,247, 25.000, 14.525,  0.000,-23.077, 13.525, 13.800,  0.000, 14.825, 14.300,  0.525,  0.800,  1.000,  0.800,0.00000,  0.000,
mon_rep231013,2023-10-13T11:12:23,2035.270,  0.400,1,0,247, 25.000, 14.525,  0.000,-23.077, 13.525, 13.800,  0.000, 14.825, 14.300,  0.525,  0.800,  1.000,  0.800,0.00000,  0.000,
mon_rep231013,2023-10-13T11:12:23,2035.670,  0.400,1,0,247, 25.000, 14.525,  0.000,-23.077, 13.525, 13.800,  0.000, 14.825, 14.300,  0.525,  0.800,  1.000,  0.800,0.00000,  0.000,
mon_rep231013,2023-10-13T11:12:24,2036.070,  0.400,1,0,247, 25.000, 14.525,  0.000,-23.077, 13.525, 13.800,  0.000, 14.825, 14.300,  0.525,  0.800,  1.000,  0.800,0.00000,  0.000,
mon_rep231013,2023-10-13T11:12:24,2036.470,  0.400,1,0,247, 25.000, 14.525,  0.000,-23.077, 13.525, 13.800,  0.000, 14.825, 14.300,  0.525,  0.800,  1.000,  0.800,0.00000,  0.000,
mon_rep231013,2023-10-13T11:12:24,2036.870,  0.400,1,0,247, 25.000, 14.525,  0.000,-23.077, 13.525, 13.800,  0.000, 14.825, 14.300,  0.525,  0.800,  1.000,  0.800,0.00000,  0.000,
mon_rep231013,2023-10-13T11:12:25,2037.270,  0.400,1,0,247, 25.000, 14.525,  0.000,-23.077, 13.525, 13.800,  0.000, 14.825, 14.300,  0.525,  0.800,  1.000,  0.800,0.00000,  0.000,
mon_rep231013,2023-10-13T11:12:25,2037.670,  0.400,1,0,247, 25.000, 14.525,  0.000,-23.077, 13.525, 13.800,  0.000, 14.825, 14.300,  0.525,  0.800,  1.000,  0.800,0.00000,  0.000,
mon_rep231013,2023-10-13T11:12:26,2038.070,  0.400,1,0,247, 25.000, 14.525,  0.000,-23.077, 13.525, 13.800,  0.000, 14.825, 14.300,  0.525,  0.800,  1.000,  0.800,0.00000,  0.000,
mon_rep231013,2023-10-13T11:12:26,2038.470,  0.400,1,0,247, 25.000, 14.525,  0.000,-23.077, 13.525, 13.800,  0.000, 14.825, 14.300,  0.525,  0.800,  1.000,  0.800,0.00000,  0.000,
mon_rep231013,2023-10-13T11:12:26,2038.870,  0.400,1,0,247, 25.000, 14.525,  0.000,-23.077, 13.525, 13.800,  0.000, 14.825, 14.300,  0.525,  0.800,  1.000,  0.800,0.00000,  0.000,
mon_rep231013,2023-10-13T11:12:27,2039.270,  0.400,1,0,247, 25.000, 14.525,  0.000,-23.077, 13.525, 13.800,  0.000, 14.825, 14.300,  0.525,  0.800,  1.000,  0.800,0.00000,  0.000,
mon_rep231013,2023-10-13T11:12:27,2039.670,  0.400,1,0,247, 25.000, 14.525,  0.000,-23.077, 13.525, 13.800,  0.000, 14.825, 14.300,  0.525,  0.800,  1.000,  0.800,0.00000,  0.000,
mon_rep231013,2023-10-13T11:12:28,2040.070,  0.400,1,0,247, 25.000, 14.525,  0.000,-23.077, 13.525, 13.800,  0.000, 14.825, 14.300,  0.525,  0.800,  1.000,  0.800,0.00000,  0.000,
mon_rep231013,2023-10-13T11:12:28,2040.470,  0.400,1,0,247, 25.000, 14.525,  0.000,-23.077, 13.525, 13.800,  0.000, 14.825, 14.300,  0.525,  0.800,  1.000,  0.800,0.00000,  0.000,
mon_rep231013,2023-10-13T11:12:28,2040.870,  0.400,1,0,247, 25.000, 14.525,  0.000,-23.077, 13.525, 13.800,  0.000, 14.825, 14.300,  0.525,  0.800,  1.000,  0.800,0.00000,  0.000,
mon_rep231013,2023-10-13T11:12:29,2041.270,  0.400,1,0,247, 25.000, 14.525,  0.000,-23.077, 13.525, 13.800,  0.000, 14.825, 14.300,  0.525,  0.800,  1.000,  0.800,0.00000,  0.000,
mon_rep231013,2023-10-13T11:12:29,2041.670,  0.400,1,0,247, 25.000, 14.525,  0.000,-23.077, 13.525, 13.800,  0.000, 14.825, 14.300,  0.525,  0.800,  1.000,  0.800,0.00000,  0.000,
mon_rep231013,2023-10-13T11:12:30,2042.070,  0.400,1,0,247, 25.000, 14.525,  0.000,-23.077, 13.525, 13.800,  0.000, 14.825, 14.300,  0.525,  0.800,  1.000,  0.800,0.00000,  0.000,
mon_rep231013,2023-10-13T11:12:30,2042.470,  0.400,1,0,247, 25.000, 14.525,  0.000,-23.077, 13.525, 13.800,  0.000, 14.825, 14.300,  0.525,  0.800,  1.000,  0.800,0.00000,  0.000,
mon_rep231013,2023-10-13T11:12:30,2042.870,  0.400,1,0,247, 25.000, 14.525,  0.000,-23.077, 13.525, 13.800,  0.000, 14.825, 14.300,  0.525,  0.800,  1.000,  0.800,0.00000,  0.000,
mon_rep231013,2023-10-13T11:12:31,2043.270,  0.400,1,0,247, 25.000, 14.525,  0.000,-23.077, 13.525, 13.800,  0.000, 14.825, 14.300,  0.525,  0.800,  1.000,  0.800,0.00000,  0.000,
mon_rep231013,2023-10-13T11:12:31,2043.670,  0.400,1,0,247, 25.000, 14.525,  0.000,-23.077, 13.525, 13.800,  0.000, 14.825, 14.300,  0.525,  0.800,  1.000,  0.800,0.00000,  0.000,
mon_rep231013,2023-10-13T11:12:32,2044.070,  0.400,1,0,247, 25.000, 14.525,  0.000,-23.077, 13.525, 13.800,  0.000, 14.825, 14.300,  0.525,  0.800,  1.000,  0.800,0.00000,  0.000,
mon_rep231013,2023-10-13T11:12:32,2044.470,  0.400,1,0,247, 25.000, 14.525,  0.000,-23.077, 13.525, 13.800,  0.000, 14.825, 14.300,  0.525,  0.800,  1.000,  0.800,0.00000,  0.000,
mon_rep231013,2023-10-13T11:12:32,2044.870,  0.400,1,0,247, 25.000, 14.525,  0.000,-23.077, 13.525, 13.800,  0.000, 14.825, 14.300,  0.525,  0.800,  1.000,  0.800,0.00000,  0.000,
mon_rep231013,2023-10-13T11:12:33,2045.270,  0.400,1,0,247, 25.000, 14.525,  0.000,-23.077, 13.525, 13.800,  0.000, 14.825, 14.300,  0.525,  0.800,  1.000,  0.800,0.00000,  0.000,
mon_rep231013,2023-10-13T11:12:33,2045.670,  0.400,1,0,247, 25.000, 14.525,  0.000,-23.077, 13.525, 13.800,  0.000, 14.825, 14.300,  0.525,  0.800,  1.000,  0.800,0.00000,  0.000,
mon_rep231013,2023-10-13T11:12:34,2046.070,  0.400,1,0,247, 25.000, 14.525,  0.000,-23.077, 13.525, 13.800,  0.000, 14.825, 14.300,  0.525,  0.800,  1.000,  0.800,0.00000,  0.000,
mon_rep231013,2023-10-13T11:12:34,2046.470,  0.400,1,0,247, 25.000, 14.525,  0.000,-23.077, 13.525, 13.800,  0.000, 14.825, 14.300,  0.525,  0.800,  1.000,  0.800,0.00000,  0.000,
mon_rep231013,2023-10-13T11:12:34,2046.870,  0.400,1,0,247, 25.000, 14.525,  0.000,-23.077, 13.525, 13.800,  0.000, 14.825, 14.300,  0.525,  0.800,  1.000,  0.800,0.00000,  0.000,
mon_rep231013,2023-10-13T11:12:35,2047.270,  0.400,1,0,247, 25.000, 14.525,  0.000,-23.077, 13.525, 13.800,  0.000, 14.825, 14.300,  0.525,  0.800,  1.000,  0.800,0.00000,  0.000,
mon_rep231013,2023-10-13T11:12:35,2047.670,  0.400,1,0,247, 25.000, 14.525,  0.000,-23.077, 13.525, 13.800,  0.000, 14.825, 14.300,  0.525,  0.800,  1.000,  0.800,0.00000,  0.000,
mon_rep231013,2023-10-13T11:12:36,2048.070,  0.400,1,0,247, 25.000, 14.525,  0.000,-23.077, 13.525, 13.800,  0.000, 14.825, 14.300,  0.525,  0.800,  1.000,  0.800,0.00000,  0.000,
mon_rep231013,2023-10-13T11:12:36,2048.470,  0.400,1,0,247, 25.000, 14.525,  0.000,-23.077, 13.525, 13.800,  0.000, 14.825, 14.300,  0.525,  0.800,  1.000,  0.800,0.00000,  0.000,
mon_rep231013,2023-10-13T11:12:36,2048.870,  0.400,1,0,247, 25.000, 14.525,  0.000,-23.077, 13.525, 13.800,  0.000, 14.825, 14.300,  0.525,  0.800,  1.000,  0.800,0.00000,  0.000,
mon_rep231013,2023-10-13T11:12:37,2049.270,  0.400,1,0,247, 25.000, 14.525,  0.000,-23.077, 13.525, 13.800,  0.000, 14.825, 14.300,  0.525,  0.800,  1.000,  0.800,0.00000,  0.000,
mon_rep231013,2023-10-13T11:12:37,2049.670,  0.400,1,0,247, 25.000, 14.525,  0.000,-23.077, 13.525, 13.800,  0.000, 14.825, 14.300,  0.525,  0.800,  1.000,  0.800,0.00000,  0.000,
mon_rep231013,2023-10-13T11:12:38,2050.070,  0.400,1,0,247, 25.000, 14.525,  0.000,-23.077, 13.525, 13.800,  0.000, 14.825, 14.300,  0.525,  0.800,  1.000,  0.800,0.00000,  0.000,
mon_rep231013,2023-10-13T11:12:38,2050.470,  0.400,1,0,247, 25.000, 14.525,  0.000,-23.077, 13.525, 13.800,  0.000, 14.825, 14.300,  0.525,  0.800,  1.000,  0.800,0.00000,  0.000,
mon_rep231013,2023-10-13T11:12:38,2050.870,  0.400,1,0,247, 25.000, 14.525,  0.000,-23.077, 13.525, 13.800,  0.000, 14.825, 14.300,  0.525,  0.800,  1.000,  0.800,0.00000,  0.000,
mon_rep231013,2023-10-13T11:12:39,2051.270,  0.400,1,0,247, 25.000, 14.525,  0.000,-23.077, 13.525, 13.800,  0.000, 14.825, 14.300,  0.525,  0.800,  1.000,  0.800,0.00000,  0.000,
mon_rep231013,2023-10-13T11:12:39,2051.670,  0.400,1,0,247, 25.000, 14.525,  0.000,-23.077, 13.525, 13.800,  0.000, 14.825, 14.300,  0.525,  0.800,  1.000,  0.800,0.00000,  0.000,
mon_rep231013,2023-10-13T11:12:40,2052.070,  0.400,1,0,247, 25.000, 14.525,  0.000,-23.077, 13.525, 13.800,  0.000, 14.825, 14.300,  0.525,  0.800,  1.000,  0.800,0.00000,  0.000,
mon_rep231013,2023-10-13T11:12:40,2052.470,  0.400,1,0,247, 25.000, 14.525,  0.000,-23.077, 13.525, 13.800,  0.000, 14.825, 14.300,  0.525,  0.800,  1.000,  0.800,0.00000,  0.000,
mon_rep231013,2023-10-13T11:12:40,2052.870,  0.400,1,0,247, 25.000, 14.525,  0.000,-23.077, 13.525, 13.800,  0.000, 14.825, 14.300,  0.525,  0.800,  1.000,  0.800,0.00000,  0.000,
mon_rep231013,2023-10-13T11:12:41,2053.270,  0.400,1,0,247, 25.000, 14.525,  0.000,-23.077, 13.525, 13.800,  0.000, 14.825, 14.300,  0.525,  0.800,  1.000,  0.800,0.00000,  0.000,
mon_rep231013,2023-10-13T11:12:41,2053.670,  0.400,1,0,247, 25.000, 14.525,  0.000,-23.077, 13.525, 13.800,  0.000, 14.825, 14.300,  0.525,  0.800,  1.000,  0.800,0.00000,  0.000,
mon_rep231013,2023-10-13T11:12:42,2054.070,  0.400,1,0,247, 25.000, 14.525,  0.000,-23.077, 13.525, 13.800,  0.000, 14.825, 14.300,  0.525,  0.800,  1.000,  0.800,0.00000,  0.000,
mon_rep231013,2023-10-13T11:12:42,2054.470,  0.400,1,0,247, 25.000, 14.525,  0.000,-23.077, 13.525, 13.800,  0.000, 14.825, 14.300,  0.525,  0.800,  1.000,  0.800,0.00000,  0.000,
mon_rep231013,2023-10-13T11:12:42,2054.870,  0.400,1,0,247, 25.000, 14.525,  0.000,-23.077, 13.525, 13.800,  0.000, 14.825, 14.300,  0.525,  0.800,  1.000,  0.800,0.00000,  0.000,
mon_rep231013,2023-10-13T11:12:43,2055.270,  0.400,1,0,247, 25.000, 14.525,  0.000,-23.077, 13.525, 13.800,  0.000, 14.825, 14.300,  0.525,  0.800,  1.000,  0.800,0.00000,  0.000,
mon_rep231013,2023-10-13T11:12:43,2055.670,  0.400,1,0,247, 25.000, 14.525,  0.000,-23.077, 13.525, 13.800,  0.000, 14.825, 14.300,  0.525,  0.800,  1.000,  0.800,0.00000,  0.000,
mon_rep231013,2023-10-13T11:12:44,2056.070,  0.400,1,0,247, 25.000, 14.525,  0.000,-23.077, 13.525, 13.800,  0.000, 14.825, 14.300,  0.525,  0.800,  1.000,  0.800,0.00000,  0.000,
mon_rep231013,2023-10-13T11:12:44,2056.470,  0.400,1,0,247, 25.000, 14.525,  0.000,-23.077, 13.525, 13.800,  0.000, 14.825, 14.300,  0.525,  0.800,  1.000,  0.800,0.00000,  0.000,
mon_rep231013,2023-10-13T11:12:44,2056.870,  0.400,1,0,247, 25.000, 14.525,  0.000,-23.077, 13.525, 13.800,  0.000, 14.825, 14.300,  0.525,  0.800,  1.000,  0.800,0.00000,  0.000,
mon_rep231013,2023-10-13T11:12:45,2057.270,  0.400,1,0,247, 25.000, 14.525,  0.000,-23.077, 13.525, 13.800,  0.000, 14.825, 14.300,  0.525,  0.800,  1.000,  0.800,0.00000,  0.000,
mon_rep231013,2023-10-13T11:12:45,2057.670,  0.400,1,0,247, 25.000, 14.525,  0.000,-23.077, 13.525, 13.800,  0.000, 14.825, 14.300,  0.525,  0.800,  1.000,  0.800,0.00000,  0.000,
mon_rep231013,2023-10-13T11:12:46,2058.070,  0.400,1,0,247, 25.000, 14.525,  0.000,-23.077, 13.525, 13.800,  0.000, 14.825, 14.300,  0.525,  0.800,  1.000,  0.800,0.00000,  0.000,
mon_rep231013,2023-10-13T11:12:46,2058.470,  0.400,1,0,247, 25.000, 14.525,  0.000,-23.077, 13.525, 13.800,  0.000, 14.825, 14.300,  0.525,  0.800,  1.000,  0.800,0.00000,  0.000,
mon_rep231013,2023-10-13T11:12:46,2058.870,  0.400,1,0,247, 25.000, 14.525,  0.000,-23.077, 13.525, 13.800,  0.000, 14.825, 14.300,  0.525,  0.800,  1.000,  0.800,0.00000,  0.000,
mon_rep231013,2023-10-13T11:12:47,2059.270,  0.400,1,0,247, 25.000, 14.525,  0.000,-23.077, 13.525, 13.800,  0.000, 14.825, 14.300,  0.525,  0.800,  1.000,  0.800,0.00000,  0.000,
mon_rep231013,2023-10-13T11:12:47,2059.670,  0.400,1,0,247, 25.000, 14.525,  0.000,-23.077, 13.525, 13.800,  0.000, 14.825, 14.300,  0.525,  0.800,  1.000,  0.800,0.00000,  0.000,
mon_rep231013,2023-10-13T11:12:48,2060.070,  0.400,1,0,247, 25.000, 14.525,  0.000,-23.077, 13.525, 13.800,  0.000, 14.825, 14.300,  0.525,  0.800,  1.000,  0.800,0.00000,  0.000,
mon_rep231013,2023-10-13T11:12:48,2060.470,  0.400,1,0,247, 25.000, 14.525,  0.000,-23.077, 13.525, 13.800,  0.000, 14.825, 14.300,  0.525,  0.800,  1.000,  0.800,0.00000,  0.000,
mon_rep231013,2023-10-13T11:12:48,2060.870,  0.400,1,0,247, 25.000, 14.525,  0.000,-23.077, 13.525, 13.800,  0.000, 14.825, 14.300,  0.525,  0.800,  1.000,  0.800,0.00000,  0.000,
mon_rep231013,2023-10-13T11:12:49,2061.270,  0.400,1,0,247, 25.000, 14.525,  0.000,-23.077, 13.525, 13.800,  0.000, 14.825, 14.300,  0.525,  0.800,  1.000,  0.800,0.00000,  0.000,
mon_rep231013,2023-10-13T11:12:49,2061.670,  0.400,1,0,247, 25.000, 14.525,  0.000,-23.077, 13.525, 13.800,  0.000, 14.825, 14.300,  0.525,  0.800,  1.000,  0.800,0.00000,  0.000,
mon_rep231013,2023-10-13T11:12:50,2062.070,  0.400,1,0,247, 25.000, 14.525,  0.000,-23.077, 13.525, 13.800,  0.000, 14.825, 14.300,  0.525,  0.800,  1.000,  0.800,0.00000,  0.000,
mon_rep231013,2023-10-13T11:12:50,2062.470,  0.400,1,0,247, 25.000, 14.525,  0.000,-23.077, 13.525, 13.800,  0.000, 14.825, 14.300,  0.525,  0.800,  1.000,  0.800,0.00000,  0.000,
mon_rep231013,2023-10-13T11:12:50,2062.870,  0.400,1,0,247, 25.000, 14.525,  0.000,-23.077, 13.525, 13.800,  0.000, 14.825, 14.300,  0.525,  0.800,  1.000,  0.800,0.00000,  0.000,
mon_rep231013,2023-10-13T11:12:51,2063.270,  0.400,1,0,247, 25.000, 14.525,  0.000,-23.077, 13.525, 13.800,  0.000, 14.825, 14.300,  0.525,  0.800,  1.000,  0.800,0.00000,  0.000,
mon_rep231013,2023-10-13T11:12:51,2063.670,  0.400,1,0,247, 25.000, 14.525,  0.000,-23.077, 13.525, 13.800,  0.000, 14.825, 14.300,  0.525,  0.800,  1.000,  0.800,0.00000,  0.000,
mon_rep231013,2023-10-13T11:12:52,2064.070,  0.400,1,0,247, 25.000, 14.525,  0.000,-23.077, 13.525, 13.800,  0.000, 14.825, 14.300,  0.525,  0.800,  1.000,  0.800,0.00000,  0.000,
mon_rep231013,2023-10-13T11:12:52,2064.470,  0.400,1,0,247, 25.000, 14.525,  0.000,-23.077, 13.525, 13.800,  0.000, 14.825, 14.300,  0.525,  0.800,  1.000,  0.800,0.00000,  0.000,
mon_rep231013,2023-10-13T11:12:52,2064.870,  0.400,1,0,247, 25.000, 14.525,  0.000,-23.077, 13.525, 13.800,  0.000, 14.825, 14.300,  0.525,  0.800,  1.000,  0.800,0.00000,  0.000,
mon_rep231013,2023-10-13T11:12:53,2065.270,  0.400,1,0,247, 25.000, 14.525,  0.000,-23.077, 13.525, 13.800,  0.000, 14.825, 14.300,  0.525,  0.800,  1.000,  0.800,0.00000,  0.000,
mon_rep231013,2023-10-13T11:12:53,2065.670,  0.400,1,0,247, 25.000, 14.525,  0.000,-23.077, 13.525, 13.800,  0.000, 14.825, 14.300,  0.525,  0.800,  1.000,  0.800,0.00000,  0.000,
mon_rep231013,2023-10-13T11:12:54,2066.070,  0.400,1,0,247, 25.000, 14.525,  0.000,-23.077, 13.525, 13.800,  0.000, 14.825, 14.300,  0.525,  0.800,  1.000,  0.800,0.00000,  0.000,
mon_rep231013,2023-10-13T11:12:54,2066.470,  0.400,1,0,247, 25.000, 14.525,  0.000,-23.077, 13.525, 13.800,  0.000, 14.825, 14.300,  0.525,  0.800,  1.000,  0.800,0.00000,  0.000,
mon_rep231013,2023-10-13T11:12:54,2066.870,  0.400,1,0,247, 25.000, 14.525,  0.000,-23.077, 13.525, 13.800,  0.000, 14.825, 14.300,  0.525,  0.800,  1.000,  0.800,0.00000,  0.000,
mon_rep231013,2023-10-13T11:12:55,2067.270,  0.400,1,0,247, 25.000, 14.525,  0.000,-23.077, 13.525, 13.800,  0.000, 14.825, 14.300,  0.525,  0.800,  1.000,  0.800,0.00000,  0.000,
mon_rep231013,2023-10-13T11:12:55,2067.670,  0.400,1,0,247, 25.000, 14.525,  0.000,-23.077, 13.525, 13.800,  0.000, 14.825, 14.300,  0.525,  0.800,  1.000,  0.800,0.00000,  0.000,
mon_rep231013,2023-10-13T11:12:56,2068.070,  0.400,1,0,247, 25.000, 14.525,  0.000,-23.077, 13.525, 13.800,  0.000, 14.825, 14.300,  0.525,  0.800,  1.000,  0.800,0.00000,  0.000,
mon_rep231013,2023-10-13T11:12:56,2068.470,  0.400,1,0,247, 25.000, 14.525,  0.000,-23.077, 13.525, 13.800,  0.000, 14.825, 14.300,  0.525,  0.800,  1.000,  0.800,0.00000,  0.000,
mon_rep231013,2023-10-13T11:12:56,2068.870,  0.400,1,0,247, 25.000, 14.525,  0.000,-23.077, 13.525, 13.800,  0.000, 14.825, 14.300,  0.525,  0.800,  1.000,  0.800,0.00000,  0.000,
mon_rep231013,2023-10-13T11:12:57,2069.270,  0.400,1,0,247, 25.000, 14.525,  0.000,-23.077, 13.525, 13.800,  0.000, 14.825, 14.300,  0.525,  0.800,  1.000,  0.800,0.00000,  0.000,
mon_rep231013,2023-10-13T11:12:57,2069.670,  0.400,1,0,247, 25.000, 14.525,  0.000,-23.077, 13.525, 13.800,  0.000, 14.825, 14.300,  0.525,  0.800,  1.000,  0.800,0.00000,  0.000,
mon_rep231013,2023-10-13T11:12:58,2070.070,  0.400,1,0,247, 25.000, 14.525,  0.000,-23.077, 13.525, 13.800,  0.000, 14.825, 14.300,  0.525,  0.800,  1.000,  0.800,0.00000,  0.000,
mon_rep231013,2023-10-13T11:12:58,2070.470,  0.400,1,0,247, 25.000, 14.525,  0.000,-23.077, 13.525, 13.800,  0.000, 14.825, 14.300,  0.525,  0.800,  1.000,  0.800,0.00000,  0.000,
mon_rep231013,2023-10-13T11:12:58,2070.870,  0.400,1,0,247, 25.000, 14.525,  0.000,-23.077, 13.525, 13.800,  0.000, 14.825, 14.300,  0.525,  0.800,  1.000,  0.800,0.00000,  0.000,
mon_rep231013,2023-10-13T11:12:59,2071.270,  0.400,1,0,247, 25.000, 14.525,  0.000,-23.077, 13.525, 13.800,  0.000, 14.825, 14.300,  0.525,  0.800,  1.000,  0.800,0.00000,  0.000,
mon_rep231013,2023-10-13T11:12:59,2071.670,  0.400,1,0,247, 25.000, 14.525,  0.000,-23.077, 13.525, 13.800,  0.000, 14.825, 14.300,  0.525,  0.800,  1.000,  0.800,0.00000,  0.000,
mon_rep231013,2023-10-13T11:13:00,2072.070,  0.400,1,0,247, 25.000, 14.525,  0.000,-23.077, 13.525, 13.800,  0.000, 14.825, 14.300,  0.525,  0.800,  1.000,  0.800,0.00000,  0.000,
mon_rep231013,2023-10-13T11:13:00,2072.470,  0.400,1,0,247, 25.000, 14.525,  0.000,-23.077, 13.525, 13.800,  0.000, 14.825, 14.300,  0.525,  0.800,  1.000,  0.800,0.00000,  0.000,
mon_rep231013,2023-10-13T11:13:00,2072.870,  0.400,1,0,247, 25.000, 14.525,  0.000,-23.077, 13.525, 13.800,  0.000, 14.825, 14.300,  0.525,  0.800,  1.000,  0.800,0.00000,  0.000,
mon_rep231013,2023-10-13T11:13:01,2073.270,  0.400,1,0,247, 25.000, 14.525,  0.000,-23.077, 13.525, 13.800,  0.000, 14.825, 14.300,  0.525,  0.800,  1.000,  0.800,0.00000,  0.000,
mon_rep231013,2023-10-13T11:13:01,2073.670,  0.400,1,0,247, 25.000, 14.525,  0.000,-23.077, 13.525, 13.800,  0.000, 14.825, 14.300,  0.525,  0.800,  1.000,  0.800,0.00000,  0.000,
mon_rep231013,2023-10-13T11:13:02,2074.070,  0.400,1,0,247, 25.000, 14.525,  0.000,-23.077, 13.525, 13.800,  0.000, 14.825, 14.300,  0.525,  0.800,  1.000,  0.800,0.00000,  0.000,
mon_rep231013,2023-10-13T11:13:02,2074.470,  0.400,1,0,247, 25.000, 14.525,  0.000,-23.077, 13.525, 13.800,  0.000, 14.825, 14.300,  0.525,  0.800,  1.000,  0.800,0.00000,  0.000,
mon_rep231013,2023-10-13T11:13:02,2074.870,  0.400,1,0,247, 25.000, 14.525,  0.000,-23.077, 13.525, 13.800,  0.000, 14.825, 14.300,  0.525,  0.800,  1.000,  0.800,0.00000,  0.000,
mon_rep231013,2023-10-13T11:13:03,2075.270,  0.400,1,0,247, 25.000, 14.525,  0.000,-23.077, 13.525, 13.800,  0.000, 14.825, 14.300,  0.525,  0.800,  1.000,  0.800,0.00000,  0.000,
mon_rep231013,2023-10-13T11:13:03,2075.670,  0.400,1,0,247, 25.000, 14.525,  0.000,-23.077, 13.525, 13.800,  0.000, 14.825, 14.300,  0.525,  0.800,  1.000,  0.800,0.00000,  0.000,
mon_rep231013,2023-10-13T11:13:04,2076.070,  0.400,1,0,247, 25.000, 14.525,  0.000,-23.077, 13.525, 13.800,  0.000, 14.825, 14.300,  0.525,  0.800,  1.000,  0.800,0.00000,  0.000,
mon_rep231013,2023-10-13T11:13:04,2076.470,  0.400,1,0,247, 25.000, 14.525,  0.000,-23.077, 13.525, 13.800,  0.000, 14.825, 14.300,  0.525,  0.800,  1.000,  0.800,0.00000,  0.000,
mon_rep231013,2023-10-13T11:13:04,2076.870,  0.400,1,0,247, 25.000, 14.525,  0.000,-23.077, 13.525, 13.800,  0.000, 14.825, 14.300,  0.525,  0.800,  1.000,  0.800,0.00000,  0.000,
mon_rep231013,2023-10-13T11:13:05,2077.270,  0.400,1,0,247, 25.000, 14.525,  0.000,-23.077, 13.525, 13.800,  0.000, 14.825, 14.300,  0.525,  0.800,  1.000,  0.800,0.00000,  0.000,
mon_rep231013,2023-10-13T11:13:05,2077.670,  0.400,1,0,247, 25.000, 14.525,  0.000,-23.077, 13.525, 13.800,  0.000, 14.825, 14.300,  0.525,  0.800,  1.000,  0.800,0.00000,  0.000,
mon_rep231013,2023-10-13T11:13:06,2078.070,  0.400,1,0,247, 25.000, 14.525,  0.000,-23.077, 13.525, 13.800,  0.000, 14.825, 14.300,  0.525,  0.800,  1.000,  0.800,0.00000,  0.000,
mon_rep231013,2023-10-13T11:13:06,2078.470,  0.400,1,0,247, 25.000, 14.525,  0.000,-23.077, 13.525, 13.800,  0.000, 14.825, 14.300,  0.525,  0.800,  1.000,  0.800,0.00000,  0.000,
mon_rep231013,2023-10-13T11:13:06,2078.870,  0.400,1,0,247, 25.000, 14.525,  0.000,-23.077, 13.525, 13.800,  0.000, 14.825, 14.300,  0.525,  0.800,  1.000,  0.800,0.00000,  0.000,
mon_rep231013,2023-10-13T11:13:07,2079.270,  0.400,1,0,247, 25.000, 14.525,  0.000,-23.077, 13.525, 13.800,  0.000, 14.825, 14.300,  0.525,  0.800,  1.000,  0.800,0.00000,  0.000,
mon_rep231013,2023-10-13T11:13:07,2079.670,  0.400,1,0,247, 25.000, 14.525,  0.000,-23.077, 13.525, 13.800,  0.000, 14.825, 14.300,  0.525,  0.800,  1.000,  0.800,0.00000,  0.000,
mon_rep231013,2023-10-13T11:13:08,2080.070,  0.400,1,0,247, 25.000, 14.525,  0.000,-23.077, 13.525, 13.800,  0.000, 14.825, 14.300,  0.525,  0.800,  1.000,  0.800,0.00000,  0.000,
mon_rep231013,2023-10-13T11:13:08,2080.470,  0.400,1,0,247, 25.000, 14.525,  0.000,-23.077, 13.525, 13.800,  0.000, 14.825, 14.300,  0.525,  0.800,  1.000,  0.800,0.00000,  0.000,
mon_rep231013,2023-10-13T11:13:08,2080.870,  0.400,1,0,247, 25.000, 14.525,  0.000,-23.077, 13.525, 13.800,  0.000, 14.825, 14.300,  0.525,  0.800,  1.000,  0.800,0.00000,  0.000,
mon_rep231013,2023-10-13T11:13:09,2081.270,  0.400,1,0,247, 25.000, 14.525,  0.000,-23.077, 13.525, 13.800,  0.000, 14.825, 14.300,  0.525,  0.800,  1.000,  0.800,0.00000,  0.000,
mon_rep231013,2023-10-13T11:13:09,2081.670,  0.400,1,0,247, 25.000, 14.525,  0.000,-23.077, 13.525, 13.800,  0.000, 14.825, 14.300,  0.525,  0.800,  1.000,  0.800,0.00000,  0.000,
mon_rep231013,2023-10-13T11:13:10,2082.070,  0.400,1,0,247, 25.000, 14.525,  0.000,-23.077, 13.525, 13.800,  0.000, 14.825, 14.300,  0.525,  0.800,  1.000,  0.800,0.00000,  0.000,
mon_rep231013,2023-10-13T11:13:10,2082.470,  0.400,1,0,247, 25.000, 14.525,  0.000,-23.077, 13.525, 13.800,  0.000, 14.825, 14.300,  0.525,  0.800,  1.000,  0.800,0.00000,  0.000,
mon_rep231013,2023-10-13T11:13:10,2082.870,  0.400,1,0,247, 25.000, 14.525,  0.000,-23.077, 13.525, 13.800,  0.000, 14.825, 14.300,  0.525,  0.800,  1.000,  0.800,0.00000,  0.000,
mon_rep231013,2023-10-13T11:13:11,2083.270,  0.400,1,0,247, 25.000, 14.525,  0.000,-23.077, 13.525, 13.800,  0.000, 14.825, 14.300,  0.525,  0.800,  1.000,  0.800,0.00000,  0.000,
mon_rep231013,2023-10-13T11:13:11,2083.670,  0.400,1,0,247, 25.000, 14.525,  0.000,-23.077, 13.525, 13.800,  0.000, 14.825, 14.300,  0.525,  0.800,  1.000,  0.800,0.00000,  0.000,
mon_rep231013,2023-10-13T11:13:12,2084.070,  0.400,1,0,247, 25.000, 14.525,  0.000,-23.077, 13.525, 13.800,  0.000, 14.825, 14.300,  0.525,  0.800,  1.000,  0.800,0.00000,  0.000,
mon_rep231013,2023-10-13T11:13:12,2084.470,  0.400,1,0,247, 25.000, 14.525,  0.000,-23.077, 13.525, 13.800,  0.000, 14.825, 14.300,  0.525,  0.800,  1.000,  0.800,0.00000,  0.000,
mon_rep231013,2023-10-13T11:13:12,2084.870,  0.400,1,0,247, 25.000, 14.525,  0.000,-23.077, 13.525, 13.800,  0.000, 14.825, 14.300,  0.525,  0.800,  1.000,  0.800,0.00000,  0.000,
mon_rep231013,2023-10-13T11:13:13,2085.270,  0.400,1,0,247, 25.000, 14.525,  0.000,-23.077, 13.525, 13.800,  0.000, 14.825, 14.300,  0.525,  0.800,  1.000,  0.800,0.00000,  0.000,
mon_rep231013,2023-10-13T11:13:13,2085.670,  0.400,1,0,247, 25.000, 14.525,  0.000,-23.077, 13.525, 13.800,  0.000, 14.825, 14.300,  0.525,  0.800,  1.000,  0.800,0.00000,  0.000,
mon_rep231013,2023-10-13T11:13:14,2086.070,  0.400,1,0,247, 25.000, 14.525,  0.000,-23.077, 13.525, 13.800,  0.000, 14.825, 14.300,  0.525,  0.800,  1.000,  0.800,0.00000,  0.000,
mon_rep231013,2023-10-13T11:13:14,2086.470,  0.400,1,0,247, 25.000, 14.525,  0.000,-23.077, 13.525, 13.800,  0.000, 14.825, 14.300,  0.525,  0.800,  1.000,  0.800,0.00000,  0.000,
mon_rep231013,2023-10-13T11:13:14,2086.870,  0.400,1,0,247, 25.000, 14.525,  0.000,-23.077, 13.525, 13.800,  0.000, 14.825, 14.300,  0.525,  0.800,  1.000,  0.800,0.00000,  0.000,
mon_rep231013,2023-10-13T11:13:15,2087.270,  0.400,1,0,247, 25.000, 14.525,  0.000,-23.077, 13.525, 13.800,  0.000, 14.825, 14.300,  0.525,  0.800,  1.000,  0.800,0.00000,  0.000,
mon_rep231013,2023-10-13T11:13:15,2087.670,  0.400,1,0,247, 25.000, 14.525,  0.000,-23.077, 13.525, 13.800,  0.000, 14.825, 14.300,  0.525,  0.800,  1.000,  0.800,0.00000,  0.000,
mon_rep231013,2023-10-13T11:13:16,2088.070,  0.400,1,0,247, 25.000, 14.525,  0.000,-23.077, 13.525, 13.800,  0.000, 14.825, 14.300,  0.525,  0.800,  1.000,  0.800,0.00000,  0.000,
mon_rep231013,2023-10-13T11:13:16,2088.470,  0.400,1,0,247, 25.000, 14.525,  0.000,-23.077, 13.525, 13.800,  0.000, 14.825, 14.300,  0.525,  0.800,  1.000,  0.800,0.00000,  0.000,
mon_rep231013,2023-10-13T11:13:16,2088.870,  0.400,1,0,247, 25.000, 14.525,  0.000,-23.077, 13.525, 13.800,  0.000, 14.825, 14.300,  0.525,  0.800,  1.000,  0.800,0.00000,  0.000,
mon_rep231013,2023-10-13T11:13:17,2089.270,  0.400,1,0,247, 25.000, 14.525,  0.000,-23.077, 13.525, 13.800,  0.000, 14.825, 14.300,  0.525,  0.800,  1.000,  0.800,0.00000,  0.000,
mon_rep231013,2023-10-13T11:13:17,2089.670,  0.400,1,0,247, 25.000, 14.525,  0.000,-23.077, 13.525, 13.800,  0.000, 14.825, 14.300,  0.525,  0.800,  1.000,  0.800,0.00000,  0.000,
mon_rep231013,2023-10-13T11:13:18,2090.070,  0.400,1,0,247, 25.000, 14.525,  0.000,-23.077, 13.525, 13.800,  0.000, 14.825, 14.300,  0.525,  0.800,  1.000,  0.800,0.00000,  0.000,
mon_rep231013,2023-10-13T11:13:18,2090.470,  0.400,1,0,247, 25.000, 14.525,  0.000,-23.077, 13.525, 13.800,  0.000, 14.825, 14.300,  0.525,  0.800,  1.000,  0.800,0.00000,  0.000,
mon_rep231013,2023-10-13T11:13:18,2090.870,  0.400,1,0,247, 25.000, 14.525,  0.000,-23.077, 13.525, 13.800,  0.000, 14.825, 14.300,  0.525,  0.800,  1.000,  0.800,0.00000,  0.000,
mon_rep231013,2023-10-13T11:13:19,2091.270,  0.400,1,0,247, 25.000, 14.525,  0.000,-23.077, 13.525, 13.800,  0.000, 14.825, 14.300,  0.525,  0.800,  1.000,  0.800,0.00000,  0.000,
mon_rep231013,2023-10-13T11:13:19,2091.670,  0.400,1,0,247, 25.000, 14.525,  0.000,-23.077, 13.525, 13.800,  0.000, 14.825, 14.300,  0.525,  0.800,  1.000,  0.800,0.00000,  0.000,
mon_rep231013,2023-10-13T11:13:20,2092.070,  0.400,1,0,247, 25.000, 14.525,  0.000,-23.077, 13.525, 13.800,  0.000, 14.825, 14.300,  0.525,  0.800,  1.000,  0.800,0.00000,  0.000,
mon_rep231013,2023-10-13T11:13:20,2092.470,  0.400,1,0,247, 25.000, 14.525,  0.000,-23.077, 13.525, 13.800,  0.000, 14.825, 14.300,  0.525,  0.800,  1.000,  0.800,0.00000,  0.000,
mon_rep231013,2023-10-13T11:13:20,2092.870,  0.400,1,0,247, 25.000, 14.525,  0.000,-23.077, 13.525, 13.800,  0.000, 14.825, 14.300,  0.525,  0.800,  1.000,  0.800,0.00000,  0.000,
mon_rep231013,2023-10-13T11:13:21,2093.270,  0.400,1,0,247, 25.000, 14.525,  0.000,-23.077, 13.525, 13.800,  0.000, 14.825, 14.300,  0.525,  0.800,  1.000,  0.800,0.00000,  0.000,
mon_rep231013,2023-10-13T11:13:21,2093.670,  0.400,1,0,247, 25.000, 14.525,  0.000,-23.077, 13.525, 13.800,  0.000, 14.825, 14.300,  0.525,  0.800,  1.000,  0.800,0.00000,  0.000,
mon_rep231013,2023-10-13T11:13:22,2094.070,  0.400,1,0,247, 25.000, 14.525,  0.000,-23.077, 13.525, 13.800,  0.000, 14.825, 14.300,  0.525,  0.800,  1.000,  0.800,0.00000,  0.000,
mon_rep231013,2023-10-13T11:13:22,2094.470,  0.400,1,0,247, 25.000, 14.525,  0.000,-23.077, 13.525, 13.800,  0.000, 14.825, 14.300,  0.525,  0.800,  1.000,  0.800,0.00000,  0.000,
mon_rep231013,2023-10-13T11:13:22,2094.870,  0.400,1,0,247, 25.000, 14.525,  0.000,-23.077, 13.525, 13.800,  0.000, 14.825, 14.300,  0.525,  0.800,  1.000,  0.800,0.00000,  0.000,
mon_rep231013,2023-10-13T11:13:23,2095.270,  0.400,1,0,247, 25.000, 14.525,  0.000,-23.077, 13.525, 13.800,  0.000, 14.825, 14.300,  0.525,  0.800,  1.000,  0.800,0.00000,  0.000,
mon_rep231013,2023-10-13T11:13:23,2095.670,  0.400,1,0,247, 25.000, 14.525,  0.000,-23.077, 13.525, 13.800,  0.000, 14.825, 14.300,  0.525,  0.800,  1.000,  0.800,0.00000,  0.000,
mon_rep231013,2023-10-13T11:13:24,2096.070,  0.400,1,0,247, 25.000, 14.525,  0.000,-23.077, 13.525, 13.800,  0.000, 14.825, 14.300,  0.525,  0.800,  1.000,  0.800,0.00000,  0.000,
mon_rep231013,2023-10-13T11:13:24,2096.470,  0.400,1,0,247, 25.000, 14.525,  0.000,-23.077, 13.525, 13.800,  0.000, 14.825, 14.300,  0.525,  0.800,  1.000,  0.800,0.00000,  0.000,
mon_rep231013,2023-10-13T11:13:24,2096.870,  0.400,1,0,247, 25.000, 14.525,  0.000,-23.077, 13.525, 13.800,  0.000, 14.825, 14.300,  0.525,  0.800,  1.000,  0.800,0.00000,  0.000,
mon_rep231013,2023-10-13T11:13:25,2097.270,  0.400,1,0,247, 25.000, 14.525,  0.000,-23.077, 13.525, 13.800,  0.000, 14.825, 14.300,  0.525,  0.800,  1.000,  0.800,0.00000,  0.000,
mon_rep231013,2023-10-13T11:13:25,2097.670,  0.400,1,0,247, 25.000, 14.525,  0.000,-23.077, 13.525, 13.800,  0.000, 14.825, 14.300,  0.525,  0.800,  1.000,  0.800,0.00000,  0.000,
mon_rep231013,2023-10-13T11:13:26,2098.070,  0.400,1,0,247, 25.000, 14.525,  0.000,-23.077, 13.525, 13.800,  0.000, 14.825, 14.300,  0.525,  0.800,  1.000,  0.800,0.00000,  0.000,
mon_rep231013,2023-10-13T11:13:26,2098.470,  0.400,1,0,247, 25.000, 14.525,  0.000,-23.077, 13.525, 13.800,  0.000, 14.825, 14.300,  0.525,  0.800,  1.000,  0.800,0.00000,  0.000,
mon_rep231013,2023-10-13T11:13:26,2098.870,  0.400,1,0,247, 25.000, 14.525,  0.000,-23.077, 13.525, 13.800,  0.000, 14.825, 14.300,  0.525,  0.800,  1.000,  0.800,0.00000,  0.000,
mon_rep231013,2023-10-13T11:13:27,2099.270,  0.400,1,0,247, 25.000, 14.525,  0.000,-23.077, 13.525, 13.800,  0.000, 14.825, 14.300,  0.525,  0.800,  1.000,  0.800,0.00000,  0.000,
mon_rep231013,2023-10-13T11:13:27,2099.670,  0.400,1,0,247, 25.000, 14.525,  0.000,-23.077, 13.525, 13.800,  0.000, 14.825, 14.300,  0.525,  0.800,  1.000,  0.800,0.00000,  0.000,
mon_rep231013,2023-10-13T11:13:28,2100.070,  0.400,1,0,247, 25.000, 14.525,  0.000,-23.077, 13.525, 13.800,  0.000, 14.825, 14.300,  0.525,  0.800,  1.000,  0.800,0.00000,  0.000,
mon_rep231013,2023-10-13T11:13:28,2100.470,  0.400,1,0,247, 25.000, 14.525,  0.000,-23.077, 13.525, 13.800,  0.000, 14.825, 14.300,  0.525,  0.800,  1.000,  0.800,0.00000,  0.000,
mon_rep231013,2023-10-13T11:13:28,2100.870,  0.400,1,0,247, 25.000, 14.525,  0.000,-23.077, 13.525, 13.800,  0.000, 14.825, 14.300,  0.525,  0.800,  1.000,  0.800,0.00000,  0.000,
mon_rep231013,2023-10-13T11:13:29,2101.270,  0.400,1,0,247, 25.000, 14.525,  0.000,-23.077, 13.525, 13.800,  0.000, 14.825, 14.300,  0.525,  0.800,  1.000,  0.800,0.00000,  0.000,
mon_rep231013,2023-10-13T11:13:29,2101.670,  0.400,1,0,247, 25.000, 14.525,  0.000,-23.077, 13.525, 13.800,  0.000, 14.825, 14.300,  0.525,  0.800,  1.000,  0.800,0.00000,  0.000,
mon_rep231013,2023-10-13T11:13:30,2102.070,  0.400,1,0,247, 25.000, 14.525,  0.000,-23.077, 13.525, 13.800,  0.000, 14.825, 14.300,  0.525,  0.800,  1.000,  0.800,0.00000,  0.000,
mon_rep231013,2023-10-13T11:13:30,2102.470,  0.400,1,0,247, 25.000, 14.525,  0.000,-23.077, 13.525, 13.800,  0.000, 14.825, 14.300,  0.525,  0.800,  1.000,  0.800,0.00000,  0.000,
mon_rep231013,2023-10-13T11:13:30,2102.870,  0.400,1,0,247, 25.000, 14.525,  0.000,-23.077, 13.525, 13.800,  0.000, 14.825, 14.300,  0.525,  0.800,  1.000,  0.800,0.00000,  0.000,
mon_rep231013,2023-10-13T11:13:31,2103.270,  0.400,1,0,247, 25.000, 14.525,  0.000,-23.077, 13.525, 13.800,  0.000, 14.825, 14.300,  0.525,  0.800,  1.000,  0.800,0.00000,  0.000,
mon_rep231013,2023-10-13T11:13:31,2103.670,  0.400,1,0,247, 25.000, 14.525,  0.000,-23.077, 13.525, 13.800,  0.000, 14.825, 14.300,  0.525,  0.800,  1.000,  0.800,0.00000,  0.000,
mon_rep231013,2023-10-13T11:13:32,2104.070,  0.400,1,0,247, 25.000, 14.525,  0.000,-23.077, 13.525, 13.800,  0.000, 14.825, 14.300,  0.525,  0.800,  1.000,  0.800,0.00000,  0.000,
mon_rep231013,2023-10-13T11:13:32,2104.470,  0.400,1,0,247, 25.000, 14.525,  0.000,-23.077, 13.525, 13.800,  0.000, 14.825, 14.300,  0.525,  0.800,  1.000,  0.800,0.00000,  0.000,
mon_rep231013,2023-10-13T11:13:32,2104.870,  0.400,1,0,247, 25.000, 14.525,  0.000,-23.077, 13.525, 13.800,  0.000, 14.825, 14.300,  0.525,  0.800,  1.000,  0.800,0.00000,  0.000,
mon_rep231013,2023-10-13T11:13:33,2105.270,  0.400,1,0,247, 25.000, 14.525,  0.000,-23.077, 13.525, 13.800,  0.000, 14.825, 14.300,  0.525,  0.800,  1.000,  0.800,0.00000,  0.000,
mon_rep231013,2023-10-13T11:13:33,2105.670,  0.400,1,0,247, 25.000, 14.525,  0.000,-23.077, 13.525, 13.800,  0.000, 14.825, 14.300,  0.525,  0.800,  1.000,  0.800,0.00000,  0.000,
mon_rep231013,2023-10-13T11:13:34,2106.070,  0.400,1,0,247, 25.000, 14.525,  0.000,-23.077, 13.525, 13.800,  0.000, 14.825, 14.300,  0.525,  0.800,  1.000,  0.800,0.00000,  0.000,
mon_rep231013,2023-10-13T11:13:34,2106.470,  0.400,1,0,247, 25.000, 14.525,  0.000,-23.077, 13.525, 13.800,  0.000, 14.825, 14.300,  0.525,  0.800,  1.000,  0.800,0.00000,  0.000,
mon_rep231013,2023-10-13T11:13:34,2106.870,  0.400,1,0,247, 25.000, 14.525,  0.000,-23.077, 13.525, 13.800,  0.000, 14.825, 14.300,  0.525,  0.800,  1.000,  0.800,0.00000,  0.000,
mon_rep231013,2023-10-13T11:13:35,2107.270,  0.400,1,0,247, 25.000, 14.525,  0.000,-23.077, 13.525, 13.800,  0.000, 14.825, 14.300,  0.525,  0.800,  1.000,  0.800,0.00000,  0.000,
mon_rep231013,2023-10-13T11:13:35,2107.670,  0.400,1,0,247, 25.000, 14.525,  0.000,-23.077, 13.525, 13.800,  0.000, 14.825, 14.300,  0.525,  0.800,  1.000,  0.800,0.00000,  0.000,
mon_rep231013,2023-10-13T11:13:36,2108.070,  0.400,1,0,247, 25.000, 14.525,  0.000,-23.077, 13.525, 13.800,  0.000, 14.825, 14.300,  0.525,  0.800,  1.000,  0.800,0.00000,  0.000,
mon_rep231013,2023-10-13T11:13:36,2108.470,  0.400,1,0,247, 25.000, 14.525,  0.000,-23.077, 13.525, 13.800,  0.000, 14.825, 14.300,  0.525,  0.800,  1.000,  0.800,0.00000,  0.000,
mon_rep231013,2023-10-13T11:13:36,2108.870,  0.400,1,0,247, 25.000, 14.525,  0.000,-23.077, 13.525, 13.800,  0.000, 14.825, 14.300,  0.525,  0.800,  1.000,  0.800,0.00000,  0.000,
mon_rep231013,2023-10-13T11:13:37,2109.270,  0.400,1,0,247, 25.000, 14.525,  0.000,-23.077, 13.525, 13.800,  0.000, 14.825, 14.300,  0.525,  0.800,  1.000,  0.800,0.00000,  0.000,
mon_rep231013,2023-10-13T11:13:37,2109.670,  0.400,1,0,247, 25.000, 14.525,  0.000,-23.077, 13.525, 13.800,  0.000, 14.825, 14.300,  0.525,  0.800,  1.000,  0.800,0.00000,  0.000,
mon_rep231013,2023-10-13T11:13:38,2110.070,  0.400,1,0,247, 25.000, 14.525,  0.000,-23.077, 13.525, 13.800,  0.000, 14.825, 14.300,  0.525,  0.800,  1.000,  0.800,0.00000,  0.000,
mon_rep231013,2023-10-13T11:13:38,2110.470,  0.400,1,0,247, 25.000, 14.525,  0.000,-23.077, 13.525, 13.800,  0.000, 14.825, 14.300,  0.525,  0.800,  1.000,  0.800,0.00000,  0.000,
mon_rep231013,2023-10-13T11:13:38,2110.870,  0.400,1,0,247, 25.000, 14.525,  0.000,-23.077, 13.525, 13.800,  0.000, 14.825, 14.300,  0.525,  0.800,  1.000,  0.800,0.00000,  0.000,
mon_rep231013,2023-10-13T11:13:39,2111.270,  0.400,1,0,247, 25.000, 14.525,  0.000,-23.077, 13.525, 13.800,  0.000, 14.825, 14.300,  0.525,  0.800,  1.000,  0.800,0.00000,  0.000,
mon_rep231013,2023-10-13T11:13:39,2111.670,  0.400,1,0,247, 25.000, 14.525,  0.000,-23.077, 13.525, 13.800,  0.000, 14.825, 14.300,  0.525,  0.800,  1.000,  0.800,0.00000,  0.000,
mon_rep231013,2023-10-13T11:13:40,2112.070,  0.400,1,0,247, 25.000, 14.525,  0.000,-23.077, 13.525, 13.800,  0.000, 14.825, 14.300,  0.525,  0.800,  1.000,  0.800,0.00000,  0.000,
mon_rep231013,2023-10-13T11:13:40,2112.470,  0.400,1,0,247, 25.000, 14.525,  0.000,-23.077, 13.525, 13.800,  0.000, 14.825, 14.300,  0.525,  0.800,  1.000,  0.800,0.00000,  0.000,
mon_rep231013,2023-10-13T11:13:40,2112.870,  0.400,1,0,247, 25.000, 14.525,  0.000,-23.077, 13.525, 13.800,  0.000, 14.825, 14.300,  0.525,  0.800,  1.000,  0.800,0.00000,  0.000,
mon_rep231013,2023-10-13T11:13:41,2113.270,  0.400,1,0,247, 25.000, 14.525,  0.000,-23.077, 13.525, 13.800,  0.000, 14.825, 14.300,  0.525,  0.800,  1.000,  0.800,0.00000,  0.000,
mon_rep231013,2023-10-13T11:13:41,2113.670,  0.400,1,0,247, 25.000, 14.525,  0.000,-23.077, 13.525, 13.800,  0.000, 14.825, 14.300,  0.525,  0.800,  1.000,  0.800,0.00000,  0.000,
mon_rep231013,2023-10-13T11:13:42,2114.070,  0.400,1,0,247, 25.000, 14.525,  0.000,-23.077, 13.525, 13.800,  0.000, 14.825, 14.300,  0.525,  0.800,  1.000,  0.800,0.00000,  0.000,
mon_rep231013,2023-10-13T11:13:42,2114.470,  0.400,1,0,247, 25.000, 14.525,  0.000,-23.077, 13.525, 13.800,  0.000, 14.825, 14.300,  0.525,  0.800,  1.000,  0.800,0.00000,  0.000,
mon_rep231013,2023-10-13T11:13:42,2114.870,  0.400,1,0,247, 25.000, 14.525,  0.000,-23.077, 13.525, 13.800,  0.000, 14.825, 14.300,  0.525,  0.800,  1.000,  0.800,0.00000,  0.000,
mon_rep231013,2023-10-13T11:13:43,2115.270,  0.400,1,0,247, 25.000, 14.525,  0.000,-23.077, 13.525, 13.800,  0.000, 14.825, 14.300,  0.525,  0.800,  1.000,  0.800,0.00000,  0.000,
mon_rep231013,2023-10-13T11:13:43,2115.670,  0.400,1,0,247, 25.000, 14.525,  0.000,-23.077, 13.525, 13.800,  0.000, 14.825, 14.300,  0.525,  0.800,  1.000,  0.800,0.00000,  0.000,
mon_rep231013,2023-10-13T11:13:44,2116.070,  0.400,1,0,247, 25.000, 14.525,  0.000,-23.077, 13.525, 13.800,  0.000, 14.825, 14.300,  0.525,  0.800,  1.000,  0.800,0.00000,  0.000,
mon_rep231013,2023-10-13T11:13:44,2116.470,  0.400,1,0,247, 25.000, 14.525,  0.000,-23.077, 13.525, 13.800,  0.000, 14.825, 14.300,  0.525,  0.800,  1.000,  0.800,0.00000,  0.000,
mon_rep231013,2023-10-13T11:13:44,2116.870,  0.400,1,0,247, 25.000, 14.525,  0.000,-23.077, 13.525, 13.800,  0.000, 14.825, 14.300,  0.525,  0.800,  1.000,  0.800,0.00000,  0.000,
mon_rep231013,2023-10-13T11:13:45,2117.270,  0.400,1,0,247, 25.000, 14.525,  0.000,-23.077, 13.525, 13.800,  0.000, 14.825, 14.300,  0.525,  0.800,  1.000,  0.800,0.00000,  0.000,
mon_rep231013,2023-10-13T11:13:45,2117.670,  0.400,1,0,247, 25.000, 14.525,  0.000,-23.077, 13.525, 13.800,  0.000, 14.825, 14.300,  0.525,  0.800,  1.000,  0.800,0.00000,  0.000,
mon_rep231013,2023-10-13T11:13:46,2118.070,  0.400,1,0,247, 25.000, 14.525,  0.000,-23.077, 13.525, 13.800,  0.000, 14.825, 14.300,  0.525,  0.800,  1.000,  0.800,0.00000,  0.000,
mon_rep231013,2023-10-13T11:13:46,2118.470,  0.400,1,0,247, 25.000, 14.525,  0.000,-23.077, 13.525, 13.800,  0.000, 14.825, 14.300,  0.525,  0.800,  1.000,  0.800,0.00000,  0.000,
mon_rep231013,2023-10-13T11:13:46,2118.870,  0.400,1,0,247, 25.000, 14.525,  0.000,-23.077, 13.525, 13.800,  0.000, 14.825, 14.300,  0.525,  0.800,  1.000,  0.800,0.00000,  0.000,
mon_rep231013,2023-10-13T11:13:47,2119.270,  0.400,1,0,247, 25.000, 14.525,  0.000,-23.077, 13.525, 13.800,  0.000, 14.825, 14.300,  0.525,  0.800,  1.000,  0.800,0.00000,  0.000,
mon_rep231013,2023-10-13T11:13:47,2119.670,  0.400,1,0,247, 25.000, 14.525,  0.000,-23.077, 13.525, 13.800,  0.000, 14.825, 14.300,  0.525,  0.800,  1.000,  0.800,0.00000,  0.000,
mon_rep231013,2023-10-13T11:13:48,2120.070,  0.400,1,0,247, 25.000, 14.525,  0.000,-23.077, 13.525, 13.800,  0.000, 14.825, 14.300,  0.525,  0.800,  1.000,  0.800,0.00000,  0.000,
mon_rep231013,2023-10-13T11:13:48,2120.470,  0.400,1,0,247, 25.000, 14.525,  0.000,-23.077, 13.525, 13.800,  0.000, 14.825, 14.300,  0.525,  0.800,  1.000,  0.800,0.00000,  0.000,
mon_rep231013,2023-10-13T11:13:48,2120.870,  0.400,1,0,247, 25.000, 14.525,  0.000,-23.077, 13.525, 13.800,  0.000, 14.825, 14.300,  0.525,  0.800,  1.000,  0.800,0.00000,  0.000,
mon_rep231013,2023-10-13T11:13:49,2121.270,  0.400,1,0,247, 25.000, 14.525,  0.000,-23.077, 13.525, 13.800,  0.000, 14.825, 14.300,  0.525,  0.800,  1.000,  0.800,0.00000,  0.000,
mon_rep231013,2023-10-13T11:13:49,2121.670,  0.400,1,0,247, 25.000, 14.525,  0.000,-23.077, 13.525, 13.800,  0.000, 14.825, 14.300,  0.525,  0.800,  1.000,  0.800,0.00000,  0.000,
mon_rep231013,2023-10-13T11:13:50,2122.070,  0.400,1,0,247, 25.000, 14.525,  0.000,-23.077, 13.525, 13.800,  0.000, 14.825, 14.300,  0.525,  0.800,  1.000,  0.800,0.00000,  0.000,
mon_rep231013,2023-10-13T11:13:50,2122.470,  0.400,1,0,247, 25.000, 14.525,  0.000,-23.077, 13.525, 13.800,  0.000, 14.825, 14.300,  0.525,  0.800,  1.000,  0.800,0.00000,  0.000,
mon_rep231013,2023-10-13T11:13:50,2122.870,  0.400,1,0,247, 25.000, 14.525,  0.000,-23.077, 13.525, 13.800,  0.000, 14.825, 14.300,  0.525,  0.800,  1.000,  0.800,0.00000,  0.000,
mon_rep231013,2023-10-13T11:13:51,2123.270,  0.400,1,0,247, 25.000, 14.525,  0.000,-23.077, 13.525, 13.800,  0.000, 14.825, 14.300,  0.525,  0.800,  1.000,  0.800,0.00000,  0.000,
mon_rep231013,2023-10-13T11:13:51,2123.670,  0.400,1,0,247, 25.000, 14.525,  0.000,-23.077, 13.525, 13.800,  0.000, 14.825, 14.300,  0.525,  0.800,  1.000,  0.800,0.00000,  0.000,
mon_rep231013,2023-10-13T11:13:52,2124.070,  0.400,1,0,247, 25.000, 14.525,  0.000,-23.077, 13.525, 13.800,  0.000, 14.825, 14.300,  0.525,  0.800,  1.000,  0.800,0.00000,  0.000,
mon_rep231013,2023-10-13T11:13:52,2124.470,  0.400,1,0,247, 25.000, 14.525,  0.000,-23.077, 13.525, 13.800,  0.000, 14.825, 14.300,  0.525,  0.800,  1.000,  0.800,0.00000,  0.000,
mon_rep231013,2023-10-13T11:13:52,2124.870,  0.400,1,0,247, 25.000, 14.525,  0.000,-23.077, 13.525, 13.800,  0.000, 14.825, 14.300,  0.525,  0.800,  1.000,  0.800,0.00000,  0.000,
mon_rep231013,2023-10-13T11:13:53,2125.270,  0.400,1,0,247, 25.000, 14.525,  0.000,-23.077, 13.525, 13.800,  0.000, 14.825, 14.300,  0.525,  0.800,  1.000,  0.800,0.00000,  0.000,
mon_rep231013,2023-10-13T11:13:53,2125.670,  0.400,1,0,247, 25.000, 14.525,  0.000,-23.077, 13.525, 13.800,  0.000, 14.825, 14.300,  0.525,  0.800,  1.000,  0.800,0.00000,  0.000,
mon_rep231013,2023-10-13T11:13:54,2126.070,  0.400,1,0,247, 25.000, 14.525,  0.000,-23.077, 13.525, 13.800,  0.000, 14.825, 14.300,  0.525,  0.800,  1.000,  0.800,0.00000,  0.000,
mon_rep231013,2023-10-13T11:13:54,2126.470,  0.400,1,0,247, 25.000, 14.525,  0.000,-23.077, 13.525, 13.800,  0.000, 14.825, 14.300,  0.525,  0.800,  1.000,  0.800,0.00000,  0.000,
mon_rep231013,2023-10-13T11:13:54,2126.870,  0.400,1,0,247, 25.000, 14.525,  0.000,-23.077, 13.525, 13.800,  0.000, 14.825, 14.300,  0.525,  0.800,  1.000,  0.800,0.00000,  0.000,
mon_rep231013,2023-10-13T11:13:55,2127.270,  0.400,1,0,247, 25.000, 14.525,  0.000,-23.077, 13.525, 13.800,  0.000, 14.825, 14.300,  0.525,  0.800,  1.000,  0.800,0.00000,  0.000,
mon_rep231013,2023-10-13T11:13:55,2127.670,  0.400,1,0,247, 25.000, 14.525,  0.000,-23.077, 13.525, 13.800,  0.000, 14.825, 14.300,  0.525,  0.800,  1.000,  0.800,0.00000,  0.000,
mon_rep231013,2023-10-13T11:13:56,2128.070,  0.400,1,0,247, 25.000, 14.525,  0.000,-23.077, 13.525, 13.800,  0.000, 14.825, 14.300,  0.525,  0.800,  1.000,  0.800,0.00000,  0.000,
mon_rep231013,2023-10-13T11:13:56,2128.470,  0.400,1,0,247, 25.000, 14.525,  0.000,-23.077, 13.525, 13.800,  0.000, 14.825, 14.300,  0.525,  0.800,  1.000,  0.800,0.00000,  0.000,
mon_rep231013,2023-10-13T11:13:56,2128.870,  0.400,1,0,247, 25.000, 14.525,  0.000,-23.077, 13.525, 13.800,  0.000, 14.825, 14.300,  0.525,  0.800,  1.000,  0.800,0.00000,  0.000,
mon_rep231013,2023-10-13T11:13:57,2129.270,  0.400,1,0,247, 25.000, 14.525,  0.000,-23.077, 13.525, 13.800,  0.000, 14.825, 14.300,  0.525,  0.800,  1.000,  0.800,0.00000,  0.000,
mon_rep231013,2023-10-13T11:13:57,2129.670,  0.400,1,0,247, 25.000, 14.525,  0.000,-23.077, 13.525, 13.800,  0.000, 14.825, 14.300,  0.525,  0.800,  1.000,  0.800,0.00000,  0.000,
mon_rep231013,2023-10-13T11:13:58,2130.070,  0.400,1,0,247, 25.000, 14.525,  0.000,-23.077, 13.525, 13.800,  0.000, 14.825, 14.300,  0.525,  0.800,  1.000,  0.800,0.00000,  0.000,
mon_rep231013,2023-10-13T11:13:58,2130.470,  0.400,1,0,247, 25.000, 14.525,  0.000,-23.077, 13.525, 13.800,  0.000, 14.825, 14.300,  0.525,  0.800,  1.000,  0.800,0.00000,  0.000,
mon_rep231013,2023-10-13T11:13:58,2130.870,  0.400,1,0,247, 25.000, 14.525,  0.000,-23.077, 13.525, 13.800,  0.000, 14.825, 14.300,  0.525,  0.800,  1.000,  0.800,0.00000,  0.000,
mon_rep231013,2023-10-13T11:13:59,2131.270,  0.400,1,0,247, 25.000, 14.525,  0.000,-23.077, 13.525, 13.800,  0.000, 14.825, 14.300,  0.525,  0.800,  1.000,  0.800,0.00000,  0.000,
mon_rep231013,2023-10-13T11:13:59,2131.670,  0.400,1,0,247, 25.000, 14.525,  0.000,-23.077, 13.525, 13.800,  0.000, 14.825, 14.300,  0.525,  0.800,  1.000,  0.800,0.00000,  0.000,
mon_rep231013,2023-10-13T11:14:00,2132.070,  0.400,1,0,247, 25.000, 14.525,  0.000,-23.077, 13.525, 13.800,  0.000, 14.825, 14.300,  0.525,  0.800,  1.000,  0.800,0.00000,  0.000,
mon_rep231013,2023-10-13T11:14:00,2132.470,  0.400,1,0,247, 25.000, 14.525,  0.000,-23.077, 13.525, 13.800,  0.000, 14.825, 14.300,  0.525,  0.800,  1.000,  0.800,0.00000,  0.000,
mon_rep231013,2023-10-13T11:14:00,2132.870,  0.400,1,0,247, 25.000, 14.525,  0.000,-23.077, 13.525, 13.800,  0.000, 14.825, 14.300,  0.525,  0.800,  1.000,  0.800,0.00000,  0.000,
mon_rep231013,2023-10-13T11:14:01,2133.270,  0.400,1,0,247, 25.000, 14.525,  0.000,-23.077, 13.525, 13.800,  0.000, 14.825, 14.300,  0.525,  0.800,  1.000,  0.800,0.00000,  0.000,
mon_rep231013,2023-10-13T11:14:01,2133.670,  0.400,1,0,247, 25.000, 14.525,  0.000,-23.077, 13.525, 13.800,  0.000, 14.825, 14.300,  0.525,  0.800,  1.000,  0.800,0.00000,  0.000,
mon_rep231013,2023-10-13T11:14:02,2134.070,  0.400,1,0,247, 25.000, 14.525,  0.000,-23.077, 13.525, 13.800,  0.000, 14.825, 14.300,  0.525,  0.800,  1.000,  0.800,0.00000,  0.000,
mon_rep231013,2023-10-13T11:14:02,2134.470,  0.400,1,0,247, 25.000, 14.525,  0.000,-23.077, 13.525, 13.800,  0.000, 14.825, 14.300,  0.525,  0.800,  1.000,  0.800,0.00000,  0.000,
mon_rep231013,2023-10-13T11:14:02,2134.870,  0.400,1,0,247, 25.000, 14.525,  0.000,-23.077, 13.525, 13.800,  0.000, 14.825, 14.300,  0.525,  0.800,  1.000,  0.800,0.00000,  0.000,
mon_rep231013,2023-10-13T11:14:03,2135.270,  0.400,1,0,247, 25.000, 14.525,  0.000,-23.077, 13.525, 13.800,  0.000, 14.825, 14.300,  0.525,  0.800,  1.000,  0.800,0.00000,  0.000,
mon_rep231013,2023-10-13T11:14:03,2135.670,  0.400,1,0,247, 25.000, 14.525,  0.000,-23.077, 13.525, 13.800,  0.000, 14.825, 14.300,  0.525,  0.800,  1.000,  0.800,0.00000,  0.000,
mon_rep231013,2023-10-13T11:14:04,2136.070,  0.400,1,0,247, 25.000, 14.525,  0.000,-23.077, 13.525, 13.800,  0.000, 14.825, 14.300,  0.525,  0.800,  1.000,  0.800,0.00000,  0.000,
mon_rep231013,2023-10-13T11:14:04,2136.470,  0.400,1,0,247, 25.000, 14.525,  0.000,-23.077, 13.525, 13.800,  0.000, 14.825, 14.300,  0.525,  0.800,  1.000,  0.800,0.00000,  0.000,
mon_rep231013,2023-10-13T11:14:04,2136.870,  0.400,1,0,247, 25.000, 14.525,  0.000,-23.077, 13.525, 13.800,  0.000, 14.825, 14.300,  0.525,  0.800,  1.000,  0.800,0.00000,  0.000,
mon_rep231013,2023-10-13T11:14:05,2137.270,  0.400,1,0,247, 25.000, 14.525,  0.000,-23.077, 13.525, 13.800,  0.000, 14.825, 14.300,  0.525,  0.800,  1.000,  0.800,0.00000,  0.000,
mon_rep231013,2023-10-13T11:14:05,2137.670,  0.400,1,0,247, 25.000, 14.525,  0.000,-23.077, 13.525, 13.800,  0.000, 14.825, 14.300,  0.525,  0.800,  1.000,  0.800,0.00000,  0.000,
mon_rep231013,2023-10-13T11:14:06,2138.070,  0.400,1,0,247, 25.000, 14.525,  0.000,-23.077, 13.525, 13.800,  0.000, 14.825, 14.300,  0.525,  0.800,  1.000,  0.800,0.00000,  0.000,
mon_rep231013,2023-10-13T11:14:06,2138.470,  0.400,1,0,247, 25.000, 14.525,  0.000,-23.077, 13.525, 13.800,  0.000, 14.825, 14.300,  0.525,  0.800,  1.000,  0.800,0.00000,  0.000,
mon_rep231013,2023-10-13T11:14:06,2138.870,  0.400,1,0,247, 25.000, 14.525,  0.000,-23.077, 13.525, 13.800,  0.000, 14.825, 14.300,  0.525,  0.800,  1.000,  0.800,0.00000,  0.000,
mon_rep231013,2023-10-13T11:14:07,2139.270,  0.400,1,0,247, 25.000, 14.525,  0.000,-23.077, 13.525, 13.800,  0.000, 14.825, 14.300,  0.525,  0.800,  1.000,  0.800,0.00000,  0.000,
mon_rep231013,2023-10-13T11:14:07,2139.670,  0.400,1,0,247, 25.000, 14.525,  0.000,-23.077, 13.525, 13.800,  0.000, 14.825, 14.300,  0.525,  0.800,  1.000,  0.800,0.00000,  0.000,
mon_rep231013,2023-10-13T11:14:08,2140.070,  0.400,1,0,247, 25.000, 14.525,  0.000,-23.077, 13.525, 13.800,  0.000, 14.825, 14.300,  0.525,  0.800,  1.000,  0.800,0.00000,  0.000,
mon_rep231013,2023-10-13T11:14:08,2140.470,  0.400,1,0,247, 25.000, 14.525,  0.000,-23.077, 13.525, 13.800,  0.000, 14.825, 14.300,  0.525,  0.800,  1.000,  0.800,0.00000,  0.000,
mon_rep231013,2023-10-13T11:14:08,2140.870,  0.400,1,0,247, 25.000, 14.525,  0.000,-23.077, 13.525, 13.800,  0.000, 14.825, 14.300,  0.525,  0.800,  1.000,  0.800,0.00000,  0.000,
mon_rep231013,2023-10-13T11:14:09,2141.270,  0.400,1,0,247, 25.000, 14.525,  0.000,-23.077, 13.525, 13.800,  0.000, 14.825, 14.300,  0.525,  0.800,  1.000,  0.800,0.00000,  0.000,
mon_rep231013,2023-10-13T11:14:09,2141.670,  0.400,1,0,247, 25.000, 14.525,  0.000,-23.077, 13.525, 13.800,  0.000, 14.825, 14.300,  0.525,  0.800,  1.000,  0.800,0.00000,  0.000,
mon_rep231013,2023-10-13T11:14:10,2142.070,  0.400,1,0,247, 25.000, 14.525,  0.000,-23.077, 13.525, 13.800,  0.000, 14.825, 14.300,  0.525,  0.800,  1.000,  0.800,0.00000,  0.000,
mon_rep231013,2023-10-13T11:14:10,2142.470,  0.400,1,0,247, 25.000, 14.525,  0.000,-23.077, 13.525, 13.800,  0.000, 14.825, 14.300,  0.525,  0.800,  1.000,  0.800,0.00000,  0.000,
mon_rep231013,2023-10-13T11:14:10,2142.870,  0.400,1,0,247, 25.000, 14.525,  0.000,-23.077, 13.525, 13.800,  0.000, 14.825, 14.300,  0.525,  0.800,  1.000,  0.800,0.00000,  0.000,
mon_rep231013,2023-10-13T11:14:11,2143.270,  0.400,1,0,247, 25.000, 14.525,  0.000,-23.077, 13.525, 13.800,  0.000, 14.825, 14.300,  0.525,  0.800,  1.000,  0.800,0.00000,  0.000,
mon_rep231013,2023-10-13T11:14:11,2143.670,  0.400,1,0,247, 25.000, 14.525,  0.000,-23.077, 13.525, 13.800,  0.000, 14.825, 14.300,  0.525,  0.800,  1.000,  0.800,0.00000,  0.000,
mon_rep231013,2023-10-13T11:14:12,2144.070,  0.400,1,0,247, 25.000, 14.525,  0.000,-23.077, 13.525, 13.800,  0.000, 14.825, 14.300,  0.525,  0.800,  1.000,  0.800,0.00000,  0.000,
mon_rep231013,2023-10-13T11:14:12,2144.470,  0.400,1,0,247, 25.000, 14.525,  0.000,-23.077, 13.525, 13.800,  0.000, 14.825, 14.300,  0.525,  0.800,  1.000,  0.800,0.00000,  0.000,
mon_rep231013,2023-10-13T11:14:12,2144.870,  0.400,1,0,247, 25.000, 14.525,  0.000,-23.077, 13.525, 13.800,  0.000, 14.825, 14.300,  0.525,  0.800,  1.000,  0.800,0.00000,  0.000,
mon_rep231013,2023-10-13T11:14:13,2145.270,  0.400,1,0,247, 25.000, 14.525,  0.000,-23.077, 13.525, 13.800,  0.000, 14.825, 14.300,  0.525,  0.800,  1.000,  0.800,0.00000,  0.000,
mon_rep231013,2023-10-13T11:14:13,2145.670,  0.400,1,0,247, 25.000, 14.525,  0.000,-23.077, 13.525, 13.800,  0.000, 14.825, 14.300,  0.525,  0.800,  1.000,  0.800,0.00000,  0.000,
mon_rep231013,2023-10-13T11:14:14,2146.070,  0.400,1,0,247, 25.000, 14.525,  0.000,-23.077, 13.525, 13.800,  0.000, 14.825, 14.300,  0.525,  0.800,  1.000,  0.800,0.00000,  0.000,
mon_rep231013,2023-10-13T11:14:14,2146.470,  0.400,1,0,247, 25.000, 14.525,  0.000,-23.077, 13.525, 13.800,  0.000, 14.825, 14.300,  0.525,  0.800,  1.000,  0.800,0.00000,  0.000,
mon_rep231013,2023-10-13T11:14:14,2146.870,  0.400,1,0,247, 25.000, 14.525,  0.000,-23.077, 13.525, 13.800,  0.000, 14.825, 14.300,  0.525,  0.800,  1.000,  0.800,0.00000,  0.000,
mon_rep231013,2023-10-13T11:14:15,2147.270,  0.400,1,0,247, 25.000, 14.525,  0.000,-23.077, 13.525, 13.800,  0.000, 14.825, 14.300,  0.525,  0.800,  1.000,  0.800,0.00000,  0.000,
mon_rep231013,2023-10-13T11:14:15,2147.670,  0.400,1,0,247, 25.000, 14.525,  0.000,-23.077, 13.525, 13.800,  0.000, 14.825, 14.300,  0.525,  0.800,  1.000,  0.800,0.00000,  0.000,
mon_rep231013,2023-10-13T11:14:16,2148.070,  0.400,1,0,247, 25.000, 14.525,  0.000,-23.077, 13.525, 13.800,  0.000, 14.825, 14.300,  0.525,  0.800,  1.000,  0.800,0.00000,  0.000,
mon_rep231013,2023-10-13T11:14:16,2148.470,  0.400,1,0,247, 25.000, 14.525,  0.000,-23.077, 13.525, 13.800,  0.000, 14.825, 14.300,  0.525,  0.800,  1.000,  0.800,0.00000,  0.000,
mon_rep231013,2023-10-13T11:14:16,2148.870,  0.400,1,0,247, 25.000, 14.525,  0.000,-23.077, 13.525, 13.800,  0.000, 14.825, 14.300,  0.525,  0.800,  1.000,  0.800,0.00000,  0.000,
mon_rep231013,2023-10-13T11:14:17,2149.270,  0.400,1,0,247, 25.000, 14.525,  0.000,-23.077, 13.525, 13.800,  0.000, 14.825, 14.300,  0.525,  0.800,  1.000,  0.800,0.00000,  0.000,
mon_rep231013,2023-10-13T11:14:17,2149.670,  0.400,1,0,247, 25.000, 14.525,  0.000,-23.077, 13.525, 13.800,  0.000, 14.825, 14.300,  0.525,  0.800,  1.000,  0.800,0.00000,  0.000,
mon_rep231013,2023-10-13T11:14:18,2150.070,  0.400,1,0,247, 25.000, 14.525,  0.000,-23.077, 13.525, 13.800,  0.000, 14.825, 14.300,  0.525,  0.800,  1.000,  0.800,0.00000,  0.000,
mon_rep231013,2023-10-13T11:14:18,2150.470,  0.400,1,0,247, 25.000, 14.525,  0.000,-23.077, 13.525, 13.800,  0.000, 14.825, 14.300,  0.525,  0.800,  1.000,  0.800,0.00000,  0.000,
mon_rep231013,2023-10-13T11:14:18,2150.870,  0.400,1,0,247, 25.000, 14.525,  0.000,-23.077, 13.525, 13.800,  0.000, 14.825, 14.300,  0.525,  0.800,  1.000,  0.800,0.00000,  0.000,
mon_rep231013,2023-10-13T11:14:19,2151.270,  0.400,1,0,247, 25.000, 14.525,  0.000,-23.077, 13.525, 13.800,  0.000, 14.825, 14.300,  0.525,  0.800,  1.000,  0.800,0.00000,  0.000,
mon_rep231013,2023-10-13T11:14:19,2151.670,  0.400,1,0,247, 25.000, 14.525,  0.000,-23.077, 13.525, 13.800,  0.000, 14.825, 14.300,  0.525,  0.800,  1.000,  0.800,0.00000,  0.000,
mon_rep231013,2023-10-13T11:14:20,2152.070,  0.400,1,0,247, 25.000, 14.525,  0.000,-23.077, 13.525, 13.800,  0.000, 14.825, 14.300,  0.525,  0.800,  1.000,  0.800,0.00000,  0.000,
mon_rep231013,2023-10-13T11:14:20,2152.470,  0.400,1,0,247, 25.000, 14.525,  0.000,-23.077, 13.525, 13.800,  0.000, 14.825, 14.300,  0.525,  0.800,  1.000,  0.800,0.00000,  0.000,
mon_rep231013,2023-10-13T11:14:20,2152.870,  0.400,1,0,247, 25.000, 14.525,  0.000,-23.077, 13.525, 13.800,  0.000, 14.825, 14.300,  0.525,  0.800,  1.000,  0.800,0.00000,  0.000,
mon_rep231013,2023-10-13T11:14:21,2153.270,  0.400,1,0,247, 25.000, 14.525,  0.000,-23.077, 13.525, 13.800,  0.000, 14.825, 14.300,  0.525,  0.800,  1.000,  0.800,0.00000,  0.000,
mon_rep231013,2023-10-13T11:14:21,2153.670,  0.400,1,0,247, 25.000, 14.525,  0.000,-23.077, 13.525, 13.800,  0.000, 14.825, 14.300,  0.525,  0.800,  1.000,  0.800,0.00000,  0.000,
mon_rep231013,2023-10-13T11:14:22,2154.070,  0.400,1,0,247, 25.000, 14.525,  0.000,-23.077, 13.525, 13.800,  0.000, 14.825, 14.300,  0.525,  0.800,  1.000,  0.800,0.00000,  0.000,
mon_rep231013,2023-10-13T11:14:22,2154.470,  0.400,1,0,247, 25.000, 14.525,  0.000,-23.077, 13.525, 13.800,  0.000, 14.825, 14.300,  0.525,  0.800,  1.000,  0.800,0.00000,  0.000,
mon_rep231013,2023-10-13T11:14:22,2154.870,  0.400,1,0,247, 25.000, 14.525,  0.000,-23.077, 13.525, 13.800,  0.000, 14.825, 14.300,  0.525,  0.800,  1.000,  0.800,0.00000,  0.000,
mon_rep231013,2023-10-13T11:14:23,2155.270,  0.400,1,0,247, 25.000, 14.525,  0.000,-23.077, 13.525, 13.800,  0.000, 14.825, 14.300,  0.525,  0.800,  1.000,  0.800,0.00000,  0.000,
mon_rep231013,2023-10-13T11:14:23,2155.670,  0.400,1,0,247, 25.000, 14.525,  0.000,-23.077, 13.525, 13.800,  0.000, 14.825, 14.300,  0.525,  0.800,  1.000,  0.800,0.00000,  0.000,
mon_rep231013,2023-10-13T11:14:24,2156.070,  0.400,1,0,247, 25.000, 14.525,  0.000,-23.077, 13.525, 13.800,  0.000, 14.825, 14.300,  0.525,  0.800,  1.000,  0.800,0.00000,  0.000,
mon_rep231013,2023-10-13T11:14:24,2156.470,  0.400,1,0,247, 25.000, 14.525,  0.000,-23.077, 13.525, 13.800,  0.000, 14.825, 14.300,  0.525,  0.800,  1.000,  0.800,0.00000,  0.000,
mon_rep231013,2023-10-13T11:14:24,2156.870,  0.400,1,0,247, 25.000, 14.525,  0.000,-23.077, 13.525, 13.800,  0.000, 14.825, 14.300,  0.525,  0.800,  1.000,  0.800,0.00000,  0.000,
mon_rep231013,2023-10-13T11:14:25,2157.270,  0.400,1,0,247, 25.000, 14.525,  0.000,-23.077, 13.525, 13.800,  0.000, 14.825, 14.300,  0.525,  0.800,  1.000,  0.800,0.00000,  0.000,
mon_rep231013,2023-10-13T11:14:25,2157.670,  0.400,1,0,247, 25.000, 14.525,  0.000,-23.077, 13.525, 13.800,  0.000, 14.825, 14.300,  0.525,  0.800,  1.000,  0.800,0.00000,  0.000,
mon_rep231013,2023-10-13T11:14:26,2158.070,  0.400,1,0,247, 25.000, 14.525,  0.000,-23.077, 13.525, 13.800,  0.000, 14.825, 14.300,  0.525,  0.800,  1.000,  0.800,0.00000,  0.000,
mon_rep231013,2023-10-13T11:14:26,2158.470,  0.400,1,0,247, 25.000, 14.525,  0.000,-23.077, 13.525, 13.800,  0.000, 14.825, 14.300,  0.525,  0.800,  1.000,  0.800,0.00000,  0.000,
mon_rep231013,2023-10-13T11:14:26,2158.870,  0.400,1,0,247, 25.000, 14.525,  0.000,-23.077, 13.525, 13.800,  0.000, 14.825, 14.300,  0.525,  0.800,  1.000,  0.800,0.00000,  0.000,
mon_rep231013,2023-10-13T11:14:27,2159.270,  0.400,1,0,247, 25.000, 14.525,  0.000,-23.077, 13.525, 13.800,  0.000, 14.825, 14.300,  0.525,  0.800,  1.000,  0.800,0.00000,  0.000,
mon_rep231013,2023-10-13T11:14:27,2159.670,  0.400,1,0,247, 25.000, 14.525,  0.000,-23.077, 13.525, 13.800,  0.000, 14.825, 14.300,  0.525,  0.800,  1.000,  0.800,0.00000,  0.000,
mon_rep231013,2023-10-13T11:14:28,2160.070,  0.400,1,0,247, 25.000, 14.525,  0.000,-23.077, 13.525, 13.800,  0.000, 14.825, 14.300,  0.525,  0.800,  1.000,  0.800,0.00000,  0.000,
mon_rep231013,2023-10-13T11:14:28,2160.470,  0.400,1,0,247, 25.000, 14.525,  0.000,-23.077, 13.525, 13.800,  0.000, 14.825, 14.300,  0.525,  0.800,  1.000,  0.800,0.00000,  0.000,
mon_rep231013,2023-10-13T11:14:28,2160.870,  0.400,1,0,247, 25.000, 14.525,  0.000,-23.077, 13.525, 13.800,  0.000, 14.825, 14.300,  0.525,  0.800,  1.000,  0.800,0.00000,  0.000,
mon_rep231013,2023-10-13T11:14:29,2161.270,  0.400,1,0,247, 25.000, 14.525,  0.000,-23.077, 13.525, 13.800,  0.000, 14.825, 14.300,  0.525,  0.800,  1.000,  0.800,0.00000,  0.000,
mon_rep231013,2023-10-13T11:14:29,2161.670,  0.400,1,0,247, 25.000, 14.525,  0.000,-23.077, 13.525, 13.800,  0.000, 14.825, 14.300,  0.525,  0.800,  1.000,  0.800,0.00000,  0.000,
mon_rep231013,2023-10-13T11:14:30,2162.070,  0.400,1,0,247, 25.000, 14.525,  0.000,-23.077, 13.525, 13.800,  0.000, 14.825, 14.300,  0.525,  0.800,  1.000,  0.800,0.00000,  0.000,
mon_rep231013,2023-10-13T11:14:30,2162.470,  0.400,1,0,247, 25.000, 14.525,  0.000,-23.077, 13.525, 13.800,  0.000, 14.825, 14.300,  0.525,  0.800,  1.000,  0.800,0.00000,  0.000,
mon_rep231013,2023-10-13T11:14:30,2162.870,  0.400,1,0,247, 25.000, 14.525,  0.000,-23.077, 13.525, 13.800,  0.000, 14.825, 14.300,  0.525,  0.800,  1.000,  0.800,0.00000,  0.000,
mon_rep231013,2023-10-13T11:14:31,2163.270,  0.400,1,0,247, 25.000, 14.525,  0.000,-23.077, 13.525, 13.800,  0.000, 14.825, 14.300,  0.525,  0.800,  1.000,  0.800,0.00000,  0.000,
mon_rep231013,2023-10-13T11:14:31,2163.670,  0.400,1,0,247, 25.000, 14.525,  0.000,-23.077, 13.525, 13.800,  0.000, 14.825, 14.300,  0.525,  0.800,  1.000,  0.800,0.00000,  0.000,
mon_rep231013,2023-10-13T11:14:32,2164.070,  0.400,1,0,247, 25.000, 14.525,  0.000,-23.077, 13.525, 13.800,  0.000, 14.825, 14.300,  0.525,  0.800,  1.000,  0.800,0.00000,  0.000,
mon_rep231013,2023-10-13T11:14:32,2164.470,  0.400,1,0,247, 25.000, 14.525,  0.000,-23.077, 13.525, 13.800,  0.000, 14.825, 14.300,  0.525,  0.800,  1.000,  0.800,0.00000,  0.000,
mon_rep231013,2023-10-13T11:14:32,2164.870,  0.400,1,0,247, 25.000, 14.525,  0.000,-23.077, 13.525, 13.800,  0.000, 14.825, 14.300,  0.525,  0.800,  1.000,  0.800,0.00000,  0.000,
mon_rep231013,2023-10-13T11:14:33,2165.270,  0.400,1,0,247, 25.000, 14.525,  0.000,-23.077, 13.525, 13.800,  0.000, 14.825, 14.300,  0.525,  0.800,  1.000,  0.800,0.00000,  0.000,
mon_rep231013,2023-10-13T11:14:33,2165.670,  0.400,1,0,247, 25.000, 14.525,  0.000,-23.077, 13.525, 13.800,  0.000, 14.825, 14.300,  0.525,  0.800,  1.000,  0.800,0.00000,  0.000,
mon_rep231013,2023-10-13T11:14:34,2166.070,  0.400,1,0,247, 25.000, 14.525,  0.000,-23.077, 13.525, 13.800,  0.000, 14.825, 14.300,  0.525,  0.800,  1.000,  0.800,0.00000,  0.000,
mon_rep231013,2023-10-13T11:14:34,2166.470,  0.400,1,0,247, 25.000, 14.525,  0.000,-23.077, 13.525, 13.800,  0.000, 14.825, 14.300,  0.525,  0.800,  1.000,  0.800,0.00000,  0.000,
mon_rep231013,2023-10-13T11:14:34,2166.870,  0.400,1,0,247, 25.000, 14.525,  0.000,-23.077, 13.525, 13.800,  0.000, 14.825, 14.300,  0.525,  0.800,  1.000,  0.800,0.00000,  0.000,
mon_rep231013,2023-10-13T11:14:35,2167.270,  0.400,1,0,247, 25.000, 14.525,  0.000,-23.077, 13.525, 13.800,  0.000, 14.825, 14.300,  0.525,  0.800,  1.000,  0.800,0.00000,  0.000,
mon_rep231013,2023-10-13T11:14:35,2167.670,  0.400,1,0,247, 25.000, 14.525,  0.000,-23.077, 13.525, 13.800,  0.000, 14.825, 14.300,  0.525,  0.800,  1.000,  0.800,0.00000,  0.000,
mon_rep231013,2023-10-13T11:14:36,2168.070,  0.400,1,0,247, 25.000, 14.525,  0.000,-23.077, 13.525, 13.800,  0.000, 14.825, 14.300,  0.525,  0.800,  1.000,  0.800,0.00000,  0.000,
mon_rep231013,2023-10-13T11:14:36,2168.470,  0.400,1,0,247, 25.000, 14.525,  0.000,-23.077, 13.525, 13.800,  0.000, 14.825, 14.300,  0.525,  0.800,  1.000,  0.800,0.00000,  0.000,
mon_rep231013,2023-10-13T11:14:36,2168.870,  0.400,1,0,247, 25.000, 14.525,  0.000,-23.077, 13.525, 13.800,  0.000, 14.825, 14.300,  0.525,  0.800,  1.000,  0.800,0.00000,  0.000,
mon_rep231013,2023-10-13T11:14:37,2169.270,  0.400,1,0,247, 25.000, 14.525,  0.000,-23.077, 13.525, 13.800,  0.000, 14.825, 14.300,  0.525,  0.800,  1.000,  0.800,0.00000,  0.000,
mon_rep231013,2023-10-13T11:14:37,2169.670,  0.400,1,0,247, 25.000, 14.525,  0.000,-23.077, 13.525, 13.800,  0.000, 14.825, 14.300,  0.525,  0.800,  1.000,  0.800,0.00000,  0.000,
mon_rep231013,2023-10-13T11:14:38,2170.070,  0.400,1,0,247, 25.000, 14.525,  0.000,-23.077, 13.525, 13.800,  0.000, 14.825, 14.300,  0.525,  0.800,  1.000,  0.800,0.00000,  0.000,
mon_rep231013,2023-10-13T11:14:38,2170.470,  0.400,1,0,247, 25.000, 14.525,  0.000,-23.077, 13.525, 13.800,  0.000, 14.825, 14.300,  0.525,  0.800,  1.000,  0.800,0.00000,  0.000,
mon_rep231013,2023-10-13T11:14:38,2170.870,  0.400,1,0,247, 25.000, 14.525,  0.000,-23.077, 13.525, 13.800,  0.000, 14.825, 14.300,  0.525,  0.800,  1.000,  0.800,0.00000,  0.000,
mon_rep231013,2023-10-13T11:14:39,2171.270,  0.400,1,0,247, 25.000, 14.525,  0.000,-23.077, 13.525, 13.800,  0.000, 14.825, 14.300,  0.525,  0.800,  1.000,  0.800,0.00000,  0.000,
mon_rep231013,2023-10-13T11:14:39,2171.670,  0.400,1,0,247, 25.000, 14.525,  0.000,-23.077, 13.525, 13.800,  0.000, 14.825, 14.300,  0.525,  0.800,  1.000,  0.800,0.00000,  0.000,
mon_rep231013,2023-10-13T11:14:40,2172.070,  0.400,1,0,247, 25.000, 14.525,  0.000,-23.077, 13.525, 13.800,  0.000, 14.825, 14.300,  0.525,  0.800,  1.000,  0.800,0.00000,  0.000,
mon_rep231013,2023-10-13T11:14:40,2172.470,  0.400,1,0,247, 25.000, 14.525,  0.000,-23.077, 13.525, 13.800,  0.000, 14.825, 14.300,  0.525,  0.800,  1.000,  0.800,0.00000,  0.000,
mon_rep231013,2023-10-13T11:14:40,2172.870,  0.400,1,0,247, 25.000, 14.525,  0.000,-23.077, 13.525, 13.800,  0.000, 14.825, 14.300,  0.525,  0.800,  1.000,  0.800,0.00000,  0.000,
mon_rep231013,2023-10-13T11:14:41,2173.270,  0.400,1,0,247, 25.000, 14.525,  0.000,-23.077, 13.525, 13.800,  0.000, 14.825, 14.300,  0.525,  0.800,  1.000,  0.800,0.00000,  0.000,
mon_rep231013,2023-10-13T11:14:41,2173.670,  0.400,1,0,247, 25.000, 14.525,  0.000,-23.077, 13.525, 13.800,  0.000, 14.825, 14.300,  0.525,  0.800,  1.000,  0.800,0.00000,  0.000,
mon_rep231013,2023-10-13T11:14:42,2174.070,  0.400,1,0,247, 25.000, 14.525,  0.000,-23.077, 13.525, 13.800,  0.000, 14.825, 14.300,  0.525,  0.800,  1.000,  0.800,0.00000,  0.000,
mon_rep231013,2023-10-13T11:14:42,2174.470,  0.400,1,0,247, 25.000, 14.525,  0.000,-23.077, 13.525, 13.800,  0.000, 14.825, 14.300,  0.525,  0.800,  1.000,  0.800,0.00000,  0.000,
mon_rep231013,2023-10-13T11:14:42,2174.870,  0.400,1,0,247, 25.000, 14.525,  0.000,-23.077, 13.525, 13.800,  0.000, 14.825, 14.300,  0.525,  0.800,  1.000,  0.800,0.00000,  0.000,
mon_rep231013,2023-10-13T11:14:43,2175.270,  0.400,1,0,247, 25.000, 14.525,  0.000,-23.077, 13.525, 13.800,  0.000, 14.825, 14.300,  0.525,  0.800,  1.000,  0.800,0.00000,  0.000,
mon_rep231013,2023-10-13T11:14:43,2175.670,  0.400,1,0,247, 25.000, 14.525,  0.000,-23.077, 13.525, 13.800,  0.000, 14.825, 14.300,  0.525,  0.800,  1.000,  0.800,0.00000,  0.000,
mon_rep231013,2023-10-13T11:14:44,2176.070,  0.400,1,0,247, 25.000, 14.525,  0.000,-23.077, 13.525, 13.800,  0.000, 14.825, 14.300,  0.525,  0.800,  1.000,  0.800,0.00000,  0.000,
mon_rep231013,2023-10-13T11:14:44,2176.470,  0.400,1,0,247, 25.000, 14.525,  0.000,-23.077, 13.525, 13.800,  0.000, 14.825, 14.300,  0.525,  0.800,  1.000,  0.800,0.00000,  0.000,
mon_rep231013,2023-10-13T11:14:44,2176.870,  0.400,1,0,247, 25.000, 14.525,  0.000,-23.077, 13.525, 13.800,  0.000, 14.825, 14.300,  0.525,  0.800,  1.000,  0.800,0.00000,  0.000,
mon_rep231013,2023-10-13T11:14:45,2177.270,  0.400,1,0,247, 25.000, 14.525,  0.000,-23.077, 13.525, 13.800,  0.000, 14.825, 14.300,  0.525,  0.800,  1.000,  0.800,0.00000,  0.000,
mon_rep231013,2023-10-13T11:14:45,2177.670,  0.400,1,0,247, 25.000, 14.525,  0.000,-23.077, 13.525, 13.800,  0.000, 14.825, 14.300,  0.525,  0.800,  1.000,  0.800,0.00000,  0.000,
mon_rep231013,2023-10-13T11:14:46,2178.070,  0.400,1,0,247, 25.000, 14.525,  0.000,-23.077, 13.525, 13.800,  0.000, 14.825, 14.300,  0.525,  0.800,  1.000,  0.800,0.00000,  0.000,
mon_rep231013,2023-10-13T11:14:46,2178.470,  0.400,1,0,247, 25.000, 14.525,  0.000,-23.077, 13.525, 13.800,  0.000, 14.825, 14.300,  0.525,  0.800,  1.000,  0.800,0.00000,  0.000,
mon_rep231013,2023-10-13T11:14:46,2178.870,  0.400,1,0,247, 25.000, 14.525,  0.000,-23.077, 13.525, 13.800,  0.000, 14.825, 14.300,  0.525,  0.800,  1.000,  0.800,0.00000,  0.000,
mon_rep231013,2023-10-13T11:14:47,2179.270,  0.400,1,0,247, 25.000, 14.525,  0.000,-23.077, 13.525, 13.800,  0.000, 14.825, 14.300,  0.525,  0.800,  1.000,  0.800,0.00000,  0.000,
mon_rep231013,2023-10-13T11:14:47,2179.670,  0.400,1,0,247, 25.000, 14.525,  0.000,-23.077, 13.525, 13.800,  0.000, 14.825, 14.300,  0.525,  0.800,  1.000,  0.800,0.00000,  0.000,
mon_rep231013,2023-10-13T11:14:48,2180.070,  0.400,1,0,247, 25.000, 14.525,  0.000,-23.077, 13.525, 13.800,  0.000, 14.825, 14.300,  0.525,  0.800,  1.000,  0.800,0.00000,  0.000,
mon_rep231013,2023-10-13T11:14:48,2180.470,  0.400,1,0,247, 25.000, 14.525,  0.000,-23.077, 13.525, 13.800,  0.000, 14.825, 14.300,  0.525,  0.800,  1.000,  0.800,0.00000,  0.000,
mon_rep231013,2023-10-13T11:14:48,2180.870,  0.400,1,0,247, 25.000, 14.525,  0.000,-23.077, 13.525, 13.800,  0.000, 14.825, 14.300,  0.525,  0.800,  1.000,  0.800,0.00000,  0.000,
mon_rep231013,2023-10-13T11:14:49,2181.270,  0.400,1,0,247, 25.000, 14.525,  0.000,-23.077, 13.525, 13.800,  0.000, 14.825, 14.300,  0.525,  0.800,  1.000,  0.800,0.00000,  0.000,
mon_rep231013,2023-10-13T11:14:49,2181.670,  0.400,1,0,247, 25.000, 14.525,  0.000,-23.077, 13.525, 13.800,  0.000, 14.825, 14.300,  0.525,  0.800,  1.000,  0.800,0.00000,  0.000,
mon_rep231013,2023-10-13T11:14:50,2182.070,  0.400,1,0,247, 25.000, 14.525,  0.000,-23.077, 13.525, 13.800,  0.000, 14.825, 14.300,  0.525,  0.800,  1.000,  0.800,0.00000,  0.000,
mon_rep231013,2023-10-13T11:14:50,2182.470,  0.400,1,0,247, 25.000, 14.525,  0.000,-23.077, 13.525, 13.800,  0.000, 14.825, 14.300,  0.525,  0.800,  1.000,  0.800,0.00000,  0.000,
mon_rep231013,2023-10-13T11:14:50,2182.870,  0.400,1,0,247, 25.000, 14.525,  0.000,-23.077, 13.525, 13.800,  0.000, 14.825, 14.300,  0.525,  0.800,  1.000,  0.800,0.00000,  0.000,
mon_rep231013,2023-10-13T11:14:51,2183.270,  0.400,1,0,247, 25.000, 14.525,  0.000,-23.077, 13.525, 13.800,  0.000, 14.825, 14.300,  0.525,  0.800,  1.000,  0.800,0.00000,  0.000,
mon_rep231013,2023-10-13T11:14:51,2183.670,  0.400,1,0,247, 25.000, 14.525,  0.000,-23.077, 13.525, 13.800,  0.000, 14.825, 14.300,  0.525,  0.800,  1.000,  0.800,0.00000,  0.000,
mon_rep231013,2023-10-13T11:14:52,2184.070,  0.400,1,0,247, 25.000, 14.525,  0.000,-23.077, 13.525, 13.800,  0.000, 14.825, 14.300,  0.525,  0.800,  1.000,  0.800,0.00000,  0.000,
mon_rep231013,2023-10-13T11:14:52,2184.470,  0.400,1,0,247, 25.000, 14.525,  0.000,-23.077, 13.525, 13.800,  0.000, 14.825, 14.300,  0.525,  0.800,  1.000,  0.800,0.00000,  0.000,
mon_rep231013,2023-10-13T11:14:52,2184.870,  0.400,1,0,247, 25.000, 14.525,  0.000,-23.077, 13.525, 13.800,  0.000, 14.825, 14.300,  0.525,  0.800,  1.000,  0.800,0.00000,  0.000,
mon_rep231013,2023-10-13T11:14:53,2185.270,  0.400,1,0,247, 25.000, 14.525,  0.000,-23.077, 13.525, 13.800,  0.000, 14.825, 14.300,  0.525,  0.800,  1.000,  0.800,0.00000,  0.000,
mon_rep231013,2023-10-13T11:14:53,2185.670,  0.400,1,0,247, 25.000, 14.525,  0.000,-23.077, 13.525, 13.800,  0.000, 14.825, 14.300,  0.525,  0.800,  1.000,  0.800,0.00000,  0.000,
mon_rep231013,2023-10-13T11:14:54,2186.070,  0.400,1,0,247, 25.000, 14.525,  0.000,-23.077, 13.525, 13.800,  0.000, 14.825, 14.300,  0.525,  0.800,  1.000,  0.800,0.00000,  0.000,
mon_rep231013,2023-10-13T11:14:54,2186.470,  0.400,1,0,247, 25.000, 14.525,  0.000,-23.077, 13.525, 13.800,  0.000, 14.825, 14.300,  0.525,  0.800,  1.000,  0.800,0.00000,  0.000,
mon_rep231013,2023-10-13T11:14:54,2186.870,  0.400,1,0,247, 25.000, 14.525,  0.000,-23.077, 13.525, 13.800,  0.000, 14.825, 14.300,  0.525,  0.800,  1.000,  0.800,0.00000,  0.000,
mon_rep231013,2023-10-13T11:14:55,2187.270,  0.400,1,0,247, 25.000, 14.525,  0.000,-23.077, 13.525, 13.800,  0.000, 14.825, 14.300,  0.525,  0.800,  1.000,  0.800,0.00000,  0.000,
mon_rep231013,2023-10-13T11:14:55,2187.670,  0.400,1,0,247, 25.000, 14.525,  0.000,-23.077, 13.525, 13.800,  0.000, 14.825, 14.300,  0.525,  0.800,  1.000,  0.800,0.00000,  0.000,
mon_rep231013,2023-10-13T11:14:56,2188.070,  0.400,1,0,247, 25.000, 14.525,  0.000,-23.077, 13.525, 13.800,  0.000, 14.825, 14.300,  0.525,  0.800,  1.000,  0.800,0.00000,  0.000,
mon_rep231013,2023-10-13T11:14:56,2188.470,  0.400,1,0,247, 25.000, 14.525,  0.000,-23.077, 13.525, 13.800,  0.000, 14.825, 14.300,  0.525,  0.800,  1.000,  0.800,0.00000,  0.000,
mon_rep231013,2023-10-13T11:14:56,2188.870,  0.400,1,0,247, 25.000, 14.525,  0.000,-23.077, 13.525, 13.800,  0.000, 14.825, 14.300,  0.525,  0.800,  1.000,  0.800,0.00000,  0.000,
mon_rep231013,2023-10-13T11:14:57,2189.270,  0.400,1,0,247, 25.000, 14.525,  0.000,-23.077, 13.525, 13.800,  0.000, 14.825, 14.300,  0.525,  0.800,  1.000,  0.800,0.00000,  0.000,
mon_rep231013,2023-10-13T11:14:57,2189.670,  0.400,1,0,247, 25.000, 14.525,  0.000,-23.077, 13.525, 13.800,  0.000, 14.825, 14.300,  0.525,  0.800,  1.000,  0.800,0.00000,  0.000,
mon_rep231013,2023-10-13T11:14:58,2190.070,  0.400,1,0,247, 25.000, 14.525,  0.000,-23.077, 13.525, 13.800,  0.000, 14.825, 14.300,  0.525,  0.800,  1.000,  0.800,0.00000,  0.000,
mon_rep231013,2023-10-13T11:14:58,2190.470,  0.400,1,0,247, 25.000, 14.525,  0.000,-23.077, 13.525, 13.800,  0.000, 14.825, 14.300,  0.525,  0.800,  1.000,  0.800,0.00000,  0.000,
mon_rep231013,2023-10-13T11:14:58,2190.870,  0.400,1,0,247, 25.000, 14.525,  0.000,-23.077, 13.525, 13.800,  0.000, 14.825, 14.300,  0.525,  0.800,  1.000,  0.800,0.00000,  0.000,
mon_rep231013,2023-10-13T11:14:59,2191.270,  0.400,1,0,247, 25.000, 14.525,  0.000,-23.077, 13.525, 13.800,  0.000, 14.825, 14.300,  0.525,  0.800,  1.000,  0.800,0.00000,  0.000,
mon_rep231013,2023-10-13T11:14:59,2191.670,  0.400,1,0,247, 25.000, 14.525,  0.000,-23.077, 13.525, 13.800,  0.000, 14.825, 14.300,  0.525,  0.800,  1.000,  0.800,0.00000,  0.000,
mon_rep231013,2023-10-13T11:15:00,2192.070,  0.400,1,0,247, 25.000, 14.525,  0.000,-23.077, 13.525, 13.800,  0.000, 14.825, 14.300,  0.525,  0.800,  1.000,  0.800,0.00000,  0.000,
mon_rep231013,2023-10-13T11:15:00,2192.470,  0.400,1,0,247, 25.000, 14.525,  0.000,-23.077, 13.525, 13.800,  0.000, 14.825, 14.300,  0.525,  0.800,  1.000,  0.800,0.00000,  0.000,
mon_rep231013,2023-10-13T11:15:00,2192.870,  0.400,1,0,247, 25.000, 14.525,  0.000,-23.077, 13.525, 13.800,  0.000, 14.825, 14.300,  0.525,  0.800,  1.000,  0.800,0.00000,  0.000,
mon_rep231013,2023-10-13T11:15:01,2193.270,  0.400,1,0,247, 25.000, 14.525,  0.000,-23.077, 13.525, 13.800,  0.000, 14.825, 14.300,  0.525,  0.800,  1.000,  0.800,0.00000,  0.000,
mon_rep231013,2023-10-13T11:15:01,2193.670,  0.400,1,0,247, 25.000, 14.525,  0.000,-23.077, 13.525, 13.800,  0.000, 14.825, 14.300,  0.525,  0.800,  1.000,  0.800,0.00000,  0.000,
mon_rep231013,2023-10-13T11:15:02,2194.070,  0.400,1,0,247, 25.000, 14.525,  0.000,-23.077, 13.525, 13.800,  0.000, 14.825, 14.300,  0.525,  0.800,  1.000,  0.800,0.00000,  0.000,
mon_rep231013,2023-10-13T11:15:02,2194.470,  0.400,1,0,247, 25.000, 14.525,  0.000,-23.077, 13.525, 13.800,  0.000, 14.825, 14.300,  0.525,  0.800,  1.000,  0.800,0.00000,  0.000,
mon_rep231013,2023-10-13T11:15:02,2194.870,  0.400,1,0,247, 25.000, 14.525,  0.000,-23.077, 13.525, 13.800,  0.000, 14.825, 14.300,  0.525,  0.800,  1.000,  0.800,0.00000,  0.000,
mon_rep231013,2023-10-13T11:15:03,2195.270,  0.400,1,0,247, 25.000, 14.525,  0.000,-23.077, 13.525, 13.800,  0.000, 14.825, 14.300,  0.525,  0.800,  1.000,  0.800,0.00000,  0.000,
mon_rep231013,2023-10-13T11:15:03,2195.670,  0.400,1,0,247, 25.000, 14.525,  0.000,-23.077, 13.525, 13.800,  0.000, 14.825, 14.300,  0.525,  0.800,  1.000,  0.800,0.00000,  0.000,
mon_rep231013,2023-10-13T11:15:04,2196.070,  0.400,1,0,247, 25.000, 14.525,  0.000,-23.077, 13.525, 13.800,  0.000, 14.825, 14.300,  0.525,  0.800,  1.000,  0.800,0.00000,  0.000,
mon_rep231013,2023-10-13T11:15:04,2196.470,  0.400,1,0,247, 25.000, 14.525,  0.000,-23.077, 13.525, 13.800,  0.000, 14.825, 14.300,  0.525,  0.800,  1.000,  0.800,0.00000,  0.000,
mon_rep231013,2023-10-13T11:15:04,2196.870,  0.400,1,0,247, 25.000, 14.525,  0.000,-23.077, 13.525, 13.800,  0.000, 14.825, 14.300,  0.525,  0.800,  1.000,  0.800,0.00000,  0.000,
mon_rep231013,2023-10-13T11:15:05,2197.270,  0.400,1,0,247, 25.000, 14.525,  0.000,-23.077, 13.525, 13.800,  0.000, 14.825, 14.300,  0.525,  0.800,  1.000,  0.800,0.00000,  0.000,
mon_rep231013,2023-10-13T11:15:05,2197.670,  0.400,1,0,247, 25.000, 14.525,  0.000,-23.077, 13.525, 13.800,  0.000, 14.825, 14.300,  0.525,  0.800,  1.000,  0.800,0.00000,  0.000,
mon_rep231013,2023-10-13T11:15:06,2198.070,  0.400,1,0,247, 25.000, 14.525,  0.000,-23.077, 13.525, 13.800,  0.000, 14.825, 14.300,  0.525,  0.800,  1.000,  0.800,0.00000,  0.000,
mon_rep231013,2023-10-13T11:15:06,2198.470,  0.400,1,0,247, 25.000, 14.525,  0.000,-23.077, 13.525, 13.800,  0.000, 14.825, 14.300,  0.525,  0.800,  1.000,  0.800,0.00000,  0.000,
mon_rep231013,2023-10-13T11:15:06,2198.870,  0.400,1,0,247, 25.000, 14.525,  0.000,-23.077, 13.525, 13.800,  0.000, 14.825, 14.300,  0.525,  0.800,  1.000,  0.800,0.00000,  0.000,
mon_rep231013,2023-10-13T11:15:07,2199.270,  0.400,1,0,247, 25.000, 14.525,  0.000,-23.077, 13.525, 13.800,  0.000, 14.825, 14.300,  0.525,  0.800,  1.000,  0.800,0.00000,  0.000,
mon_rep231013,2023-10-13T11:15:07,2199.670,  0.400,1,0,247, 25.000, 14.525,  0.000,-23.077, 13.525, 13.800,  0.000, 14.825, 14.300,  0.525,  0.800,  1.000,  0.800,0.00000,  0.000,
mon_rep231013,2023-10-13T11:15:08,2200.070,  0.400,1,0,247, 25.000, 14.525,  0.000,-23.077, 13.525, 13.800,  0.000, 14.825, 14.300,  0.525,  0.800,  1.000,  0.800,0.00000,  0.000,
mon_rep231013,2023-10-13T11:15:08,2200.470,  0.400,1,0,247, 25.000, 14.525,  0.000,-23.077, 13.525, 13.800,  0.000, 14.825, 14.300,  0.525,  0.800,  1.000,  0.800,0.00000,  0.000,
mon_rep231013,2023-10-13T11:15:08,2200.870,  0.400,1,0,247, 25.000, 14.525,  0.000,-23.077, 13.525, 13.800,  0.000, 14.825, 14.300,  0.525,  0.800,  1.000,  0.800,0.00000,  0.000,
mon_rep231013,2023-10-13T11:15:09,2201.270,  0.400,1,0,247, 25.000, 14.525,  0.000,-23.077, 13.525, 13.800,  0.000, 14.825, 14.300,  0.525,  0.800,  1.000,  0.800,0.00000,  0.000,
mon_rep231013,2023-10-13T11:15:09,2201.670,  0.400,1,0,247, 25.000, 14.525,  0.000,-23.077, 13.525, 13.800,  0.000, 14.825, 14.300,  0.525,  0.800,  1.000,  0.800,0.00000,  0.000,
mon_rep231013,2023-10-13T11:15:10,2202.070,  0.400,1,0,247, 25.000, 14.525,  0.000,-23.077, 13.525, 13.800,  0.000, 14.825, 14.300,  0.525,  0.800,  1.000,  0.800,0.00000,  0.000,
mon_rep231013,2023-10-13T11:15:10,2202.470,  0.400,1,0,247, 25.000, 14.525,  0.000,-23.077, 13.525, 13.800,  0.000, 14.825, 14.300,  0.525,  0.800,  1.000,  0.800,0.00000,  0.000,
mon_rep231013,2023-10-13T11:15:10,2202.870,  0.400,1,0,247, 25.000, 14.525,  0.000,-23.077, 13.525, 13.800,  0.000, 14.825, 14.300,  0.525,  0.800,  1.000,  0.800,0.00000,  0.000,
mon_rep231013,2023-10-13T11:15:11,2203.270,  0.400,1,0,247, 25.000, 14.525,  0.000,-23.077, 13.525, 13.800,  0.000, 14.825, 14.300,  0.525,  0.800,  1.000,  0.800,0.00000,  0.000,
mon_rep231013,2023-10-13T11:15:11,2203.670,  0.400,1,0,247, 25.000, 14.525,  0.000,-23.077, 13.525, 13.800,  0.000, 14.825, 14.300,  0.525,  0.800,  1.000,  0.800,0.00000,  0.000,
mon_rep231013,2023-10-13T11:15:12,2204.070,  0.400,1,0,247, 25.000, 14.525,  0.000,-23.077, 13.525, 13.800,  0.000, 14.825, 14.300,  0.525,  0.800,  1.000,  0.800,0.00000,  0.000,
mon_rep231013,2023-10-13T11:15:12,2204.470,  0.400,1,0,247, 25.000, 14.525,  0.000,-23.077, 13.525, 13.800,  0.000, 14.825, 14.300,  0.525,  0.800,  1.000,  0.800,0.00000,  0.000,
mon_rep231013,2023-10-13T11:15:12,2204.870,  0.400,1,0,247, 25.000, 14.525,  0.000,-23.077, 13.525, 13.800,  0.000, 14.825, 14.300,  0.525,  0.800,  1.000,  0.800,0.00000,  0.000,
mon_rep231013,2023-10-13T11:15:13,2205.270,  0.400,1,0,247, 25.000, 14.525,  0.000,-23.077, 13.525, 13.800,  0.000, 14.825, 14.300,  0.525,  0.800,  1.000,  0.800,0.00000,  0.000,
mon_rep231013,2023-10-13T11:15:13,2205.670,  0.400,1,0,247, 25.000, 14.525,  0.000,-23.077, 13.525, 13.800,  0.000, 14.825, 14.300,  0.525,  0.800,  1.000,  0.800,0.00000,  0.000,
mon_rep231013,2023-10-13T11:15:14,2206.070,  0.400,1,0,247, 25.000, 14.525,  0.000,-23.077, 13.525, 13.800,  0.000, 14.825, 14.300,  0.525,  0.800,  1.000,  0.800,0.00000,  0.000,
mon_rep231013,2023-10-13T11:15:14,2206.470,  0.400,1,0,247, 25.000, 14.525,  0.000,-23.077, 13.525, 13.800,  0.000, 14.825, 14.300,  0.525,  0.800,  1.000,  0.800,0.00000,  0.000,
mon_rep231013,2023-10-13T11:15:14,2206.870,  0.400,1,0,247, 25.000, 14.525,  0.000,-23.077, 13.525, 13.800,  0.000, 14.825, 14.300,  0.525,  0.800,  1.000,  0.800,0.00000,  0.000,
mon_rep231013,2023-10-13T11:15:15,2207.270,  0.400,1,0,247, 25.000, 14.525,  0.000,-23.077, 13.525, 13.800,  0.000, 14.825, 14.300,  0.525,  0.800,  1.000,  0.800,0.00000,  0.000,
mon_rep231013,2023-10-13T11:15:15,2207.670,  0.400,1,0,247, 25.000, 14.525,  0.000,-23.077, 13.525, 13.800,  0.000, 14.825, 14.300,  0.525,  0.800,  1.000,  0.800,0.00000,  0.000,
mon_rep231013,2023-10-13T11:15:16,2208.070,  0.400,1,0,247, 25.000, 14.525,  0.000,-23.077, 13.525, 13.800,  0.000, 14.825, 14.300,  0.525,  0.800,  1.000,  0.800,0.00000,  0.000,
mon_rep231013,2023-10-13T11:15:16,2208.470,  0.400,1,0,247, 25.000, 14.525,  0.000,-23.077, 13.525, 13.800,  0.000, 14.825, 14.300,  0.525,  0.800,  1.000,  0.800,0.00000,  0.000,
mon_rep231013,2023-10-13T11:15:16,2208.870,  0.400,1,0,247, 25.000, 14.525,  0.000,-23.077, 13.525, 13.800,  0.000, 14.825, 14.300,  0.525,  0.800,  1.000,  0.800,0.00000,  0.000,
mon_rep231013,2023-10-13T11:15:17,2209.270,  0.400,1,0,247, 25.000, 14.525,  0.000,-23.077, 13.525, 13.800,  0.000, 14.825, 14.300,  0.525,  0.800,  1.000,  0.800,0.00000,  0.000,
mon_rep231013,2023-10-13T11:15:17,2209.670,  0.400,1,0,247, 25.000, 14.525,  0.000,-23.077, 13.525, 13.800,  0.000, 14.825, 14.300,  0.525,  0.800,  1.000,  0.800,0.00000,  0.000,
mon_rep231013,2023-10-13T11:15:18,2210.070,  0.400,1,0,247, 25.000, 14.525,  0.000,-23.077, 13.525, 13.800,  0.000, 14.825, 14.300,  0.525,  0.800,  1.000,  0.800,0.00000,  0.000,
mon_rep231013,2023-10-13T11:15:18,2210.470,  0.400,1,0,247, 25.000, 14.525,  0.000,-23.077, 13.525, 13.800,  0.000, 14.825, 14.300,  0.525,  0.800,  1.000,  0.800,0.00000,  0.000,
mon_rep231013,2023-10-13T11:15:18,2210.870,  0.400,1,0,247, 25.000, 14.525,  0.000,-23.077, 13.525, 13.800,  0.000, 14.825, 14.300,  0.525,  0.800,  1.000,  0.800,0.00000,  0.000,
mon_rep231013,2023-10-13T11:15:19,2211.270,  0.400,1,0,247, 25.000, 14.525,  0.000,-23.077, 13.525, 13.800,  0.000, 14.825, 14.300,  0.525,  0.800,  1.000,  0.800,0.00000,  0.000,
mon_rep231013,2023-10-13T11:15:19,2211.670,  0.400,1,0,247, 25.000, 14.525,  0.000,-23.077, 13.525, 13.800,  0.000, 14.825, 14.300,  0.525,  0.800,  1.000,  0.800,0.00000,  0.000,
mon_rep231013,2023-10-13T11:15:20,2212.070,  0.400,1,0,247, 25.000, 14.525,  0.000,-23.077, 13.525, 13.800,  0.000, 14.825, 14.300,  0.525,  0.800,  1.000,  0.800,0.00000,  0.000,
mon_rep231013,2023-10-13T11:15:20,2212.470,  0.400,1,0,247, 25.000, 14.525,  0.000,-23.077, 13.525, 13.800,  0.000, 14.825, 14.300,  0.525,  0.800,  1.000,  0.800,0.00000,  0.000,
mon_rep231013,2023-10-13T11:15:20,2212.870,  0.400,1,0,247, 25.000, 14.525,  0.000,-23.077, 13.525, 13.800,  0.000, 14.825, 14.300,  0.525,  0.800,  1.000,  0.800,0.00000,  0.000,
mon_rep231013,2023-10-13T11:15:21,2213.270,  0.400,1,0,247, 25.000, 14.525,  0.000,-23.077, 13.525, 13.800,  0.000, 14.825, 14.300,  0.525,  0.800,  1.000,  0.800,0.00000,  0.000,
mon_rep231013,2023-10-13T11:15:21,2213.670,  0.400,1,0,247, 25.000, 14.525,  0.000,-23.077, 13.525, 13.800,  0.000, 14.825, 14.300,  0.525,  0.800,  1.000,  0.800,0.00000,  0.000,
mon_rep231013,2023-10-13T11:15:22,2214.070,  0.400,1,0,247, 25.000, 14.525,  0.000,-23.077, 13.525, 13.800,  0.000, 14.825, 14.300,  0.525,  0.800,  1.000,  0.800,0.00000,  0.000,
mon_rep231013,2023-10-13T11:15:22,2214.470,  0.400,1,0,247, 25.000, 14.525,  0.000,-23.077, 13.525, 13.800,  0.000, 14.825, 14.300,  0.525,  0.800,  1.000,  0.800,0.00000,  0.000,
mon_rep231013,2023-10-13T11:15:22,2214.870,  0.400,1,0,247, 25.000, 14.525,  0.000,-23.077, 13.525, 13.800,  0.000, 14.825, 14.300,  0.525,  0.800,  1.000,  0.800,0.00000,  0.000,
mon_rep231013,2023-10-13T11:15:23,2215.270,  0.400,1,0,247, 25.000, 14.525,  0.000,-23.077, 13.525, 13.800,  0.000, 14.825, 14.300,  0.525,  0.800,  1.000,  0.800,0.00000,  0.000,
mon_rep231013,2023-10-13T11:15:23,2215.670,  0.400,1,0,247, 25.000, 14.525,  0.000,-23.077, 13.525, 13.800,  0.000, 14.825, 14.300,  0.525,  0.800,  1.000,  0.800,0.00000,  0.000,
mon_rep231013,2023-10-13T11:15:24,2216.070,  0.400,1,0,247, 25.000, 14.525,  0.000,-23.077, 13.525, 13.800,  0.000, 14.825, 14.300,  0.525,  0.800,  1.000,  0.800,0.00000,  0.000,
mon_rep231013,2023-10-13T11:15:24,2216.470,  0.400,1,0,247, 25.000, 14.525,  0.000,-23.077, 13.525, 13.800,  0.000, 14.825, 14.300,  0.525,  0.800,  1.000,  0.800,0.00000,  0.000,
mon_rep231013,2023-10-13T11:15:24,2216.870,  0.400,1,0,247, 25.000, 14.525,  0.000,-23.077, 13.525, 13.800,  0.000, 14.825, 14.300,  0.525,  0.800,  1.000,  0.800,0.00000,  0.000,
mon_rep231013,2023-10-13T11:15:25,2217.270,  0.400,1,0,247, 25.000, 14.525,  0.000,-23.077, 13.525, 13.800,  0.000, 14.825, 14.300,  0.525,  0.800,  1.000,  0.800,0.00000,  0.000,
mon_rep231013,2023-10-13T11:15:25,2217.670,  0.400,1,0,247, 25.000, 14.525,  0.000,-23.077, 13.525, 13.800,  0.000, 14.825, 14.300,  0.525,  0.800,  1.000,  0.800,0.00000,  0.000,
mon_rep231013,2023-10-13T11:15:26,2218.070,  0.400,1,0,247, 25.000, 14.525,  0.000,-23.077, 13.525, 13.800,  0.000, 14.825, 14.300,  0.525,  0.800,  1.000,  0.800,0.00000,  0.000,
mon_rep231013,2023-10-13T11:15:26,2218.470,  0.400,1,0,247, 25.000, 14.525,  0.000,-23.077, 13.525, 13.800,  0.000, 14.825, 14.300,  0.525,  0.800,  1.000,  0.800,0.00000,  0.000,
mon_rep231013,2023-10-13T11:15:26,2218.870,  0.400,1,0,247, 25.000, 14.525,  0.000,-23.077, 13.525, 13.800,  0.000, 14.825, 14.300,  0.525,  0.800,  1.000,  0.800,0.00000,  0.000,
mon_rep231013,2023-10-13T11:15:27,2219.270,  0.400,1,0,247, 25.000, 14.525,  0.000,-23.077, 13.525, 13.800,  0.000, 14.825, 14.300,  0.525,  0.800,  1.000,  0.800,0.00000,  0.000,
mon_rep231013,2023-10-13T11:15:27,2219.670,  0.400,1,0,247, 25.000, 14.525,  0.000,-23.077, 13.525, 13.800,  0.000, 14.825, 14.300,  0.525,  0.800,  1.000,  0.800,0.00000,  0.000,
mon_rep231013,2023-10-13T11:15:28,2220.070,  0.400,1,0,247, 25.000, 14.525,  0.000,-23.077, 13.525, 13.800,  0.000, 14.825, 14.300,  0.525,  0.800,  1.000,  0.800,0.00000,  0.000,
mon_rep231013,2023-10-13T11:15:28,2220.470,  0.400,1,0,247, 25.000, 14.525,  0.000,-23.077, 13.525, 13.800,  0.000, 14.825, 14.300,  0.525,  0.800,  1.000,  0.800,0.00000,  0.000,
mon_rep231013,2023-10-13T11:15:28,2220.870,  0.400,1,0,247, 25.000, 14.525,  0.000,-23.077, 13.525, 13.800,  0.000, 14.825, 14.300,  0.525,  0.800,  1.000,  0.800,0.00000,  0.000,
mon_rep231013,2023-10-13T11:15:29,2221.270,  0.400,1,0,247, 25.000, 14.525,  0.000,-23.077, 13.525, 13.800,  0.000, 14.825, 14.300,  0.525,  0.800,  1.000,  0.800,0.00000,  0.000,
mon_rep231013,2023-10-13T11:15:29,2221.670,  0.400,1,0,247, 25.000, 14.525,  0.000,-23.077, 13.525, 13.800,  0.000, 14.825, 14.300,  0.525,  0.800,  1.000,  0.800,0.00000,  0.000,
mon_rep231013,2023-10-13T11:15:30,2222.070,  0.400,1,0,247, 25.000, 14.525,  0.000,-23.077, 13.525, 13.800,  0.000, 14.825, 14.300,  0.525,  0.800,  1.000,  0.800,0.00000,  0.000,
mon_rep231013,2023-10-13T11:15:30,2222.470,  0.400,1,0,247, 25.000, 14.525,  0.000,-23.077, 13.525, 13.800,  0.000, 14.825, 14.300,  0.525,  0.800,  1.000,  0.800,0.00000,  0.000,
mon_rep231013,2023-10-13T11:15:30,2222.870,  0.400,1,0,247, 25.000, 14.525,  0.000,-23.077, 13.525, 13.800,  0.000, 14.825, 14.300,  0.525,  0.800,  1.000,  0.800,0.00000,  0.000,
mon_rep231013,2023-10-13T11:15:31,2223.270,  0.400,1,0,247, 25.000, 14.525,  0.000,-23.077, 13.525, 13.800,  0.000, 14.825, 14.300,  0.525,  0.800,  1.000,  0.800,0.00000,  0.000,
mon_rep231013,2023-10-13T11:15:31,2223.670,  0.400,1,0,247, 25.000, 14.525,  0.000,-23.077, 13.525, 13.800,  0.000, 14.825, 14.300,  0.525,  0.800,  1.000,  0.800,0.00000,  0.000,
mon_rep231013,2023-10-13T11:15:32,2224.070,  0.400,1,0,247, 25.000, 14.525,  0.000,-23.077, 13.525, 13.800,  0.000, 14.825, 14.300,  0.525,  0.800,  1.000,  0.800,0.00000,  0.000,
mon_rep231013,2023-10-13T11:15:32,2224.470,  0.400,1,0,247, 25.000, 14.525,  0.000,-23.077, 13.525, 13.800,  0.000, 14.825, 14.300,  0.525,  0.800,  1.000,  0.800,0.00000,  0.000,
mon_rep231013,2023-10-13T11:15:32,2224.870,  0.400,1,0,247, 25.000, 14.525,  0.000,-23.077, 13.525, 13.800,  0.000, 14.825, 14.300,  0.525,  0.800,  1.000,  0.800,0.00000,  0.000,
mon_rep231013,2023-10-13T11:15:33,2225.270,  0.400,1,0,247, 25.000, 14.525,  0.000,-23.077, 13.525, 13.800,  0.000, 14.825, 14.300,  0.525,  0.800,  1.000,  0.800,0.00000,  0.000,
mon_rep231013,2023-10-13T11:15:33,2225.670,  0.400,1,0,247, 25.000, 14.525,  0.000,-23.077, 13.525, 13.800,  0.000, 14.825, 14.300,  0.525,  0.800,  1.000,  0.800,0.00000,  0.000,
mon_rep231013,2023-10-13T11:15:34,2226.070,  0.400,1,0,247, 25.000, 14.525,  0.000,-23.077, 13.525, 13.800,  0.000, 14.825, 14.300,  0.525,  0.800,  1.000,  0.800,0.00000,  0.000,
mon_rep231013,2023-10-13T11:15:34,2226.470,  0.400,1,0,247, 25.000, 14.525,  0.000,-23.077, 13.525, 13.800,  0.000, 14.825, 14.300,  0.525,  0.800,  1.000,  0.800,0.00000,  0.000,
mon_rep231013,2023-10-13T11:15:34,2226.870,  0.400,1,0,247, 25.000, 14.525,  0.000,-23.077, 13.525, 13.800,  0.000, 14.825, 14.300,  0.525,  0.800,  1.000,  0.800,0.00000,  0.000,
mon_rep231013,2023-10-13T11:15:35,2227.270,  0.400,1,0,247, 25.000, 14.525,  0.000,-23.077, 13.525, 13.800,  0.000, 14.825, 14.300,  0.525,  0.800,  1.000,  0.800,0.00000,  0.000,
mon_rep231013,2023-10-13T11:15:35,2227.670,  0.400,1,0,247, 25.000, 14.525,  0.000,-23.077, 13.525, 13.800,  0.000, 14.825, 14.300,  0.525,  0.800,  1.000,  0.800,0.00000,  0.000,
mon_rep231013,2023-10-13T11:15:36,2228.070,  0.400,1,0,247, 25.000, 14.525,  0.000,-23.077, 13.525, 13.800,  0.000, 14.825, 14.300,  0.525,  0.800,  1.000,  0.800,0.00000,  0.000,
mon_rep231013,2023-10-13T11:15:36,2228.470,  0.400,1,0,247, 25.000, 14.525,  0.000,-23.077, 13.525, 13.800,  0.000, 14.825, 14.300,  0.525,  0.800,  1.000,  0.800,0.00000,  0.000,
mon_rep231013,2023-10-13T11:15:36,2228.870,  0.400,1,0,247, 25.000, 14.525,  0.000,-23.077, 13.525, 13.800,  0.000, 14.825, 14.300,  0.525,  0.800,  1.000,  0.800,0.00000,  0.000,
mon_rep231013,2023-10-13T11:15:37,2229.270,  0.400,1,0,247, 25.000, 14.525,  0.000,-23.077, 13.525, 13.800,  0.000, 14.825, 14.300,  0.525,  0.800,  1.000,  0.800,0.00000,  0.000,
mon_rep231013,2023-10-13T11:15:37,2229.670,  0.400,1,0,247, 25.000, 14.525,  0.000,-23.077, 13.525, 13.800,  0.000, 14.825, 14.300,  0.525,  0.800,  1.000,  0.800,0.00000,  0.000,
mon_rep231013,2023-10-13T11:15:38,2230.070,  0.400,1,0,247, 25.000, 14.525,  0.000,-23.077, 13.525, 13.800,  0.000, 14.825, 14.300,  0.525,  0.800,  1.000,  0.800,0.00000,  0.000,
mon_rep231013,2023-10-13T11:15:38,2230.470,  0.400,1,0,247, 25.000, 14.525,  0.000,-23.077, 13.525, 13.800,  0.000, 14.825, 14.300,  0.525,  0.800,  1.000,  0.800,0.00000,  0.000,
mon_rep231013,2023-10-13T11:15:38,2230.870,  0.400,1,0,247, 25.000, 14.525,  0.000,-23.077, 13.525, 13.800,  0.000, 14.825, 14.300,  0.525,  0.800,  1.000,  0.800,0.00000,  0.000,
mon_rep231013,2023-10-13T11:15:39,2231.270,  0.400,1,0,247, 25.000, 14.525,  0.000,-23.077, 13.525, 13.800,  0.000, 14.825, 14.300,  0.525,  0.800,  1.000,  0.800,0.00000,  0.000,
mon_rep231013,2023-10-13T11:15:39,2231.670,  0.400,1,0,247, 25.000, 14.525,  0.000,-23.077, 13.525, 13.800,  0.000, 14.825, 14.300,  0.525,  0.800,  1.000,  0.800,0.00000,  0.000,
mon_rep231013,2023-10-13T11:15:40,2232.070,  0.400,1,0,247, 25.000, 14.525,  0.000,-23.077, 13.525, 13.800,  0.000, 14.825, 14.300,  0.525,  0.800,  1.000,  0.800,0.00000,  0.000,
mon_rep231013,2023-10-13T11:15:40,2232.470,  0.400,1,0,247, 25.000, 14.525,  0.000,-23.077, 13.525, 13.800,  0.000, 14.825, 14.300,  0.525,  0.800,  1.000,  0.800,0.00000,  0.000,
mon_rep231013,2023-10-13T11:15:40,2232.870,  0.400,1,0,247, 25.000, 14.525,  0.000,-23.077, 13.525, 13.800,  0.000, 14.825, 14.300,  0.525,  0.800,  1.000,  0.800,0.00000,  0.000,
mon_rep231013,2023-10-13T11:15:41,2233.270,  0.400,1,0,247, 25.000, 14.525,  0.000,-23.077, 13.525, 13.800,  0.000, 14.825, 14.300,  0.525,  0.800,  1.000,  0.800,0.00000,  0.000,
mon_rep231013,2023-10-13T11:15:41,2233.670,  0.400,1,0,247, 25.000, 14.525,  0.000,-23.077, 13.525, 13.800,  0.000, 14.825, 14.300,  0.525,  0.800,  1.000,  0.800,0.00000,  0.000,
mon_rep231013,2023-10-13T11:15:42,2234.070,  0.400,1,0,247, 25.000, 14.525,  0.000,-23.077, 13.525, 13.800,  0.000, 14.825, 14.300,  0.525,  0.800,  1.000,  0.800,0.00000,  0.000,
mon_rep231013,2023-10-13T11:15:42,2234.470,  0.400,1,0,247, 25.000, 14.525,  0.000,-23.077, 13.525, 13.800,  0.000, 14.825, 14.300,  0.525,  0.800,  1.000,  0.800,0.00000,  0.000,
mon_rep231013,2023-10-13T11:15:42,2234.870,  0.400,1,0,247, 25.000, 14.525,  0.000,-23.077, 13.525, 13.800,  0.000, 14.825, 14.300,  0.525,  0.800,  1.000,  0.800,0.00000,  0.000,
mon_rep231013,2023-10-13T11:15:43,2235.270,  0.400,1,0,247, 25.000, 14.525,  0.000,-23.077, 13.525, 13.800,  0.000, 14.825, 14.300,  0.525,  0.800,  1.000,  0.800,0.00000,  0.000,
mon_rep231013,2023-10-13T11:15:43,2235.670,  0.400,1,0,247, 25.000, 14.525,  0.000,-23.077, 13.525, 13.800,  0.000, 14.825, 14.300,  0.525,  0.800,  1.000,  0.800,0.00000,  0.000,
mon_rep231013,2023-10-13T11:15:44,2236.070,  0.400,1,0,247, 25.000, 14.525,  0.000,-23.077, 13.525, 13.800,  0.000, 14.825, 14.300,  0.525,  0.800,  1.000,  0.800,0.00000,  0.000,
mon_rep231013,2023-10-13T11:15:44,2236.470,  0.400,1,0,247, 25.000, 14.525,  0.000,-23.077, 13.525, 13.800,  0.000, 14.825, 14.300,  0.525,  0.800,  1.000,  0.800,0.00000,  0.000,
mon_rep231013,2023-10-13T11:15:44,2236.870,  0.400,1,0,247, 25.000, 14.525,  0.000,-23.077, 13.525, 13.800,  0.000, 14.825, 14.300,  0.525,  0.800,  1.000,  0.800,0.00000,  0.000,
mon_rep231013,2023-10-13T11:15:45,2237.270,  0.400,1,0,247, 25.000, 14.525,  0.000,-23.077, 13.525, 13.800,  0.000, 14.825, 14.300,  0.525,  0.800,  1.000,  0.800,0.00000,  0.000,
mon_rep231013,2023-10-13T11:15:45,2237.670,  0.400,1,0,247, 25.000, 14.525,  0.000,-23.077, 13.525, 13.800,  0.000, 14.825, 14.300,  0.525,  0.800,  1.000,  0.800,0.00000,  0.000,
mon_rep231013,2023-10-13T11:15:46,2238.070,  0.400,1,0,247, 25.000, 14.525,  0.000,-23.077, 13.525, 13.800,  0.000, 14.825, 14.300,  0.525,  0.800,  1.000,  0.800,0.00000,  0.000,
mon_rep231013,2023-10-13T11:15:46,2238.470,  0.400,1,0,247, 25.000, 14.525,  0.000,-23.077, 13.525, 13.800,  0.000, 14.825, 14.300,  0.525,  0.800,  1.000,  0.800,0.00000,  0.000,
mon_rep231013,2023-10-13T11:15:46,2238.870,  0.400,1,0,247, 25.000, 14.525,  0.000,-23.077, 13.525, 13.800,  0.000, 14.825, 14.300,  0.525,  0.800,  1.000,  0.800,0.00000,  0.000,
mon_rep231013,2023-10-13T11:15:47,2239.270,  0.400,1,0,247, 25.000, 14.525,  0.000,-23.077, 13.525, 13.800,  0.000, 14.825, 14.300,  0.525,  0.800,  1.000,  0.800,0.00000,  0.000,
mon_rep231013,2023-10-13T11:15:47,2239.670,  0.400,1,0,247, 25.000, 14.525,  0.000,-23.077, 13.525, 13.800,  0.000, 14.825, 14.300,  0.525,  0.800,  1.000,  0.800,0.00000,  0.000,
mon_rep231013,2023-10-13T11:15:48,2240.070,  0.400,1,0,247, 25.000, 14.525,  0.000,-23.077, 13.525, 13.800,  0.000, 14.825, 14.300,  0.525,  0.800,  1.000,  0.800,0.00000,  0.000,
mon_rep231013,2023-10-13T11:15:48,2240.470,  0.400,1,0,247, 25.000, 14.525,  0.000,-23.077, 13.525, 13.800,  0.000, 14.825, 14.300,  0.525,  0.800,  1.000,  0.800,0.00000,  0.000,
mon_rep231013,2023-10-13T11:15:48,2240.870,  0.400,1,0,247, 25.000, 14.525,  0.000,-23.077, 13.525, 13.800,  0.000, 14.825, 14.300,  0.525,  0.800,  1.000,  0.800,0.00000,  0.000,
mon_rep231013,2023-10-13T11:15:49,2241.270,  0.400,1,0,247, 25.000, 14.525,  0.000,-23.077, 13.525, 13.800,  0.000, 14.825, 14.300,  0.525,  0.800,  1.000,  0.800,0.00000,  0.000,
mon_rep231013,2023-10-13T11:15:49,2241.670,  0.400,1,0,247, 25.000, 14.525,  0.000,-23.077, 13.525, 13.800,  0.000, 14.825, 14.300,  0.525,  0.800,  1.000,  0.800,0.00000,  0.000,
mon_rep231013,2023-10-13T11:15:50,2242.070,  0.400,1,0,247, 25.000, 14.525,  0.000,-23.077, 13.525, 13.800,  0.000, 14.825, 14.300,  0.525,  0.800,  1.000,  0.800,0.00000,  0.000,
mon_rep231013,2023-10-13T11:15:50,2242.470,  0.400,1,0,247, 25.000, 14.525,  0.000,-23.077, 13.525, 13.800,  0.000, 14.825, 14.300,  0.525,  0.800,  1.000,  0.800,0.00000,  0.000,
mon_rep231013,2023-10-13T11:15:50,2242.870,  0.400,1,0,247, 25.000, 14.525,  0.000,-23.077, 13.525, 13.800,  0.000, 14.825, 14.300,  0.525,  0.800,  1.000,  0.800,0.00000,  0.000,
mon_rep231013,2023-10-13T11:15:51,2243.270,  0.400,1,0,247, 25.000, 14.525,  0.000,-23.077, 13.525, 13.800,  0.000, 14.825, 14.300,  0.525,  0.800,  1.000,  0.800,0.00000,  0.000,
mon_rep231013,2023-10-13T11:15:51,2243.670,  0.400,1,0,247, 25.000, 14.525,  0.000,-23.077, 13.525, 13.800,  0.000, 14.825, 14.300,  0.525,  0.800,  1.000,  0.800,0.00000,  0.000,
mon_rep231013,2023-10-13T11:15:52,2244.070,  0.400,1,0,247, 25.000, 14.525,  0.000,-23.077, 13.525, 13.800,  0.000, 14.825, 14.300,  0.525,  0.800,  1.000,  0.800,0.00000,  0.000,
mon_rep231013,2023-10-13T11:15:52,2244.470,  0.400,1,0,247, 25.000, 14.525,  0.000,-23.077, 13.525, 13.800,  0.000, 14.825, 14.300,  0.525,  0.800,  1.000,  0.800,0.00000,  0.000,
mon_rep231013,2023-10-13T11:15:52,2244.870,  0.400,1,0,247, 25.000, 14.525,  0.000,-23.077, 13.525, 13.800,  0.000, 14.825, 14.300,  0.525,  0.800,  1.000,  0.800,0.00000,  0.000,
mon_rep231013,2023-10-13T11:15:53,2245.270,  0.400,1,0,247, 25.000, 14.525,  0.000,-23.077, 13.525, 13.800,  0.000, 14.825, 14.300,  0.525,  0.800,  1.000,  0.800,0.00000,  0.000,
mon_rep231013,2023-10-13T11:15:53,2245.670,  0.400,1,0,247, 25.000, 14.525,  0.000,-23.077, 13.525, 13.800,  0.000, 14.825, 14.300,  0.525,  0.800,  1.000,  0.800,0.00000,  0.000,
mon_rep231013,2023-10-13T11:15:54,2246.070,  0.400,1,0,247, 25.000, 14.525,  0.000,-23.077, 13.525, 13.800,  0.000, 14.825, 14.300,  0.525,  0.800,  1.000,  0.800,0.00000,  0.000,
mon_rep231013,2023-10-13T11:15:54,2246.470,  0.400,1,0,247, 25.000, 14.525,  0.000,-23.077, 13.525, 13.800,  0.000, 14.825, 14.300,  0.525,  0.800,  1.000,  0.800,0.00000,  0.000,
mon_rep231013,2023-10-13T11:15:54,2246.870,  0.400,1,0,247, 25.000, 14.525,  0.000,-23.077, 13.525, 13.800,  0.000, 14.825, 14.300,  0.525,  0.800,  1.000,  0.800,0.00000,  0.000,
mon_rep231013,2023-10-13T11:15:55,2247.270,  0.400,1,0,247, 25.000, 14.525,  0.000,-23.077, 13.525, 13.800,  0.000, 14.825, 14.300,  0.525,  0.800,  1.000,  0.800,0.00000,  0.000,
mon_rep231013,2023-10-13T11:15:55,2247.670,  0.400,1,0,247, 25.000, 14.525,  0.000,-23.077, 13.525, 13.800,  0.000, 14.825, 14.300,  0.525,  0.800,  1.000,  0.800,0.00000,  0.000,
mon_rep231013,2023-10-13T11:15:56,2248.070,  0.400,1,0,247, 25.000, 14.525,  0.000,-23.077, 13.525, 13.800,  0.000, 14.825, 14.300,  0.525,  0.800,  1.000,  0.800,0.00000,  0.000,
mon_rep231013,2023-10-13T11:15:56,2248.470,  0.400,1,0,247, 25.000, 14.525,  0.000,-23.077, 13.525, 13.800,  0.000, 14.825, 14.300,  0.525,  0.800,  1.000,  0.800,0.00000,  0.000,
mon_rep231013,2023-10-13T11:15:56,2248.870,  0.400,1,0,247, 25.000, 14.525,  0.000,-23.077, 13.525, 13.800,  0.000, 14.825, 14.300,  0.525,  0.800,  1.000,  0.800,0.00000,  0.000,
mon_rep231013,2023-10-13T11:15:57,2249.270,  0.400,1,0,247, 25.000, 14.525,  0.000,-23.077, 13.525, 13.800,  0.000, 14.825, 14.300,  0.525,  0.800,  1.000,  0.800,0.00000,  0.000,
mon_rep231013,2023-10-13T11:15:57,2249.670,  0.400,1,0,247, 25.000, 14.525,  0.000,-23.077, 13.525, 13.800,  0.000, 14.825, 14.300,  0.525,  0.800,  1.000,  0.800,0.00000,  0.000,
mon_rep231013,2023-10-13T11:15:58,2250.070,  0.400,1,0,247, 25.000, 14.525,  0.000,-23.077, 13.525, 13.800,  0.000, 14.825, 14.300,  0.525,  0.800,  1.000,  0.800,0.00000,  0.000,
mon_rep231013,2023-10-13T11:15:58,2250.470,  0.400,1,0,247, 25.000, 14.525,  0.000,-23.077, 13.525, 13.800,  0.000, 14.825, 14.300,  0.525,  0.800,  1.000,  0.800,0.00000,  0.000,
mon_rep231013,2023-10-13T11:15:58,2250.870,  0.400,1,0,247, 25.000, 14.525,  0.000,-23.077, 13.525, 13.800,  0.000, 14.825, 14.300,  0.525,  0.800,  1.000,  0.800,0.00000,  0.000,
mon_rep231013,2023-10-13T11:15:59,2251.270,  0.400,1,0,247, 25.000, 14.525,  0.000,-23.077, 13.525, 13.800,  0.000, 14.825, 14.300,  0.525,  0.800,  1.000,  0.800,0.00000,  0.000,
mon_rep231013,2023-10-13T11:15:59,2251.670,  0.400,1,0,247, 25.000, 14.525,  0.000,-23.077, 13.525, 13.800,  0.000, 14.825, 14.300,  0.525,  0.800,  1.000,  0.800,0.00000,  0.000,
mon_rep231013,2023-10-13T11:16:00,2252.070,  0.400,1,0,247, 25.000, 14.525,  0.000,-23.077, 13.525, 13.800,  0.000, 14.825, 14.300,  0.525,  0.800,  1.000,  0.800,0.00000,  0.000,
mon_rep231013,2023-10-13T11:16:00,2252.470,  0.400,1,0,247, 25.000, 14.525,  0.000,-23.077, 13.525, 13.800,  0.000, 14.825, 14.300,  0.525,  0.800,  1.000,  0.800,0.00000,  0.000,
mon_rep231013,2023-10-13T11:16:00,2252.870,  0.400,1,0,247, 25.000, 14.525,  0.000,-23.077, 13.525, 13.800,  0.000, 14.825, 14.300,  0.525,  0.800,  1.000,  0.800,0.00000,  0.000,
mon_rep231013,2023-10-13T11:16:01,2253.270,  0.400,1,0,247, 25.000, 14.525,  0.000,-23.077, 13.525, 13.800,  0.000, 14.825, 14.300,  0.525,  0.800,  1.000,  0.800,0.00000,  0.000,
mon_rep231013,2023-10-13T11:16:01,2253.670,  0.400,1,0,247, 25.000, 14.525,  0.000,-23.077, 13.525, 13.800,  0.000, 14.825, 14.300,  0.525,  0.800,  1.000,  0.800,0.00000,  0.000,
mon_rep231013,2023-10-13T11:16:02,2254.070,  0.400,1,0,247, 25.000, 14.525,  0.000,-23.077, 13.525, 13.800,  0.000, 14.825, 14.300,  0.525,  0.800,  1.000,  0.800,0.00000,  0.000,
mon_rep231013,2023-10-13T11:16:02,2254.470,  0.400,1,0,247, 25.000, 14.525,  0.000,-23.077, 13.525, 13.800,  0.000, 14.825, 14.300,  0.525,  0.800,  1.000,  0.800,0.00000,  0.000,
mon_rep231013,2023-10-13T11:16:02,2254.870,  0.400,1,0,247, 25.000, 14.525,  0.000,-23.077, 13.525, 13.800,  0.000, 14.825, 14.300,  0.525,  0.800,  1.000,  0.800,0.00000,  0.000,
mon_rep231013,2023-10-13T11:16:03,2255.270,  0.400,1,0,247, 25.000, 14.525,  0.000,-23.077, 13.525, 13.800,  0.000, 14.825, 14.300,  0.525,  0.800,  1.000,  0.800,0.00000,  0.000,
mon_rep231013,2023-10-13T11:16:03,2255.670,  0.400,1,0,247, 25.000, 14.525,  0.000,-23.077, 13.525, 13.800,  0.000, 14.825, 14.300,  0.525,  0.800,  1.000,  0.800,0.00000,  0.000,
mon_rep231013,2023-10-13T11:16:04,2256.070,  0.400,1,0,247, 25.000, 14.525,  0.000,-23.077, 13.525, 13.800,  0.000, 14.825, 14.300,  0.525,  0.800,  1.000,  0.800,0.00000,  0.000,
mon_rep231013,2023-10-13T11:16:04,2256.470,  0.400,1,0,247, 25.000, 14.525,  0.000,-23.077, 13.525, 13.800,  0.000, 14.825, 14.300,  0.525,  0.800,  1.000,  0.800,0.00000,  0.000,
mon_rep231013,2023-10-13T11:16:04,2256.870,  0.400,1,0,247, 25.000, 14.525,  0.000,-23.077, 13.525, 13.800,  0.000, 14.825, 14.300,  0.525,  0.800,  1.000,  0.800,0.00000,  0.000,
mon_rep231013,2023-10-13T11:16:05,2257.270,  0.400,1,0,247, 25.000, 14.525,  0.000,-23.077, 13.525, 13.800,  0.000, 14.825, 14.300,  0.525,  0.800,  1.000,  0.800,0.00000,  0.000,
mon_rep231013,2023-10-13T11:16:05,2257.670,  0.400,1,0,247, 25.000, 14.525,  0.000,-23.077, 13.525, 13.800,  0.000, 14.825, 14.300,  0.525,  0.800,  1.000,  0.800,0.00000,  0.000,
mon_rep231013,2023-10-13T11:16:06,2258.070,  0.400,1,0,247, 25.000, 14.525,  0.000,-23.077, 13.525, 13.800,  0.000, 14.825, 14.300,  0.525,  0.800,  1.000,  0.800,0.00000,  0.000,
mon_rep231013,2023-10-13T11:16:06,2258.470,  0.400,1,0,247, 25.000, 14.525,  0.000,-23.077, 13.525, 13.800,  0.000, 14.825, 14.300,  0.525,  0.800,  1.000,  0.800,0.00000,  0.000,
mon_rep231013,2023-10-13T11:16:06,2258.870,  0.400,1,0,247, 25.000, 14.525,  0.000,-23.077, 13.525, 13.800,  0.000, 14.825, 14.300,  0.525,  0.800,  1.000,  0.800,0.00000,  0.000,
mon_rep231013,2023-10-13T11:16:07,2259.270,  0.400,1,0,247, 25.000, 14.525,  0.000,-23.077, 13.525, 13.800,  0.000, 14.825, 14.300,  0.525,  0.800,  1.000,  0.800,0.00000,  0.000,
mon_rep231013,2023-10-13T11:16:07,2259.670,  0.400,1,0,247, 25.000, 14.525,  0.000,-23.077, 13.525, 13.800,  0.000, 14.825, 14.300,  0.525,  0.800,  1.000,  0.800,0.00000,  0.000,
mon_rep231013,2023-10-13T11:16:08,2260.070,  0.400,1,0,247, 25.000, 14.525,  0.000,-23.077, 13.525, 13.800,  0.000, 14.825, 14.300,  0.525,  0.800,  1.000,  0.800,0.00000,  0.000,
mon_rep231013,2023-10-13T11:16:08,2260.470,  0.400,1,0,247, 25.000, 14.525,  0.000,-23.077, 13.525, 13.800,  0.000, 14.825, 14.300,  0.525,  0.800,  1.000,  0.800,0.00000,  0.000,
mon_rep231013,2023-10-13T11:16:08,2260.870,  0.400,1,0,247, 25.000, 14.525,  0.000,-23.077, 13.525, 13.800,  0.000, 14.825, 14.300,  0.525,  0.800,  1.000,  0.800,0.00000,  0.000,
mon_rep231013,2023-10-13T11:16:09,2261.270,  0.400,1,0,247, 25.000, 14.525,  0.000,-23.077, 13.525, 13.800,  0.000, 14.825, 14.300,  0.525,  0.800,  1.000,  0.800,0.00000,  0.000,
mon_rep231013,2023-10-13T11:16:09,2261.670,  0.400,1,0,247, 25.000, 14.525,  0.000,-23.077, 13.525, 13.800,  0.000, 14.825, 14.300,  0.525,  0.800,  1.000,  0.800,0.00000,  0.000,
mon_rep231013,2023-10-13T11:16:10,2262.070,  0.400,1,0,247, 25.000, 14.525,  0.000,-23.077, 13.525, 13.800,  0.000, 14.825, 14.300,  0.525,  0.800,  1.000,  0.800,0.00000,  0.000,
mon_rep231013,2023-10-13T11:16:10,2262.470,  0.400,1,0,247, 25.000, 14.525,  0.000,-23.077, 13.525, 13.800,  0.000, 14.825, 14.300,  0.525,  0.800,  1.000,  0.800,0.00000,  0.000,
mon_rep231013,2023-10-13T11:16:10,2262.870,  0.400,1,0,247, 25.000, 14.525,  0.000,-23.077, 13.525, 13.800,  0.000, 14.825, 14.300,  0.525,  0.800,  1.000,  0.800,0.00000,  0.000,
mon_rep231013,2023-10-13T11:16:11,2263.270,  0.400,1,0,247, 25.000, 14.525,  0.000,-23.077, 13.525, 13.800,  0.000, 14.825, 14.300,  0.525,  0.800,  1.000,  0.800,0.00000,  0.000,
mon_rep231013,2023-10-13T11:16:11,2263.670,  0.400,1,0,247, 25.000, 14.525,  0.000,-23.077, 13.525, 13.800,  0.000, 14.825, 14.300,  0.525,  0.800,  1.000,  0.800,0.00000,  0.000,
mon_rep231013,2023-10-13T11:16:12,2264.070,  0.400,1,0,247, 25.000, 14.525,  0.000,-23.077, 13.525, 13.800,  0.000, 14.825, 14.300,  0.525,  0.800,  1.000,  0.800,0.00000,  0.000,
mon_rep231013,2023-10-13T11:16:12,2264.470,  0.400,1,0,247, 25.000, 14.525,  0.000,-23.077, 13.525, 13.800,  0.000, 14.825, 14.300,  0.525,  0.800,  1.000,  0.800,0.00000,  0.000,
mon_rep231013,2023-10-13T11:16:12,2264.870,  0.400,1,0,247, 25.000, 14.525,  0.000,-23.077, 13.525, 13.800,  0.000, 14.825, 14.300,  0.525,  0.800,  1.000,  0.800,0.00000,  0.000,
mon_rep231013,2023-10-13T11:16:13,2265.270,  0.400,1,0,247, 25.000, 14.525,  0.000,-23.077, 13.525, 13.800,  0.000, 14.825, 14.300,  0.525,  0.800,  1.000,  0.800,0.00000,  0.000,
mon_rep231013,2023-10-13T11:16:13,2265.670,  0.400,1,0,247, 25.000, 14.525,  0.000,-23.077, 13.525, 13.800,  0.000, 14.825, 14.300,  0.525,  0.800,  1.000,  0.800,0.00000,  0.000,
mon_rep231013,2023-10-13T11:16:14,2266.070,  0.400,1,0,247, 25.000, 14.525,  0.000,-23.077, 13.525, 13.800,  0.000, 14.825, 14.300,  0.525,  0.800,  1.000,  0.800,0.00000,  0.000,
mon_rep231013,2023-10-13T11:16:14,2266.470,  0.400,1,0,247, 25.000, 14.525,  0.000,-23.077, 13.525, 13.800,  0.000, 14.825, 14.300,  0.525,  0.800,  1.000,  0.800,0.00000,  0.000,
mon_rep231013,2023-10-13T11:16:14,2266.870,  0.400,1,0,247, 25.000, 14.525,  0.000,-23.077, 13.525, 13.800,  0.000, 14.825, 14.300,  0.525,  0.800,  1.000,  0.800,0.00000,  0.000,
mon_rep231013,2023-10-13T11:16:15,2267.270,  0.400,1,0,247, 25.000, 14.525,  0.000,-23.077, 13.525, 13.800,  0.000, 14.825, 14.300,  0.525,  0.800,  1.000,  0.800,0.00000,  0.000,
mon_rep231013,2023-10-13T11:16:15,2267.670,  0.400,1,0,247, 25.000, 14.525,  0.000,-23.077, 13.525, 13.800,  0.000, 14.825, 14.300,  0.525,  0.800,  1.000,  0.800,0.00000,  0.000,
mon_rep231013,2023-10-13T11:16:16,2268.070,  0.400,1,0,247, 25.000, 14.525,  0.000,-23.077, 13.525, 13.800,  0.000, 14.825, 14.300,  0.525,  0.800,  1.000,  0.800,0.00000,  0.000,
mon_rep231013,2023-10-13T11:16:16,2268.470,  0.400,1,0,247, 25.000, 14.525,  0.000,-23.077, 13.525, 13.800,  0.000, 14.825, 14.300,  0.525,  0.800,  1.000,  0.800,0.00000,  0.000,
mon_rep231013,2023-10-13T11:16:16,2268.870,  0.400,1,0,247, 25.000, 14.525,  0.000,-23.077, 13.525, 13.800,  0.000, 14.825, 14.300,  0.525,  0.800,  1.000,  0.800,0.00000,  0.000,
mon_rep231013,2023-10-13T11:16:17,2269.270,  0.400,1,0,247, 25.000, 14.525,  0.000,-23.077, 13.525, 13.800,  0.000, 14.825, 14.300,  0.525,  0.800,  1.000,  0.800,0.00000,  0.000,
mon_rep231013,2023-10-13T11:16:17,2269.670,  0.400,1,0,247, 25.000, 14.525,  0.000,-23.077, 13.525, 13.800,  0.000, 14.825, 14.300,  0.525,  0.800,  1.000,  0.800,0.00000,  0.000,
mon_rep231013,2023-10-13T11:16:18,2270.070,  0.400,1,0,247, 25.000, 14.525,  0.000,-23.077, 13.525, 13.800,  0.000, 14.825, 14.300,  0.525,  0.800,  1.000,  0.800,0.00000,  0.000,
mon_rep231013,2023-10-13T11:16:18,2270.470,  0.400,1,0,247, 25.000, 14.525,  0.000,-23.077, 13.525, 13.800,  0.000, 14.825, 14.300,  0.525,  0.800,  1.000,  0.800,0.00000,  0.000,
mon_rep231013,2023-10-13T11:16:18,2270.870,  0.400,1,0,247, 25.000, 14.525,  0.000,-23.077, 13.525, 13.800,  0.000, 14.825, 14.300,  0.525,  0.800,  1.000,  0.800,0.00000,  0.000,
mon_rep231013,2023-10-13T11:16:19,2271.270,  0.400,1,0,247, 25.000, 14.525,  0.000,-23.077, 13.525, 13.800,  0.000, 14.825, 14.300,  0.525,  0.800,  1.000,  0.800,0.00000,  0.000,
mon_rep231013,2023-10-13T11:16:19,2271.670,  0.400,1,0,247, 25.000, 14.525,  0.000,-23.077, 13.525, 13.800,  0.000, 14.825, 14.300,  0.525,  0.800,  1.000,  0.800,0.00000,  0.000,
mon_rep231013,2023-10-13T11:16:20,2272.070,  0.400,1,0,247, 25.000, 14.525,  0.000,-23.077, 13.525, 13.800,  0.000, 14.825, 14.300,  0.525,  0.800,  1.000,  0.800,0.00000,  0.000,
mon_rep231013,2023-10-13T11:16:20,2272.470,  0.400,1,0,247, 25.000, 14.525,  0.000,-23.077, 13.525, 13.800,  0.000, 14.825, 14.300,  0.525,  0.800,  1.000,  0.800,0.00000,  0.000,
mon_rep231013,2023-10-13T11:16:20,2272.870,  0.400,1,0,247, 25.000, 14.525,  0.000,-23.077, 13.525, 13.800,  0.000, 14.825, 14.300,  0.525,  0.800,  1.000,  0.800,0.00000,  0.000,
mon_rep231013,2023-10-13T11:16:21,2273.270,  0.400,1,0,247, 25.000, 14.525,  0.000,-23.077, 13.525, 13.800,  0.000, 14.825, 14.300,  0.525,  0.800,  1.000,  0.800,0.00000,  0.000,
mon_rep231013,2023-10-13T11:16:21,2273.670,  0.400,1,0,247, 25.000, 14.525,  0.000,-23.077, 13.525, 13.800,  0.000, 14.825, 14.300,  0.525,  0.800,  1.000,  0.800,0.00000,  0.000,
mon_rep231013,2023-10-13T11:16:22,2274.070,  0.400,1,0,247, 25.000, 14.525,  0.000,-23.077, 13.525, 13.800,  0.000, 14.825, 14.300,  0.525,  0.800,  1.000,  0.800,0.00000,  0.000,
mon_rep231013,2023-10-13T11:16:22,2274.470,  0.400,1,0,247, 25.000, 14.525,  0.000,-23.077, 13.525, 13.800,  0.000, 14.825, 14.300,  0.525,  0.800,  1.000,  0.800,0.00000,  0.000,
mon_rep231013,2023-10-13T11:16:22,2274.870,  0.400,1,0,247, 25.000, 14.525,  0.000,-23.077, 13.525, 13.800,  0.000, 14.825, 14.300,  0.525,  0.800,  1.000,  0.800,0.00000,  0.000,
mon_rep231013,2023-10-13T11:16:23,2275.270,  0.400,1,0,247, 25.000, 14.525,  0.000,-23.077, 13.525, 13.800,  0.000, 14.825, 14.300,  0.525,  0.800,  1.000,  0.800,0.00000,  0.000,
mon_rep231013,2023-10-13T11:16:23,2275.670,  0.400,1,0,247, 25.000, 14.525,  0.000,-23.077, 13.525, 13.800,  0.000, 14.825, 14.300,  0.525,  0.800,  1.000,  0.800,0.00000,  0.000,
mon_rep231013,2023-10-13T11:16:24,2276.070,  0.400,1,0,247, 25.000, 14.525,  0.000,-23.077, 13.525, 13.800,  0.000, 14.825, 14.300,  0.525,  0.800,  1.000,  0.800,0.00000,  0.000,
mon_rep231013,2023-10-13T11:16:24,2276.470,  0.400,1,0,247, 25.000, 14.525,  0.000,-23.077, 13.525, 13.800,  0.000, 14.825, 14.300,  0.525,  0.800,  1.000,  0.800,0.00000,  0.000,
mon_rep231013,2023-10-13T11:16:24,2276.870,  0.400,1,0,247, 25.000, 14.525,  0.000,-23.077, 13.525, 13.800,  0.000, 14.825, 14.300,  0.525,  0.800,  1.000,  0.800,0.00000,  0.000,
mon_rep231013,2023-10-13T11:16:25,2277.270,  0.400,1,0,247, 25.000, 14.525,  0.000,-23.077, 13.525, 13.800,  0.000, 14.825, 14.300,  0.525,  0.800,  1.000,  0.800,0.00000,  0.000,
mon_rep231013,2023-10-13T11:16:25,2277.670,  0.400,1,0,247, 25.000, 14.525,  0.000,-23.077, 13.525, 13.800,  0.000, 14.825, 14.300,  0.525,  0.800,  1.000,  0.800,0.00000,  0.000,
mon_rep231013,2023-10-13T11:16:26,2278.070,  0.400,1,0,247, 25.000, 14.525,  0.000,-23.077, 13.525, 13.800,  0.000, 14.825, 14.300,  0.525,  0.800,  1.000,  0.800,0.00000,  0.000,
mon_rep231013,2023-10-13T11:16:26,2278.470,  0.400,1,0,247, 25.000, 14.525,  0.000,-23.077, 13.525, 13.800,  0.000, 14.825, 14.300,  0.525,  0.800,  1.000,  0.800,0.00000,  0.000,
mon_rep231013,2023-10-13T11:16:26,2278.870,  0.400,1,0,247, 25.000, 14.525,  0.000,-23.077, 13.525, 13.800,  0.000, 14.825, 14.300,  0.525,  0.800,  1.000,  0.800,0.00000,  0.000,
mon_rep231013,2023-10-13T11:16:27,2279.270,  0.400,1,0,247, 25.000, 14.525,  0.000,-23.077, 13.525, 13.800,  0.000, 14.825, 14.300,  0.525,  0.800,  1.000,  0.800,0.00000,  0.000,
mon_rep231013,2023-10-13T11:16:27,2279.670,  0.400,1,0,247, 25.000, 14.525,  0.000,-23.077, 13.525, 13.800,  0.000, 14.825, 14.300,  0.525,  0.800,  1.000,  0.800,0.00000,  0.000,
mon_rep231013,2023-10-13T11:16:28,2280.070,  0.400,1,0,247, 25.000, 14.525,  0.000,-23.077, 13.525, 13.800,  0.000, 14.825, 14.300,  0.525,  0.800,  1.000,  0.800,0.00000,  0.000,
mon_rep231013,2023-10-13T11:16:28,2280.470,  0.400,1,0,247, 25.000, 14.525,  0.000,-23.077, 13.525, 13.800,  0.000, 14.825, 14.300,  0.525,  0.800,  1.000,  0.800,0.00000,  0.000,
mon_rep231013,2023-10-13T11:16:28,2280.870,  0.400,1,0,247, 25.000, 14.525,  0.000,-23.077, 13.525, 13.800,  0.000, 14.825, 14.300,  0.525,  0.800,  1.000,  0.800,0.00000,  0.000,
mon_rep231013,2023-10-13T11:16:29,2281.270,  0.400,1,0,247, 25.000, 14.525,  0.000,-23.077, 13.525, 13.800,  0.000, 14.825, 14.300,  0.525,  0.800,  1.000,  0.800,0.00000,  0.000,
mon_rep231013,2023-10-13T11:16:29,2281.670,  0.400,1,0,247, 25.000, 14.525,  0.000,-23.077, 13.525, 13.800,  0.000, 14.825, 14.300,  0.525,  0.800,  1.000,  0.800,0.00000,  0.000,
mon_rep231013,2023-10-13T11:16:30,2282.070,  0.400,1,0,247, 25.000, 14.525,  0.000,-23.077, 13.525, 13.800,  0.000, 14.825, 14.300,  0.525,  0.800,  1.000,  0.800,0.00000,  0.000,
mon_rep231013,2023-10-13T11:16:30,2282.470,  0.400,1,0,247, 25.000, 14.525,  0.000,-23.077, 13.525, 13.800,  0.000, 14.825, 14.300,  0.525,  0.800,  1.000,  0.800,0.00000,  0.000,
mon_rep231013,2023-10-13T11:16:30,2282.870,  0.400,1,0,247, 25.000, 14.525,  0.000,-23.077, 13.525, 13.800,  0.000, 14.825, 14.300,  0.525,  0.800,  1.000,  0.800,0.00000,  0.000,
mon_rep231013,2023-10-13T11:16:31,2283.270,  0.400,1,0,247, 25.000, 14.525,  0.000,-23.077, 13.525, 13.800,  0.000, 14.825, 14.300,  0.525,  0.800,  1.000,  0.800,0.00000,  0.000,
mon_rep231013,2023-10-13T11:16:31,2283.670,  0.400,1,0,247, 25.000, 14.525,  0.000,-23.077, 13.525, 13.800,  0.000, 14.825, 14.300,  0.525,  0.800,  1.000,  0.800,0.00000,  0.000,
mon_rep231013,2023-10-13T11:16:32,2284.070,  0.400,1,0,247, 25.000, 14.525,  0.000,-23.077, 13.525, 13.800,  0.000, 14.825, 14.300,  0.525,  0.800,  1.000,  0.800,0.00000,  0.000,
mon_rep231013,2023-10-13T11:16:32,2284.470,  0.400,1,0,247, 25.000, 14.525,  0.000,-23.077, 13.525, 13.800,  0.000, 14.825, 14.300,  0.525,  0.800,  1.000,  0.800,0.00000,  0.000,
mon_rep231013,2023-10-13T11:16:32,2284.870,  0.400,1,0,247, 25.000, 14.525,  0.000,-23.077, 13.525, 13.800,  0.000, 14.825, 14.300,  0.525,  0.800,  1.000,  0.800,0.00000,  0.000,
mon_rep231013,2023-10-13T11:16:33,2285.270,  0.400,1,0,247, 25.000, 14.525,  0.000,-23.077, 13.525, 13.800,  0.000, 14.825, 14.300,  0.525,  0.800,  1.000,  0.800,0.00000,  0.000,
mon_rep231013,2023-10-13T11:16:33,2285.670,  0.400,1,0,247, 25.000, 14.525,  0.000,-23.077, 13.525, 13.800,  0.000, 14.825, 14.300,  0.525,  0.800,  1.000,  0.800,0.00000,  0.000,
mon_rep231013,2023-10-13T11:16:34,2286.070,  0.400,1,0,247, 25.000, 14.525,  0.000,-23.077, 13.525, 13.800,  0.000, 14.825, 14.300,  0.525,  0.800,  1.000,  0.800,0.00000,  0.000,
mon_rep231013,2023-10-13T11:16:34,2286.470,  0.400,1,0,247, 25.000, 14.525,  0.000,-23.077, 13.525, 13.800,  0.000, 14.825, 14.300,  0.525,  0.800,  1.000,  0.800,0.00000,  0.000,
mon_rep231013,2023-10-13T11:16:34,2286.870,  0.400,1,0,247, 25.000, 14.525,  0.000,-23.077, 13.525, 13.800,  0.000, 14.825, 14.300,  0.525,  0.800,  1.000,  0.800,0.00000,  0.000,
mon_rep231013,2023-10-13T11:16:35,2287.270,  0.400,1,0,247, 25.000, 14.525,  0.000,-23.077, 13.525, 13.800,  0.000, 14.825, 14.300,  0.525,  0.800,  1.000,  0.800,0.00000,  0.000,
mon_rep231013,2023-10-13T11:16:35,2287.670,  0.400,1,0,247, 25.000, 14.525,  0.000,-23.077, 13.525, 13.800,  0.000, 14.825, 14.300,  0.525,  0.800,  1.000,  0.800,0.00000,  0.000,
mon_rep231013,2023-10-13T11:16:36,2288.070,  0.400,1,0,247, 25.000, 14.525,  0.000,-23.077, 13.525, 13.800,  0.000, 14.825, 14.300,  0.525,  0.800,  1.000,  0.800,0.00000,  0.000,
mon_rep231013,2023-10-13T11:16:36,2288.470,  0.400,1,0,247, 25.000, 14.525,  0.000,-23.077, 13.525, 13.800,  0.000, 14.825, 14.300,  0.525,  0.800,  1.000,  0.800,0.00000,  0.000,
mon_rep231013,2023-10-13T11:16:36,2288.870,  0.400,1,0,247, 25.000, 14.525,  0.000,-23.077, 13.525, 13.800,  0.000, 14.825, 14.300,  0.525,  0.800,  1.000,  0.800,0.00000,  0.000,
mon_rep231013,2023-10-13T11:16:37,2289.270,  0.400,1,0,247, 25.000, 14.525,  0.000,-23.077, 13.525, 13.800,  0.000, 14.825, 14.300,  0.525,  0.800,  1.000,  0.800,0.00000,  0.000,
mon_rep231013,2023-10-13T11:16:37,2289.670,  0.400,1,0,247, 25.000, 14.525,  0.000,-23.077, 13.525, 13.800,  0.000, 14.825, 14.300,  0.525,  0.800,  1.000,  0.800,0.00000,  0.000,
mon_rep231013,2023-10-13T11:16:38,2290.070,  0.400,1,0,247, 25.000, 14.525,  0.000,-23.077, 13.525, 13.800,  0.000, 14.825, 14.300,  0.525,  0.800,  1.000,  0.800,0.00000,  0.000,
mon_rep231013,2023-10-13T11:16:38,2290.470,  0.400,1,0,247, 25.000, 14.525,  0.000,-23.077, 13.525, 13.800,  0.000, 14.825, 14.300,  0.525,  0.800,  1.000,  0.800,0.00000,  0.000,
mon_rep231013,2023-10-13T11:16:38,2290.870,  0.400,1,0,247, 25.000, 14.525,  0.000,-23.077, 13.525, 13.800,  0.000, 14.825, 14.300,  0.525,  0.800,  1.000,  0.800,0.00000,  0.000,
mon_rep231013,2023-10-13T11:16:39,2291.270,  0.400,1,0,247, 25.000, 14.525,  0.000,-23.077, 13.525, 13.800,  0.000, 14.825, 14.300,  0.525,  0.800,  1.000,  0.800,0.00000,  0.000,
mon_rep231013,2023-10-13T11:16:39,2291.670,  0.400,1,0,247, 25.000, 14.525,  0.000,-23.077, 13.525, 13.800,  0.000, 14.825, 14.300,  0.525,  0.800,  1.000,  0.800,0.00000,  0.000,
mon_rep231013,2023-10-13T11:16:40,2292.070,  0.400,1,0,247, 25.000, 14.525,  0.000,-23.077, 13.525, 13.800,  0.000, 14.825, 14.300,  0.525,  0.800,  1.000,  0.800,0.00000,  0.000,
mon_rep231013,2023-10-13T11:16:40,2292.470,  0.400,1,0,247, 25.000, 14.525,  0.000,-23.077, 13.525, 13.800,  0.000, 14.825, 14.300,  0.525,  0.800,  1.000,  0.800,0.00000,  0.000,
mon_rep231013,2023-10-13T11:16:40,2292.870,  0.400,1,0,247, 25.000, 14.525,  0.000,-23.077, 13.525, 13.800,  0.000, 14.825, 14.300,  0.525,  0.800,  1.000,  0.800,0.00000,  0.000,
mon_rep231013,2023-10-13T11:16:41,2293.270,  0.400,1,0,247, 25.000, 14.525,  0.000,-23.077, 13.525, 13.800,  0.000, 14.825, 14.300,  0.525,  0.800,  1.000,  0.800,0.00000,  0.000,
mon_rep231013,2023-10-13T11:16:41,2293.670,  0.400,1,0,247, 25.000, 14.525,  0.000,-23.077, 13.525, 13.800,  0.000, 14.825, 14.300,  0.525,  0.800,  1.000,  0.800,0.00000,  0.000,
mon_rep231013,2023-10-13T11:16:42,2294.070,  0.400,1,0,247, 25.000, 14.525,  0.000,-23.077, 13.525, 13.800,  0.000, 14.825, 14.300,  0.525,  0.800,  1.000,  0.800,0.00000,  0.000,
mon_rep231013,2023-10-13T11:16:42,2294.470,  0.400,1,0,247, 25.000, 14.525,  0.000,-23.077, 13.525, 13.800,  0.000, 14.825, 14.300,  0.525,  0.800,  1.000,  0.800,0.00000,  0.000,
mon_rep231013,2023-10-13T11:16:42,2294.870,  0.400,1,0,247, 25.000, 14.525,  0.000,-23.077, 13.525, 13.800,  0.000, 14.825, 14.300,  0.525,  0.800,  1.000,  0.800,0.00000,  0.000,
mon_rep231013,2023-10-13T11:16:43,2295.270,  0.400,1,0,247, 25.000, 14.525,  0.000,-23.077, 13.525, 13.800,  0.000, 14.825, 14.300,  0.525,  0.800,  1.000,  0.800,0.00000,  0.000,
mon_rep231013,2023-10-13T11:16:43,2295.670,  0.400,1,0,247, 25.000, 14.525,  0.000,-23.077, 13.525, 13.800,  0.000, 14.825, 14.300,  0.525,  0.800,  1.000,  0.800,0.00000,  0.000,
mon_rep231013,2023-10-13T11:16:44,2296.070,  0.400,1,0,247, 25.000, 14.525,  0.000,-23.077, 13.525, 13.800,  0.000, 14.825, 14.300,  0.525,  0.800,  1.000,  0.800,0.00000,  0.000,
mon_rep231013,2023-10-13T11:16:44,2296.470,  0.400,1,0,247, 25.000, 14.525,  0.000,-23.077, 13.525, 13.800,  0.000, 14.825, 14.300,  0.525,  0.800,  1.000,  0.800,0.00000,  0.000,
mon_rep231013,2023-10-13T11:16:44,2296.870,  0.400,1,0,247, 25.000, 14.525,  0.000,-23.077, 13.525, 13.800,  0.000, 14.825, 14.300,  0.525,  0.800,  1.000,  0.800,0.00000,  0.000,
mon_rep231013,2023-10-13T11:16:45,2297.270,  0.400,1,0,247, 25.000, 14.525,  0.000,-23.077, 13.525, 13.800,  0.000, 14.825, 14.300,  0.525,  0.800,  1.000,  0.800,0.00000,  0.000,
mon_rep231013,2023-10-13T11:16:45,2297.670,  0.400,1,0,247, 25.000, 14.525,  0.000,-23.077, 13.525, 13.800,  0.000, 14.825, 14.300,  0.525,  0.800,  1.000,  0.800,0.00000,  0.000,
mon_rep231013,2023-10-13T11:16:46,2298.070,  0.400,1,0,247, 25.000, 14.525,  0.000,-23.077, 13.525, 13.800,  0.000, 14.825, 14.300,  0.525,  0.800,  1.000,  0.800,0.00000,  0.000,
mon_rep231013,2023-10-13T11:16:46,2298.470,  0.400,1,0,247, 25.000, 14.525,  0.000,-23.077, 13.525, 13.800,  0.000, 14.825, 14.300,  0.525,  0.800,  1.000,  0.800,0.00000,  0.000,
mon_rep231013,2023-10-13T11:16:46,2298.870,  0.400,1,0,247, 25.000, 14.525,  0.000,-23.077, 13.525, 13.800,  0.000, 14.825, 14.300,  0.525,  0.800,  1.000,  0.800,0.00000,  0.000,
mon_rep231013,2023-10-13T11:16:47,2299.270,  0.400,1,0,247, 25.000, 14.525,  0.000,-23.077, 13.525, 13.800,  0.000, 14.825, 14.300,  0.525,  0.800,  1.000,  0.800,0.00000,  0.000,
mon_rep231013,2023-10-13T11:16:47,2299.670,  0.400,1,0,247, 25.000, 14.525,  0.000,-23.077, 13.525, 13.800,  0.000, 14.825, 14.300,  0.525,  0.800,  1.000,  0.800,0.00000,  0.000,
mon_rep231013,2023-10-13T11:16:48,2300.070,  0.400,1,0,247, 25.000, 14.525,  0.000,-23.077, 13.525, 13.800,  0.000, 14.825, 14.300,  0.525,  0.800,  1.000,  0.800,0.00000,  0.000,
mon_rep231013,2023-10-13T11:16:48,2300.470,  0.400,1,0,247, 25.000, 14.525,  0.000,-23.077, 13.525, 13.800,  0.000, 14.825, 14.300,  0.525,  0.800,  1.000,  0.800,0.00000,  0.000,
mon_rep231013,2023-10-13T11:16:48,2300.870,  0.400,1,0,247, 25.000, 14.525,  0.000,-23.077, 13.525, 13.800,  0.000, 14.825, 14.300,  0.525,  0.800,  1.000,  0.800,0.00000,  0.000,
mon_rep231013,2023-10-13T11:16:49,2301.270,  0.400,1,0,247, 25.000, 14.525,  0.000,-23.077, 13.525, 13.800,  0.000, 14.825, 14.300,  0.525,  0.800,  1.000,  0.800,0.00000,  0.000,
mon_rep231013,2023-10-13T11:16:49,2301.670,  0.400,1,0,247, 25.000, 14.525,  0.000,-23.077, 13.525, 13.800,  0.000, 14.825, 14.300,  0.525,  0.800,  1.000,  0.800,0.00000,  0.000,
mon_rep231013,2023-10-13T11:16:50,2302.070,  0.400,1,0,247, 25.000, 14.525,  0.000,-23.077, 13.525, 13.800,  0.000, 14.825, 14.300,  0.525,  0.800,  1.000,  0.800,0.00000,  0.000,
mon_rep231013,2023-10-13T11:16:50,2302.470,  0.400,1,0,247, 25.000, 14.525,  0.000,-23.077, 13.525, 13.800,  0.000, 14.825, 14.300,  0.525,  0.800,  1.000,  0.800,0.00000,  0.000,
mon_rep231013,2023-10-13T11:16:50,2302.870,  0.400,1,0,247, 25.000, 14.525,  0.000,-23.077, 13.525, 13.800,  0.000, 14.825, 14.300,  0.525,  0.800,  1.000,  0.800,0.00000,  0.000,
mon_rep231013,2023-10-13T11:16:51,2303.270,  0.400,1,0,247, 25.000, 14.525,  0.000,-23.077, 13.525, 13.800,  0.000, 14.825, 14.300,  0.525,  0.800,  1.000,  0.800,0.00000,  0.000,
mon_rep231013,2023-10-13T11:16:51,2303.670,  0.400,1,0,247, 25.000, 14.525,  0.000,-23.077, 13.525, 13.800,  0.000, 14.825, 14.300,  0.525,  0.800,  1.000,  0.800,0.00000,  0.000,
mon_rep231013,2023-10-13T11:16:52,2304.070,  0.400,1,0,247, 25.000, 14.525,  0.000,-23.077, 13.525, 13.800,  0.000, 14.825, 14.300,  0.525,  0.800,  1.000,  0.800,0.00000,  0.000,
mon_rep231013,2023-10-13T11:16:52,2304.470,  0.400,1,0,247, 25.000, 14.525,  0.000,-23.077, 13.525, 13.800,  0.000, 14.825, 14.300,  0.525,  0.800,  1.000,  0.800,0.00000,  0.000,
mon_rep231013,2023-10-13T11:16:52,2304.870,  0.400,1,0,247, 25.000, 14.525,  0.000,-23.077, 13.525, 13.800,  0.000, 14.825, 14.300,  0.525,  0.800,  1.000,  0.800,0.00000,  0.000,
mon_rep231013,2023-10-13T11:16:53,2305.270,  0.400,1,0,247, 25.000, 14.525,  0.000,-23.077, 13.525, 13.800,  0.000, 14.825, 14.300,  0.525,  0.800,  1.000,  0.800,0.00000,  0.000,
mon_rep231013,2023-10-13T11:16:53,2305.670,  0.400,1,0,247, 25.000, 14.525,  0.000,-23.077, 13.525, 13.800,  0.000, 14.825, 14.300,  0.525,  0.800,  1.000,  0.800,0.00000,  0.000,
mon_rep231013,2023-10-13T11:16:54,2306.070,  0.400,1,0,247, 25.000, 14.525,  0.000,-23.077, 13.525, 13.800,  0.000, 14.825, 14.300,  0.525,  0.800,  1.000,  0.800,0.00000,  0.000,
mon_rep231013,2023-10-13T11:16:54,2306.470,  0.400,1,0,247, 25.000, 14.525,  0.000,-23.077, 13.525, 13.800,  0.000, 14.825, 14.300,  0.525,  0.800,  1.000,  0.800,0.00000,  0.000,
mon_rep231013,2023-10-13T11:16:54,2306.870,  0.400,1,0,247, 25.000, 14.525,  0.000,-23.077, 13.525, 13.800,  0.000, 14.825, 14.300,  0.525,  0.800,  1.000,  0.800,0.00000,  0.000,
mon_rep231013,2023-10-13T11:16:55,2307.270,  0.400,1,0,247, 25.000, 14.525,  0.000,-23.077, 13.525, 13.800,  0.000, 14.825, 14.300,  0.525,  0.800,  1.000,  0.800,0.00000,  0.000,
mon_rep231013,2023-10-13T11:16:55,2307.670,  0.400,1,0,247, 25.000, 14.525,  0.000,-23.077, 13.525, 13.800,  0.000, 14.825, 14.300,  0.525,  0.800,  1.000,  0.800,0.00000,  0.000,
mon_rep231013,2023-10-13T11:16:56,2308.070,  0.400,1,0,247, 25.000, 14.525,  0.000,-23.077, 13.525, 13.800,  0.000, 14.825, 14.300,  0.525,  0.800,  1.000,  0.800,0.00000,  0.000,
mon_rep231013,2023-10-13T11:16:56,2308.470,  0.400,1,0,247, 25.000, 14.525,  0.000,-23.077, 13.525, 13.800,  0.000, 14.825, 14.300,  0.525,  0.800,  1.000,  0.800,0.00000,  0.000,
mon_rep231013,2023-10-13T11:16:56,2308.870,  0.400,1,0,247, 25.000, 14.525,  0.000,-23.077, 13.525, 13.800,  0.000, 14.825, 14.300,  0.525,  0.800,  1.000,  0.800,0.00000,  0.000,
mon_rep231013,2023-10-13T11:16:57,2309.270,  0.400,1,0,247, 25.000, 14.525,  0.000,-23.077, 13.525, 13.800,  0.000, 14.825, 14.300,  0.525,  0.800,  1.000,  0.800,0.00000,  0.000,
mon_rep231013,2023-10-13T11:16:57,2309.670,  0.400,1,0,247, 25.000, 14.525,  0.000,-23.077, 13.525, 13.800,  0.000, 14.825, 14.300,  0.525,  0.800,  1.000,  0.800,0.00000,  0.000,
mon_rep231013,2023-10-13T11:16:58,2310.070,  0.400,1,0,247, 25.000, 14.525,  0.000,-23.077, 13.525, 13.800,  0.000, 14.825, 14.300,  0.525,  0.800,  1.000,  0.800,0.00000,  0.000,
mon_rep231013,2023-10-13T11:16:58,2310.470,  0.400,1,0,247, 25.000, 14.525,  0.000,-23.077, 13.525, 13.800,  0.000, 14.825, 14.300,  0.525,  0.800,  1.000,  0.800,0.00000,  0.000,
mon_rep231013,2023-10-13T11:16:58,2310.870,  0.400,1,0,247, 25.000, 14.525,  0.000,-23.077, 13.525, 13.800,  0.000, 14.825, 14.300,  0.525,  0.800,  1.000,  0.800,0.00000,  0.000,
mon_rep231013,2023-10-13T11:16:59,2311.270,  0.400,1,0,247, 25.000, 14.525,  0.000,-23.077, 13.525, 13.800,  0.000, 14.825, 14.300,  0.525,  0.800,  1.000,  0.800,0.00000,  0.000,
mon_rep231013,2023-10-13T11:16:59,2311.670,  0.400,1,0,247, 25.000, 14.525,  0.000,-23.077, 13.525, 13.800,  0.000, 14.825, 14.300,  0.525,  0.800,  1.000,  0.800,0.00000,  0.000,
mon_rep231013,2023-10-13T11:17:00,2312.070,  0.400,1,0,247, 25.000, 14.525,  0.000,-23.077, 13.525, 13.800,  0.000, 14.825, 14.300,  0.525,  0.800,  1.000,  0.800,0.00000,  0.000,
mon_rep231013,2023-10-13T11:17:00,2312.470,  0.400,1,0,247, 25.000, 14.525,  0.000,-23.077, 13.525, 13.800,  0.000, 14.825, 14.300,  0.525,  0.800,  1.000,  0.800,0.00000,  0.000,
mon_rep231013,2023-10-13T11:17:00,2312.870,  0.400,1,0,247, 25.000, 14.525,  0.000,-23.077, 13.525, 13.800,  0.000, 14.825, 14.300,  0.525,  0.800,  1.000,  0.800,0.00000,  0.000,
mon_rep231013,2023-10-13T11:17:01,2313.270,  0.400,1,0,247, 25.000, 14.525,  0.000,-23.077, 13.525, 13.800,  0.000, 14.825, 14.300,  0.525,  0.800,  1.000,  0.800,0.00000,  0.000,
mon_rep231013,2023-10-13T11:17:01,2313.670,  0.400,1,0,247, 25.000, 14.525,  0.000,-23.077, 13.525, 13.800,  0.000, 14.825, 14.300,  0.525,  0.800,  1.000,  0.800,0.00000,  0.000,
mon_rep231013,2023-10-13T11:17:02,2314.070,  0.400,1,0,247, 25.000, 14.525,  0.000,-23.077, 13.525, 13.800,  0.000, 14.825, 14.300,  0.525,  0.800,  1.000,  0.800,0.00000,  0.000,
mon_rep231013,2023-10-13T11:17:02,2314.470,  0.400,1,0,247, 25.000, 14.525,  0.000,-23.077, 13.525, 13.800,  0.000, 14.825, 14.300,  0.525,  0.800,  1.000,  0.800,0.00000,  0.000,
mon_rep231013,2023-10-13T11:17:02,2314.870,  0.400,1,0,247, 25.000, 14.525,  0.000,-23.077, 13.525, 13.800,  0.000, 14.825, 14.300,  0.525,  0.800,  1.000,  0.800,0.00000,  0.000,
mon_rep231013,2023-10-13T11:17:03,2315.270,  0.400,1,0,247, 25.000, 14.525,  0.000,-23.077, 13.525, 13.800,  0.000, 14.825, 14.300,  0.525,  0.800,  1.000,  0.800,0.00000,  0.000,
mon_rep231013,2023-10-13T11:17:03,2315.670,  0.400,1,0,247, 25.000, 14.525,  0.000,-23.077, 13.525, 13.800,  0.000, 14.825, 14.300,  0.525,  0.800,  1.000,  0.800,0.00000,  0.000,
mon_rep231013,2023-10-13T11:17:04,2316.070,  0.400,1,0,247, 25.000, 14.525,  0.000,-23.077, 13.525, 13.800,  0.000, 14.825, 14.300,  0.525,  0.800,  1.000,  0.800,0.00000,  0.000,
mon_rep231013,2023-10-13T11:17:04,2316.470,  0.400,1,0,247, 25.000, 14.525,  0.000,-23.077, 13.525, 13.800,  0.000, 14.825, 14.300,  0.525,  0.800,  1.000,  0.800,0.00000,  0.000,
mon_rep231013,2023-10-13T11:17:04,2316.870,  0.400,1,0,247, 25.000, 14.525,  0.000,-23.077, 13.525, 13.800,  0.000, 14.825, 14.300,  0.525,  0.800,  1.000,  0.800,0.00000,  0.000,
mon_rep231013,2023-10-13T11:17:05,2317.270,  0.400,1,0,247, 25.000, 14.525,  0.000,-23.077, 13.525, 13.800,  0.000, 14.825, 14.300,  0.525,  0.800,  1.000,  0.800,0.00000,  0.000,
mon_rep231013,2023-10-13T11:17:05,2317.670,  0.400,1,0,247, 25.000, 14.525,  0.000,-23.077, 13.525, 13.800,  0.000, 14.825, 14.300,  0.525,  0.800,  1.000,  0.800,0.00000,  0.000,
mon_rep231013,2023-10-13T11:17:06,2318.070,  0.400,1,0,247, 25.000, 14.525,  0.000,-23.077, 13.525, 13.800,  0.000, 14.825, 14.300,  0.525,  0.800,  1.000,  0.800,0.00000,  0.000,
mon_rep231013,2023-10-13T11:17:06,2318.470,  0.400,1,0,247, 25.000, 14.525,  0.000,-23.077, 13.525, 13.800,  0.000, 14.825, 14.300,  0.525,  0.800,  1.000,  0.800,0.00000,  0.000,
mon_rep231013,2023-10-13T11:17:06,2318.870,  0.400,1,0,247, 25.000, 14.525,  0.000,-23.077, 13.525, 13.800,  0.000, 14.825, 14.300,  0.525,  0.800,  1.000,  0.800,0.00000,  0.000,
mon_rep231013,2023-10-13T11:17:07,2319.270,  0.400,1,0,247, 25.000, 14.525,  0.000,-23.077, 13.525, 13.800,  0.000, 14.825, 14.300,  0.525,  0.800,  1.000,  0.800,0.00000,  0.000,
mon_rep231013,2023-10-13T11:17:07,2319.670,  0.400,1,0,247, 25.000, 14.525,  0.000,-23.077, 13.525, 13.800,  0.000, 14.825, 14.300,  0.525,  0.800,  1.000,  0.800,0.00000,  0.000,
mon_rep231013,2023-10-13T11:17:08,2320.070,  0.400,1,0,247, 25.000, 14.525,  0.000,-23.077, 13.525, 13.800,  0.000, 14.825, 14.300,  0.525,  0.800,  1.000,  0.800,0.00000,  0.000,
mon_rep231013,2023-10-13T11:17:08,2320.470,  0.400,1,0,247, 25.000, 14.525,  0.000,-23.077, 13.525, 13.800,  0.000, 14.825, 14.300,  0.525,  0.800,  1.000,  0.800,0.00000,  0.000,
mon_rep231013,2023-10-13T11:17:08,2320.870,  0.400,1,0,247, 25.000, 14.525,  0.000,-23.077, 13.525, 13.800,  0.000, 14.825, 14.300,  0.525,  0.800,  1.000,  0.800,0.00000,  0.000,
mon_rep231013,2023-10-13T11:17:09,2321.270,  0.400,1,0,247, 25.000, 14.525,  0.000,-23.077, 13.525, 13.800,  0.000, 14.825, 14.300,  0.525,  0.800,  1.000,  0.800,0.00000,  0.000,
mon_rep231013,2023-10-13T11:17:09,2321.670,  0.400,1,0,247, 25.000, 14.525,  0.000,-23.077, 13.525, 13.800,  0.000, 14.825, 14.300,  0.525,  0.800,  1.000,  0.800,0.00000,  0.000,
mon_rep231013,2023-10-13T11:17:10,2322.070,  0.400,1,0,247, 25.000, 14.525,  0.000,-23.077, 13.525, 13.800,  0.000, 14.825, 14.300,  0.525,  0.800,  1.000,  0.800,0.00000,  0.000,
mon_rep231013,2023-10-13T11:17:10,2322.470,  0.400,1,0,247, 25.000, 14.525,  0.000,-23.077, 13.525, 13.800,  0.000, 14.825, 14.300,  0.525,  0.800,  1.000,  0.800,0.00000,  0.000,
mon_rep231013,2023-10-13T11:17:10,2322.870,  0.400,1,0,247, 25.000, 14.525,  0.000,-23.077, 13.525, 13.800,  0.000, 14.825, 14.300,  0.525,  0.800,  1.000,  0.800,0.00000,  0.000,
mon_rep231013,2023-10-13T11:17:11,2323.270,  0.400,1,0,247, 25.000, 14.525,  0.000,-23.077, 13.525, 13.800,  0.000, 14.825, 14.300,  0.525,  0.800,  1.000,  0.800,0.00000,  0.000,
mon_rep231013,2023-10-13T11:17:11,2323.670,  0.400,1,0,247, 25.000, 14.525,  0.000,-23.077, 13.525, 13.800,  0.000, 14.825, 14.300,  0.525,  0.800,  1.000,  0.800,0.00000,  0.000,
mon_rep231013,2023-10-13T11:17:12,2324.070,  0.400,1,0,247, 25.000, 14.525,  0.000,-23.077, 13.525, 13.800,  0.000, 14.825, 14.300,  0.525,  0.800,  1.000,  0.800,0.00000,  0.000,
mon_rep231013,2023-10-13T11:17:12,2324.470,  0.400,1,0,247, 25.000, 14.525,  0.000,-23.077, 13.525, 13.800,  0.000, 14.825, 14.300,  0.525,  0.800,  1.000,  0.800,0.00000,  0.000,
mon_rep231013,2023-10-13T11:17:12,2324.870,  0.400,1,0,247, 25.000, 14.525,  0.000,-23.077, 13.525, 13.800,  0.000, 14.825, 14.300,  0.525,  0.800,  1.000,  0.800,0.00000,  0.000,
mon_rep231013,2023-10-13T11:17:13,2325.270,  0.400,1,0,247, 25.000, 14.525,  0.000,-23.077, 13.525, 13.800,  0.000, 14.825, 14.300,  0.525,  0.800,  1.000,  0.800,0.00000,  0.000,
mon_rep231013,2023-10-13T11:17:13,2325.670,  0.400,1,0,247, 25.000, 14.525,  0.000,-23.077, 13.525, 13.800,  0.000, 14.825, 14.300,  0.525,  0.800,  1.000,  0.800,0.00000,  0.000,
mon_rep231013,2023-10-13T11:17:14,2326.070,  0.400,1,0,247, 25.000, 14.525,  0.000,-23.077, 13.525, 13.800,  0.000, 14.825, 14.300,  0.525,  0.800,  1.000,  0.800,0.00000,  0.000,
mon_rep231013,2023-10-13T11:17:14,2326.470,  0.400,1,0,247, 25.000, 14.525,  0.000,-23.077, 13.525, 13.800,  0.000, 14.825, 14.300,  0.525,  0.800,  1.000,  0.800,0.00000,  0.000,
mon_rep231013,2023-10-13T11:17:14,2326.870,  0.400,1,0,247, 25.000, 14.525,  0.000,-23.077, 13.525, 13.800,  0.000, 14.825, 14.300,  0.525,  0.800,  1.000,  0.800,0.00000,  0.000,
mon_rep231013,2023-10-13T11:17:15,2327.270,  0.400,1,0,247, 25.000, 14.525,  0.000,-23.077, 13.525, 13.800,  0.000, 14.825, 14.300,  0.525,  0.800,  1.000,  0.800,0.00000,  0.000,
mon_rep231013,2023-10-13T11:17:15,2327.670,  0.400,1,0,247, 25.000, 14.525,  0.000,-23.077, 13.525, 13.800,  0.000, 14.825, 14.300,  0.525,  0.800,  1.000,  0.800,0.00000,  0.000,
mon_rep231013,2023-10-13T11:17:16,2328.070,  0.400,1,0,247, 25.000, 14.525,  0.000,-23.077, 13.525, 13.800,  0.000, 14.825, 14.300,  0.525,  0.800,  1.000,  0.800,0.00000,  0.000,
mon_rep231013,2023-10-13T11:17:16,2328.470,  0.400,1,0,247, 25.000, 14.525,  0.000,-23.077, 13.525, 13.800,  0.000, 14.825, 14.300,  0.525,  0.800,  1.000,  0.800,0.00000,  0.000,
mon_rep231013,2023-10-13T11:17:16,2328.870,  0.400,1,0,247, 25.000, 14.525,  0.000,-23.077, 13.525, 13.800,  0.000, 14.825, 14.300,  0.525,  0.800,  1.000,  0.800,0.00000,  0.000,
mon_rep231013,2023-10-13T11:17:17,2329.270,  0.400,1,0,247, 25.000, 14.525,  0.000,-23.077, 13.525, 13.800,  0.000, 14.825, 14.300,  0.525,  0.800,  1.000,  0.800,0.00000,  0.000,
mon_rep231013,2023-10-13T11:17:17,2329.670,  0.400,1,0,247, 25.000, 14.525,  0.000,-23.077, 13.525, 13.800,  0.000, 14.825, 14.300,  0.525,  0.800,  1.000,  0.800,0.00000,  0.000,
mon_rep231013,2023-10-13T11:17:18,2330.070,  0.400,1,0,247, 25.000, 14.525,  0.000,-23.077, 13.525, 13.800,  0.000, 14.825, 14.300,  0.525,  0.800,  1.000,  0.800,0.00000,  0.000,
mon_rep231013,2023-10-13T11:17:18,2330.470,  0.400,1,0,247, 25.000, 14.525,  0.000,-23.077, 13.525, 13.800,  0.000, 14.825, 14.300,  0.525,  0.800,  1.000,  0.800,0.00000,  0.000,
mon_rep231013,2023-10-13T11:17:18,2330.870,  0.400,1,0,247, 25.000, 14.525,  0.000,-23.077, 13.525, 13.800,  0.000, 14.825, 14.300,  0.525,  0.800,  1.000,  0.800,0.00000,  0.000,
mon_rep231013,2023-10-13T11:17:19,2331.270,  0.400,1,0,247, 25.000, 14.525,  0.000,-23.077, 13.525, 13.800,  0.000, 14.825, 14.300,  0.525,  0.800,  1.000,  0.800,0.00000,  0.000,
mon_rep231013,2023-10-13T11:17:19,2331.670,  0.400,1,0,247, 25.000, 14.525,  0.000,-23.077, 13.525, 13.800,  0.000, 14.825, 14.300,  0.525,  0.800,  1.000,  0.800,0.00000,  0.000,
mon_rep231013,2023-10-13T11:17:20,2332.070,  0.400,1,0,247, 25.000, 14.525,  0.000,-23.077, 13.525, 13.800,  0.000, 14.825, 14.300,  0.525,  0.800,  1.000,  0.800,0.00000,  0.000,
mon_rep231013,2023-10-13T11:17:20,2332.470,  0.400,1,0,247, 25.000, 14.525,  0.000,-23.077, 13.525, 13.800,  0.000, 14.825, 14.300,  0.525,  0.800,  1.000,  0.800,0.00000,  0.000,
mon_rep231013,2023-10-13T11:17:20,2332.870,  0.400,1,0,247, 25.000, 14.525,  0.000,-23.077, 13.525, 13.800,  0.000, 14.825, 14.300,  0.525,  0.800,  1.000,  0.800,0.00000,  0.000,
mon_rep231013,2023-10-13T11:17:21,2333.270,  0.400,1,0,247, 25.000, 14.525,  0.000,-23.077, 13.525, 13.800,  0.000, 14.825, 14.300,  0.525,  0.800,  1.000,  0.800,0.00000,  0.000,
mon_rep231013,2023-10-13T11:17:21,2333.670,  0.400,1,0,247, 25.000, 14.525,  0.000,-23.077, 13.525, 13.800,  0.000, 14.825, 14.300,  0.525,  0.800,  1.000,  0.800,0.00000,  0.000,
mon_rep231013,2023-10-13T11:17:22,2334.070,  0.400,1,0,247, 25.000, 14.525,  0.000,-23.077, 13.525, 13.800,  0.000, 14.825, 14.300,  0.525,  0.800,  1.000,  0.800,0.00000,  0.000,
mon_rep231013,2023-10-13T11:17:22,2334.470,  0.400,1,0,247, 25.000, 14.525,  0.000,-23.077, 13.525, 13.800,  0.000, 14.825, 14.300,  0.525,  0.800,  1.000,  0.800,0.00000,  0.000,
mon_rep231013,2023-10-13T11:17:22,2334.870,  0.400,1,0,247, 25.000, 14.525,  0.000,-23.077, 13.525, 13.800,  0.000, 14.825, 14.300,  0.525,  0.800,  1.000,  0.800,0.00000,  0.000,
mon_rep231013,2023-10-13T11:17:23,2335.270,  0.400,1,0,247, 25.000, 14.525,  0.000,-23.077, 13.525, 13.800,  0.000, 14.825, 14.300,  0.525,  0.800,  1.000,  0.800,0.00000,  0.000,
mon_rep231013,2023-10-13T11:17:23,2335.670,  0.400,1,0,247, 25.000, 14.525,  0.000,-23.077, 13.525, 13.800,  0.000, 14.825, 14.300,  0.525,  0.800,  1.000,  0.800,0.00000,  0.000,
mon_rep231013,2023-10-13T11:17:24,2336.070,  0.400,1,0,247, 25.000, 14.525,  0.000,-23.077, 13.525, 13.800,  0.000, 14.825, 14.300,  0.525,  0.800,  1.000,  0.800,0.00000,  0.000,
mon_rep231013,2023-10-13T11:17:24,2336.470,  0.400,1,0,247, 25.000, 14.525,  0.000,-23.077, 13.525, 13.800,  0.000, 14.825, 14.300,  0.525,  0.800,  1.000,  0.800,0.00000,  0.000,
mon_rep231013,2023-10-13T11:17:24,2336.870,  0.400,1,0,247, 25.000, 14.525,  0.000,-23.077, 13.525, 13.800,  0.000, 14.825, 14.300,  0.525,  0.800,  1.000,  0.800,0.00000,  0.000,
mon_rep231013,2023-10-13T11:17:25,2337.270,  0.400,1,0,247, 25.000, 14.525,  0.000,-23.077, 13.525, 13.800,  0.000, 14.825, 14.300,  0.525,  0.800,  1.000,  0.800,0.00000,  0.000,
mon_rep231013,2023-10-13T11:17:25,2337.670,  0.400,1,0,247, 25.000, 14.525,  0.000,-23.077, 13.525, 13.800,  0.000, 14.825, 14.300,  0.525,  0.800,  1.000,  0.800,0.00000,  0.000,
mon_rep231013,2023-10-13T11:17:26,2338.070,  0.400,1,0,247, 25.000, 14.525,  0.000,-23.077, 13.525, 13.800,  0.000, 14.825, 14.300,  0.525,  0.800,  1.000,  0.800,0.00000,  0.000,
mon_rep231013,2023-10-13T11:17:26,2338.470,  0.400,1,0,247, 25.000, 14.525,  0.000,-23.077, 13.525, 13.800,  0.000, 14.825, 14.300,  0.525,  0.800,  1.000,  0.800,0.00000,  0.000,
mon_rep231013,2023-10-13T11:17:26,2338.870,  0.400,1,0,247, 25.000, 14.525,  0.000,-23.077, 13.525, 13.800,  0.000, 14.825, 14.300,  0.525,  0.800,  1.000,  0.800,0.00000,  0.000,
mon_rep231013,2023-10-13T11:17:27,2339.270,  0.400,1,0,247, 25.000, 14.525,  0.000,-23.077, 13.525, 13.800,  0.000, 14.825, 14.300,  0.525,  0.800,  1.000,  0.800,0.00000,  0.000,
mon_rep231013,2023-10-13T11:17:27,2339.670,  0.400,1,0,247, 25.000, 14.525,  0.000,-23.077, 13.525, 13.800,  0.000, 14.825, 14.300,  0.525,  0.800,  1.000,  0.800,0.00000,  0.000,
mon_rep231013,2023-10-13T11:17:28,2340.070,  0.400,1,0,247, 25.000, 14.525,  0.000,-23.077, 13.525, 13.800,  0.000, 14.825, 14.300,  0.525,  0.800,  1.000,  0.800,0.00000,  0.000,
mon_rep231013,2023-10-13T11:17:28,2340.470,  0.400,1,0,247, 25.000, 14.525,  0.000,-23.077, 13.525, 13.800,  0.000, 14.825, 14.300,  0.525,  0.800,  1.000,  0.800,0.00000,  0.000,
mon_rep231013,2023-10-13T11:17:28,2340.870,  0.400,1,0,247, 25.000, 14.525,  0.000,-23.077, 13.525, 13.800,  0.000, 14.825, 14.300,  0.525,  0.800,  1.000,  0.800,0.00000,  0.000,
mon_rep231013,2023-10-13T11:17:29,2341.270,  0.400,1,0,247, 25.000, 14.525,  0.000,-23.077, 13.525, 13.800,  0.000, 14.825, 14.300,  0.525,  0.800,  1.000,  0.800,0.00000,  0.000,
mon_rep231013,2023-10-13T11:17:29,2341.670,  0.400,1,0,247, 25.000, 14.525,  0.000,-23.077, 13.525, 13.800,  0.000, 14.825, 14.300,  0.525,  0.800,  1.000,  0.800,0.00000,  0.000,
mon_rep231013,2023-10-13T11:17:30,2342.070,  0.400,1,0,247, 25.000, 14.525,  0.000,-23.077, 13.525, 13.800,  0.000, 14.825, 14.300,  0.525,  0.800,  1.000,  0.800,0.00000,  0.000,
mon_rep231013,2023-10-13T11:17:30,2342.470,  0.400,1,0,247, 25.000, 14.525,  0.000,-23.077, 13.525, 13.800,  0.000, 14.825, 14.300,  0.525,  0.800,  1.000,  0.800,0.00000,  0.000,
mon_rep231013,2023-10-13T11:17:30,2342.870,  0.400,1,0,247, 25.000, 14.525,  0.000,-23.077, 13.525, 13.800,  0.000, 14.825, 14.300,  0.525,  0.800,  1.000,  0.800,0.00000,  0.000,
mon_rep231013,2023-10-13T11:17:31,2343.270,  0.400,1,0,247, 25.000, 14.525,  0.000,-23.077, 13.525, 13.800,  0.000, 14.825, 14.300,  0.525,  0.800,  1.000,  0.800,0.00000,  0.000,
mon_rep231013,2023-10-13T11:17:31,2343.670,  0.400,1,0,247, 25.000, 14.525,  0.000,-23.077, 13.525, 13.800,  0.000, 14.825, 14.300,  0.525,  0.800,  1.000,  0.800,0.00000,  0.000,
mon_rep231013,2023-10-13T11:17:32,2344.070,  0.400,1,0,247, 25.000, 14.525,  0.000,-23.077, 13.525, 13.800,  0.000, 14.825, 14.300,  0.525,  0.800,  1.000,  0.800,0.00000,  0.000,
mon_rep231013,2023-10-13T11:17:32,2344.470,  0.400,1,0,247, 25.000, 14.525,  0.000,-23.077, 13.525, 13.800,  0.000, 14.825, 14.300,  0.525,  0.800,  1.000,  0.800,0.00000,  0.000,
mon_rep231013,2023-10-13T11:17:32,2344.870,  0.400,1,0,247, 25.000, 14.525,  0.000,-23.077, 13.525, 13.800,  0.000, 14.825, 14.300,  0.525,  0.800,  1.000,  0.800,0.00000,  0.000,
mon_rep231013,2023-10-13T11:17:33,2345.270,  0.400,1,0,247, 25.000, 14.525,  0.000,-23.077, 13.525, 13.800,  0.000, 14.825, 14.300,  0.525,  0.800,  1.000,  0.800,0.00000,  0.000,
mon_rep231013,2023-10-13T11:17:33,2345.670,  0.400,1,0,247, 25.000, 14.525,  0.000,-23.077, 13.525, 13.800,  0.000, 14.825, 14.300,  0.525,  0.800,  1.000,  0.800,0.00000,  0.000,
mon_rep231013,2023-10-13T11:17:34,2346.070,  0.400,1,0,247, 25.000, 14.525,  0.000,-23.077, 13.525, 13.800,  0.000, 14.825, 14.300,  0.525,  0.800,  1.000,  0.800,0.00000,  0.000,
mon_rep231013,2023-10-13T11:17:34,2346.470,  0.400,1,0,247, 25.000, 14.525,  0.000,-23.077, 13.525, 13.800,  0.000, 14.825, 14.300,  0.525,  0.800,  1.000,  0.800,0.00000,  0.000,
mon_rep231013,2023-10-13T11:17:34,2346.870,  0.400,1,0,247, 25.000, 14.525,  0.000,-23.077, 13.525, 13.800,  0.000, 14.825, 14.300,  0.525,  0.800,  1.000,  0.800,0.00000,  0.000,
mon_rep231013,2023-10-13T11:17:35,2347.270,  0.400,1,0,247, 25.000, 14.525,  0.000,-23.077, 13.525, 13.800,  0.000, 14.825, 14.300,  0.525,  0.800,  1.000,  0.800,0.00000,  0.000,
mon_rep231013,2023-10-13T11:17:35,2347.670,  0.400,1,0,247, 25.000, 14.525,  0.000,-23.077, 13.525, 13.800,  0.000, 14.825, 14.300,  0.525,  0.800,  1.000,  0.800,0.00000,  0.000,
mon_rep231013,2023-10-13T11:17:36,2348.070,  0.400,1,0,247, 25.000, 14.525,  0.000,-23.077, 13.525, 13.800,  0.000, 14.825, 14.300,  0.525,  0.800,  1.000,  0.800,0.00000,  0.000,
mon_rep231013,2023-10-13T11:17:36,2348.470,  0.400,1,0,247, 25.000, 14.525,  0.000,-23.077, 13.525, 13.800,  0.000, 14.825, 14.300,  0.525,  0.800,  1.000,  0.800,0.00000,  0.000,
mon_rep231013,2023-10-13T11:17:36,2348.870,  0.400,1,0,247, 25.000, 14.525,  0.000,-23.077, 13.525, 13.800,  0.000, 14.825, 14.300,  0.525,  0.800,  1.000,  0.800,0.00000,  0.000,
mon_rep231013,2023-10-13T11:17:37,2349.270,  0.400,1,0,247, 25.000, 14.525,  0.000,-23.077, 13.525, 13.800,  0.000, 14.825, 14.300,  0.525,  0.800,  1.000,  0.800,0.00000,  0.000,
mon_rep231013,2023-10-13T11:17:37,2349.670,  0.400,1,0,247, 25.000, 14.525,  0.000,-23.077, 13.525, 13.800,  0.000, 14.825, 14.300,  0.525,  0.800,  1.000,  0.800,0.00000,  0.000,
mon_rep231013,2023-10-13T11:17:38,2350.070,  0.400,1,0,247, 25.000, 14.525,  0.000,-23.077, 13.525, 13.800,  0.000, 14.825, 14.300,  0.525,  0.800,  1.000,  0.800,0.00000,  0.000,
mon_rep231013,2023-10-13T11:17:38,2350.470,  0.400,1,0,247, 25.000, 14.525,  0.000,-23.077, 13.525, 13.800,  0.000, 14.825, 14.300,  0.525,  0.800,  1.000,  0.800,0.00000,  0.000,
mon_rep231013,2023-10-13T11:17:38,2350.870,  0.400,1,0,247, 25.000, 14.525,  0.000,-23.077, 13.525, 13.800,  0.000, 14.825, 14.300,  0.525,  0.800,  1.000,  0.800,0.00000,  0.000,
mon_rep231013,2023-10-13T11:17:39,2351.270,  0.400,1,0,247, 25.000, 14.525,  0.000,-23.077, 13.525, 13.800,  0.000, 14.825, 14.300,  0.525,  0.800,  1.000,  0.800,0.00000,  0.000,
mon_rep231013,2023-10-13T11:17:39,2351.670,  0.400,1,0,247, 25.000, 14.525,  0.000,-23.077, 13.525, 13.800,  0.000, 14.825, 14.300,  0.525,  0.800,  1.000,  0.800,0.00000,  0.000,
mon_rep231013,2023-10-13T11:17:40,2352.070,  0.400,1,0,247, 25.000, 14.525,  0.000,-23.077, 13.525, 13.800,  0.000, 14.825, 14.300,  0.525,  0.800,  1.000,  0.800,0.00000,  0.000,
mon_rep231013,2023-10-13T11:17:40,2352.470,  0.400,1,0,247, 25.000, 14.525,  0.000,-23.077, 13.525, 13.800,  0.000, 14.825, 14.300,  0.525,  0.800,  1.000,  0.800,0.00000,  0.000,
mon_rep231013,2023-10-13T11:17:40,2352.870,  0.400,1,0,247, 25.000, 14.525,  0.000,-23.077, 13.525, 13.800,  0.000, 14.825, 14.300,  0.525,  0.800,  1.000,  0.800,0.00000,  0.000,
mon_rep231013,2023-10-13T11:17:41,2353.270,  0.400,1,0,247, 25.000, 14.525,  0.000,-23.077, 13.525, 13.800,  0.000, 14.825, 14.300,  0.525,  0.800,  1.000,  0.800,0.00000,  0.000,
mon_rep231013,2023-10-13T11:17:41,2353.670,  0.400,1,0,247, 25.000, 14.525,  0.000,-23.077, 13.525, 13.800,  0.000, 14.825, 14.300,  0.525,  0.800,  1.000,  0.800,0.00000,  0.000,
mon_rep231013,2023-10-13T11:17:42,2354.070,  0.400,1,0,247, 25.000, 14.525,  0.000,-23.077, 13.525, 13.800,  0.000, 14.825, 14.300,  0.525,  0.800,  1.000,  0.800,0.00000,  0.000,
mon_rep231013,2023-10-13T11:17:42,2354.470,  0.400,1,0,247, 25.000, 14.525,  0.000,-23.077, 13.525, 13.800,  0.000, 14.825, 14.300,  0.525,  0.800,  1.000,  0.800,0.00000,  0.000,
mon_rep231013,2023-10-13T11:17:42,2354.870,  0.400,1,0,247, 25.000, 14.525,  0.000,-23.077, 13.525, 13.800,  0.000, 14.825, 14.300,  0.525,  0.800,  1.000,  0.800,0.00000,  0.000,
mon_rep231013,2023-10-13T11:17:43,2355.270,  0.400,1,0,247, 25.000, 14.525,  0.000,-23.077, 13.525, 13.800,  0.000, 14.825, 14.300,  0.525,  0.800,  1.000,  0.800,0.00000,  0.000,
mon_rep231013,2023-10-13T11:17:43,2355.670,  0.400,1,0,247, 25.000, 14.525,  0.000,-23.077, 13.525, 13.800,  0.000, 14.825, 14.300,  0.525,  0.800,  1.000,  0.800,0.00000,  0.000,
mon_rep231013,2023-10-13T11:17:44,2356.070,  0.400,1,0,247, 25.000, 14.525,  0.000,-23.077, 13.525, 13.800,  0.000, 14.825, 14.300,  0.525,  0.800,  1.000,  0.800,0.00000,  0.000,
mon_rep231013,2023-10-13T11:17:44,2356.470,  0.400,1,0,247, 25.000, 14.525,  0.000,-23.077, 13.525, 13.800,  0.000, 14.825, 14.300,  0.525,  0.800,  1.000,  0.800,0.00000,  0.000,
mon_rep231013,2023-10-13T11:17:44,2356.870,  0.400,1,0,247, 25.000, 14.525,  0.000,-23.077, 13.525, 13.800,  0.000, 14.825, 14.300,  0.525,  0.800,  1.000,  0.800,0.00000,  0.000,
mon_rep231013,2023-10-13T11:17:45,2357.270,  0.400,1,0,247, 25.000, 14.525,  0.000,-23.077, 13.525, 13.800,  0.000, 14.825, 14.300,  0.525,  0.800,  1.000,  0.800,0.00000,  0.000,
mon_rep231013,2023-10-13T11:17:45,2357.670,  0.400,1,0,247, 25.000, 14.525,  0.000,-23.077, 13.525, 13.800,  0.000, 14.825, 14.300,  0.525,  0.800,  1.000,  0.800,0.00000,  0.000,
mon_rep231013,2023-10-13T11:17:46,2358.070,  0.400,1,0,247, 25.000, 14.525,  0.000,-23.077, 13.525, 13.800,  0.000, 14.825, 14.300,  0.525,  0.800,  1.000,  0.800,0.00000,  0.000,
mon_rep231013,2023-10-13T11:17:46,2358.470,  0.400,1,0,247, 25.000, 14.525,  0.000,-23.077, 13.525, 13.800,  0.000, 14.825, 14.300,  0.525,  0.800,  1.000,  0.800,0.00000,  0.000,
mon_rep231013,2023-10-13T11:17:46,2358.870,  0.400,1,0,247, 25.000, 14.525,  0.000,-23.077, 13.525, 13.800,  0.000, 14.825, 14.300,  0.525,  0.800,  1.000,  0.800,0.00000,  0.000,
mon_rep231013,2023-10-13T11:17:47,2359.270,  0.400,1,0,247, 25.000, 14.525,  0.000,-23.077, 13.525, 13.800,  0.000, 14.825, 14.300,  0.525,  0.800,  1.000,  0.800,0.00000,  0.000,
mon_rep231013,2023-10-13T11:17:47,2359.670,  0.400,1,0,247, 25.000, 14.525,  0.000,-23.077, 13.525, 13.800,  0.000, 14.825, 14.300,  0.525,  0.800,  1.000,  0.800,0.00000,  0.000,
mon_rep231013,2023-10-13T11:17:48,2360.070,  0.400,1,0,247, 25.000, 14.525,  0.000,-23.077, 13.525, 13.800,  0.000, 14.825, 14.300,  0.525,  0.800,  1.000,  0.800,0.00000,  0.000,
mon_rep231013,2023-10-13T11:17:48,2360.470,  0.400,1,0,247, 25.000, 14.525,  0.000,-23.077, 13.525, 13.800,  0.000, 14.825, 14.300,  0.525,  0.800,  1.000,  0.800,0.00000,  0.000,
mon_rep231013,2023-10-13T11:17:48,2360.870,  0.400,1,0,247, 25.000, 14.525,  0.000,-23.077, 13.525, 13.800,  0.000, 14.825, 14.300,  0.525,  0.800,  1.000,  0.800,0.00000,  0.000,
mon_rep231013,2023-10-13T11:17:49,2361.270,  0.400,1,0,247, 25.000, 14.525,  0.000,-23.077, 13.525, 13.800,  0.000, 14.825, 14.300,  0.525,  0.800,  1.000,  0.800,0.00000,  0.000,
mon_rep231013,2023-10-13T11:17:49,2361.670,  0.400,1,0,247, 25.000, 14.525,  0.000,-23.077, 13.525, 13.800,  0.000, 14.825, 14.300,  0.525,  0.800,  1.000,  0.800,0.00000,  0.000,
mon_rep231013,2023-10-13T11:17:50,2362.070,  0.400,1,0,247, 25.000, 14.525,  0.000,-23.077, 13.525, 13.800,  0.000, 14.825, 14.300,  0.525,  0.800,  1.000,  0.800,0.00000,  0.000,
mon_rep231013,2023-10-13T11:17:50,2362.470,  0.400,1,0,247, 25.000, 14.525,  0.000,-23.077, 13.525, 13.800,  0.000, 14.825, 14.300,  0.525,  0.800,  1.000,  0.800,0.00000,  0.000,
mon_rep231013,2023-10-13T11:17:50,2362.870,  0.400,1,0,247, 25.000, 14.525,  0.000,-23.077, 13.525, 13.800,  0.000, 14.825, 14.300,  0.525,  0.800,  1.000,  0.800,0.00000,  0.000,
mon_rep231013,2023-10-13T11:17:51,2363.270,  0.400,1,0,247, 25.000, 14.525,  0.000,-23.077, 13.525, 13.800,  0.000, 14.825, 14.300,  0.525,  0.800,  1.000,  0.800,0.00000,  0.000,
mon_rep231013,2023-10-13T11:17:51,2363.670,  0.400,1,0,247, 25.000, 14.525,  0.000,-23.077, 13.525, 13.800,  0.000, 14.825, 14.300,  0.525,  0.800,  1.000,  0.800,0.00000,  0.000,
mon_rep231013,2023-10-13T11:17:52,2364.070,  0.400,1,0,247, 25.000, 14.525,  0.000,-23.077, 13.525, 13.800,  0.000, 14.825, 14.300,  0.525,  0.800,  1.000,  0.800,0.00000,  0.000,
mon_rep231013,2023-10-13T11:17:52,2364.470,  0.400,1,0,247, 25.000, 14.525,  0.000,-23.077, 13.525, 13.800,  0.000, 14.825, 14.300,  0.525,  0.800,  1.000,  0.800,0.00000,  0.000,
mon_rep231013,2023-10-13T11:17:52,2364.870,  0.400,1,0,247, 25.000, 14.525,  0.000,-23.077, 13.525, 13.800,  0.000, 14.825, 14.300,  0.525,  0.800,  1.000,  0.800,0.00000,  0.000,
mon_rep231013,2023-10-13T11:17:53,2365.270,  0.400,1,0,247, 25.000, 14.525,  0.000,-23.077, 13.525, 13.800,  0.000, 14.825, 14.300,  0.525,  0.800,  1.000,  0.800,0.00000,  0.000,
mon_rep231013,2023-10-13T11:17:53,2365.670,  0.400,1,0,247, 25.000, 14.525,  0.000,-23.077, 13.525, 13.800,  0.000, 14.825, 14.300,  0.525,  0.800,  1.000,  0.800,0.00000,  0.000,
mon_rep231013,2023-10-13T11:17:54,2366.070,  0.400,1,0,247, 25.000, 14.525,  0.000,-23.077, 13.525, 13.800,  0.000, 14.825, 14.300,  0.525,  0.800,  1.000,  0.800,0.00000,  0.000,
mon_rep231013,2023-10-13T11:17:54,2366.470,  0.400,1,0,247, 25.000, 14.525,  0.000,-23.077, 13.525, 13.800,  0.000, 14.825, 14.300,  0.525,  0.800,  1.000,  0.800,0.00000,  0.000,
mon_rep231013,2023-10-13T11:17:54,2366.870,  0.400,1,0,247, 25.000, 14.525,  0.000,-23.077, 13.525, 13.800,  0.000, 14.825, 14.300,  0.525,  0.800,  1.000,  0.800,0.00000,  0.000,
mon_rep231013,2023-10-13T11:17:55,2367.270,  0.400,1,0,247, 25.000, 14.525,  0.000,-23.077, 13.525, 13.800,  0.000, 14.825, 14.300,  0.525,  0.800,  1.000,  0.800,0.00000,  0.000,
mon_rep231013,2023-10-13T11:17:55,2367.670,  0.400,1,0,247, 25.000, 14.525,  0.000,-23.077, 13.525, 13.800,  0.000, 14.825, 14.300,  0.525,  0.800,  1.000,  0.800,0.00000,  0.000,
mon_rep231013,2023-10-13T11:17:56,2368.070,  0.400,1,0,247, 25.000, 14.525,  0.000,-23.077, 13.525, 13.800,  0.000, 14.825, 14.300,  0.525,  0.800,  1.000,  0.800,0.00000,  0.000,
mon_rep231013,2023-10-13T11:17:56,2368.470,  0.400,1,0,247, 25.000, 14.525,  0.000,-23.077, 13.525, 13.800,  0.000, 14.825, 14.300,  0.525,  0.800,  1.000,  0.800,0.00000,  0.000,
mon_rep231013,2023-10-13T11:17:56,2368.870,  0.400,1,0,247, 25.000, 14.525,  0.000,-23.077, 13.525, 13.800,  0.000, 14.825, 14.300,  0.525,  0.800,  1.000,  0.800,0.00000,  0.000,
mon_rep231013,2023-10-13T11:17:57,2369.270,  0.400,1,0,247, 25.000, 14.525,  0.000,-23.077, 13.525, 13.800,  0.000, 14.825, 14.300,  0.525,  0.800,  1.000,  0.800,0.00000,  0.000,
mon_rep231013,2023-10-13T11:17:57,2369.670,  0.400,1,0,247, 25.000, 14.525,  0.000,-23.077, 13.525, 13.800,  0.000, 14.825, 14.300,  0.525,  0.800,  1.000,  0.800,0.00000,  0.000,
mon_rep231013,2023-10-13T11:17:58,2370.070,  0.400,1,0,247, 25.000, 14.525,  0.000,-23.077, 13.525, 13.800,  0.000, 14.825, 14.300,  0.525,  0.800,  1.000,  0.800,0.00000,  0.000,
mon_rep231013,2023-10-13T11:17:58,2370.470,  0.400,1,0,247, 25.000, 14.525,  0.000,-23.077, 13.525, 13.800,  0.000, 14.825, 14.300,  0.525,  0.800,  1.000,  0.800,0.00000,  0.000,
mon_rep231013,2023-10-13T11:17:58,2370.870,  0.400,1,0,247, 25.000, 14.525,  0.000,-23.077, 13.525, 13.800,  0.000, 14.825, 14.300,  0.525,  0.800,  1.000,  0.800,0.00000,  0.000,
mon_rep231013,2023-10-13T11:17:59,2371.270,  0.400,1,0,247, 25.000, 14.525,  0.000,-23.077, 13.525, 13.800,  0.000, 14.825, 14.300,  0.525,  0.800,  1.000,  0.800,0.00000,  0.000,
mon_rep231013,2023-10-13T11:17:59,2371.670,  0.400,1,0,247, 25.000, 14.525,  0.000,-23.077, 13.525, 13.800,  0.000, 14.825, 14.300,  0.525,  0.800,  1.000,  0.800,0.00000,  0.000,
mon_rep231013,2023-10-13T11:18:00,2372.070,  0.400,1,0,247, 25.000, 14.525,  0.000,-23.077, 13.525, 13.800,  0.000, 14.825, 14.300,  0.525,  0.800,  1.000,  0.800,0.00000,  0.000,
mon_rep231013,2023-10-13T11:18:00,2372.470,  0.400,1,0,247, 25.000, 14.525,  0.000,-23.077, 13.525, 13.800,  0.000, 14.825, 14.300,  0.525,  0.800,  1.000,  0.800,0.00000,  0.000,
mon_rep231013,2023-10-13T11:18:00,2372.870,  0.400,1,0,247, 25.000, 14.525,  0.000,-23.077, 13.525, 13.800,  0.000, 14.825, 14.300,  0.525,  0.800,  1.000,  0.800,0.00000,  0.000,
mon_rep231013,2023-10-13T11:18:01,2373.270,  0.400,1,0,247, 25.000, 14.525,  0.000,-23.077, 13.525, 13.800,  0.000, 14.825, 14.300,  0.525,  0.800,  1.000,  0.800,0.00000,  0.000,
mon_rep231013,2023-10-13T11:18:01,2373.670,  0.400,1,0,247, 25.000, 14.525,  0.000,-23.077, 13.525, 13.800,  0.000, 14.825, 14.300,  0.525,  0.800,  1.000,  0.800,0.00000,  0.000,
mon_rep231013,2023-10-13T11:18:02,2374.070,  0.400,1,0,247, 25.000, 14.525,  0.000,-23.077, 13.525, 13.800,  0.000, 14.825, 14.300,  0.525,  0.800,  1.000,  0.800,0.00000,  0.000,
mon_rep231013,2023-10-13T11:18:02,2374.470,  0.400,1,0,247, 25.000, 14.525,  0.000,-23.077, 13.525, 13.800,  0.000, 14.825, 14.300,  0.525,  0.800,  1.000,  0.800,0.00000,  0.000,
mon_rep231013,2023-10-13T11:18:02,2374.870,  0.400,1,0,247, 25.000, 14.525,  0.000,-23.077, 13.525, 13.800,  0.000, 14.825, 14.300,  0.525,  0.800,  1.000,  0.800,0.00000,  0.000,
mon_rep231013,2023-10-13T11:18:03,2375.270,  0.400,1,0,247, 25.000, 14.525,  0.000,-23.077, 13.525, 13.800,  0.000, 14.825, 14.300,  0.525,  0.800,  1.000,  0.800,0.00000,  0.000,
mon_rep231013,2023-10-13T11:18:03,2375.670,  0.400,1,0,247, 25.000, 14.525,  0.000,-23.077, 13.525, 13.800,  0.000, 14.825, 14.300,  0.525,  0.800,  1.000,  0.800,0.00000,  0.000,
mon_rep231013,2023-10-13T11:18:04,2376.070,  0.400,1,0,247, 25.000, 14.525,  0.000,-23.077, 13.525, 13.800,  0.000, 14.825, 14.300,  0.525,  0.800,  1.000,  0.800,0.00000,  0.000,
mon_rep231013,2023-10-13T11:18:04,2376.470,  0.400,1,0,247, 25.000, 14.525,  0.000,-23.077, 13.525, 13.800,  0.000, 14.825, 14.300,  0.525,  0.800,  1.000,  0.800,0.00000,  0.000,
mon_rep231013,2023-10-13T11:18:04,2376.870,  0.400,1,0,247, 25.000, 14.525,  0.000,-23.077, 13.525, 13.800,  0.000, 14.825, 14.300,  0.525,  0.800,  1.000,  0.800,0.00000,  0.000,
mon_rep231013,2023-10-13T11:18:05,2377.270,  0.400,1,0,247, 25.000, 14.525,  0.000,-23.077, 13.525, 13.800,  0.000, 14.825, 14.300,  0.525,  0.800,  1.000,  0.800,0.00000,  0.000,
mon_rep231013,2023-10-13T11:18:05,2377.670,  0.400,1,0,247, 25.000, 14.525,  0.000,-23.077, 13.525, 13.800,  0.000, 14.825, 14.300,  0.525,  0.800,  1.000,  0.800,0.00000,  0.000,
mon_rep231013,2023-10-13T11:18:06,2378.070,  0.400,1,0,247, 25.000, 14.525,  0.000,-23.077, 13.525, 13.800,  0.000, 14.825, 14.300,  0.525,  0.800,  1.000,  0.800,0.00000,  0.000,
mon_rep231013,2023-10-13T11:18:06,2378.470,  0.400,1,0,247, 25.000, 14.525,  0.000,-23.077, 13.525, 13.800,  0.000, 14.825, 14.300,  0.525,  0.800,  1.000,  0.800,0.00000,  0.000,
mon_rep231013,2023-10-13T11:18:06,2378.870,  0.400,1,0,247, 25.000, 14.525,  0.000,-23.077, 13.525, 13.800,  0.000, 14.825, 14.300,  0.525,  0.800,  1.000,  0.800,0.00000,  0.000,
mon_rep231013,2023-10-13T11:18:07,2379.270,  0.400,1,0,247, 25.000, 14.525,  0.000,-23.077, 13.525, 13.800,  0.000, 14.825, 14.300,  0.525,  0.800,  1.000,  0.800,0.00000,  0.000,
mon_rep231013,2023-10-13T11:18:07,2379.670,  0.400,1,0,247, 25.000, 14.525,  0.000,-23.077, 13.525, 13.800,  0.000, 14.825, 14.300,  0.525,  0.800,  1.000,  0.800,0.00000,  0.000,
mon_rep231013,2023-10-13T11:18:08,2380.070,  0.400,1,0,247, 25.000, 14.525,  0.000,-23.077, 13.525, 13.800,  0.000, 14.825, 14.300,  0.525,  0.800,  1.000,  0.800,0.00000,  0.000,
mon_rep231013,2023-10-13T11:18:08,2380.470,  0.400,1,0,247, 25.000, 14.525,  0.000,-23.077, 13.525, 13.800,  0.000, 14.825, 14.300,  0.525,  0.800,  1.000,  0.800,0.00000,  0.000,
mon_rep231013,2023-10-13T11:18:08,2380.870,  0.400,1,0,247, 25.000, 14.525,  0.000,-23.077, 13.525, 13.800,  0.000, 14.825, 14.300,  0.525,  0.800,  1.000,  0.800,0.00000,  0.000,
mon_rep231013,2023-10-13T11:18:09,2381.270,  0.400,1,0,247, 25.000, 14.525,  0.000,-23.077, 13.525, 13.800,  0.000, 14.825, 14.300,  0.525,  0.800,  1.000,  0.800,0.00000,  0.000,
mon_rep231013,2023-10-13T11:18:09,2381.670,  0.400,1,0,247, 25.000, 14.525,  0.000,-23.077, 13.525, 13.800,  0.000, 14.825, 14.300,  0.525,  0.800,  1.000,  0.800,0.00000,  0.000,
mon_rep231013,2023-10-13T11:18:10,2382.070,  0.400,1,0,247, 25.000, 14.525,  0.000,-23.077, 13.525, 13.800,  0.000, 14.825, 14.300,  0.525,  0.800,  1.000,  0.800,0.00000,  0.000,
mon_rep231013,2023-10-13T11:18:10,2382.470,  0.400,1,0,247, 25.000, 14.525,  0.000,-23.077, 13.525, 13.800,  0.000, 14.825, 14.300,  0.525,  0.800,  1.000,  0.800,0.00000,  0.000,
mon_rep231013,2023-10-13T11:18:10,2382.870,  0.400,1,0,247, 25.000, 14.525,  0.000,-23.077, 13.525, 13.800,  0.000, 14.825, 14.300,  0.525,  0.800,  1.000,  0.800,0.00000,  0.000,
mon_rep231013,2023-10-13T11:18:11,2383.270,  0.400,1,0,247, 25.000, 14.525,  0.000,-23.077, 13.525, 13.800,  0.000, 14.825, 14.300,  0.525,  0.800,  1.000,  0.800,0.00000,  0.000,
mon_rep231013,2023-10-13T11:18:11,2383.670,  0.400,1,0,247, 25.000, 14.525,  0.000,-23.077, 13.525, 13.800,  0.000, 14.825, 14.300,  0.525,  0.800,  1.000,  0.800,0.00000,  0.000,
mon_rep231013,2023-10-13T11:18:12,2384.070,  0.400,1,0,247, 25.000, 14.525,  0.000,-23.077, 13.525, 13.800,  0.000, 14.825, 14.300,  0.525,  0.800,  1.000,  0.800,0.00000,  0.000,
mon_rep231013,2023-10-13T11:18:12,2384.470,  0.400,1,0,247, 25.000, 14.525,  0.000,-23.077, 13.525, 13.800,  0.000, 14.825, 14.300,  0.525,  0.800,  1.000,  0.800,0.00000,  0.000,
mon_rep231013,2023-10-13T11:18:12,2384.870,  0.400,1,0,247, 25.000, 14.525,  0.000,-23.077, 13.525, 13.800,  0.000, 14.825, 14.300,  0.525,  0.800,  1.000,  0.800,0.00000,  0.000,
mon_rep231013,2023-10-13T11:18:13,2385.270,  0.400,1,0,247, 25.000, 14.525,  0.000,-23.077, 13.525, 13.800,  0.000, 14.825, 14.300,  0.525,  0.800,  1.000,  0.800,0.00000,  0.000,
mon_rep231013,2023-10-13T11:18:13,2385.670,  0.400,1,0,247, 25.000, 14.525,  0.000,-23.077, 13.525, 13.800,  0.000, 14.825, 14.300,  0.525,  0.800,  1.000,  0.800,0.00000,  0.000,
mon_rep231013,2023-10-13T11:18:14,2386.070,  0.400,1,0,247, 25.000, 14.525,  0.000,-23.077, 13.525, 13.800,  0.000, 14.825, 14.300,  0.525,  0.800,  1.000,  0.800,0.00000,  0.000,
mon_rep231013,2023-10-13T11:18:14,2386.470,  0.400,1,0,247, 25.000, 14.525,  0.000,-23.077, 13.525, 13.800,  0.000, 14.825, 14.300,  0.525,  0.800,  1.000,  0.800,0.00000,  0.000,
mon_rep231013,2023-10-13T11:18:14,2386.870,  0.400,1,0,247, 25.000, 14.525,  0.000,-23.077, 13.525, 13.800,  0.000, 14.825, 14.300,  0.525,  0.800,  1.000,  0.800,0.00000,  0.000,
mon_rep231013,2023-10-13T11:18:15,2387.270,  0.400,1,0,247, 25.000, 14.525,  0.000,-23.077, 13.525, 13.800,  0.000, 14.825, 14.300,  0.525,  0.800,  1.000,  0.800,0.00000,  0.000,
mon_rep231013,2023-10-13T11:18:15,2387.670,  0.400,1,0,247, 25.000, 14.525,  0.000,-23.077, 13.525, 13.800,  0.000, 14.825, 14.300,  0.525,  0.800,  1.000,  0.800,0.00000,  0.000,
mon_rep231013,2023-10-13T11:18:16,2388.070,  0.400,1,0,247, 25.000, 14.525,  0.000,-23.077, 13.525, 13.800,  0.000, 14.825, 14.300,  0.525,  0.800,  1.000,  0.800,0.00000,  0.000,
mon_rep231013,2023-10-13T11:18:16,2388.470,  0.400,1,0,247, 25.000, 14.525,  0.000,-23.077, 13.525, 13.800,  0.000, 14.825, 14.300,  0.525,  0.800,  1.000,  0.800,0.00000,  0.000,
mon_rep231013,2023-10-13T11:18:16,2388.870,  0.400,1,0,247, 25.000, 14.525,  0.000,-23.077, 13.525, 13.800,  0.000, 14.825, 14.300,  0.525,  0.800,  1.000,  0.800,0.00000,  0.000,
mon_rep231013,2023-10-13T11:18:17,2389.270,  0.400,1,0,247, 25.000, 14.525,  0.000,-23.077, 13.525, 13.800,  0.000, 14.825, 14.300,  0.525,  0.800,  1.000,  0.800,0.00000,  0.000,
mon_rep231013,2023-10-13T11:18:17,2389.670,  0.400,1,0,247, 25.000, 14.525,  0.000,-23.077, 13.525, 13.800,  0.000, 14.825, 14.300,  0.525,  0.800,  1.000,  0.800,0.00000,  0.000,
mon_rep231013,2023-10-13T11:18:18,2390.070,  0.400,1,0,247, 25.000, 14.525,  0.000,-23.077, 13.525, 13.800,  0.000, 14.825, 14.300,  0.525,  0.800,  1.000,  0.800,0.00000,  0.000,
mon_rep231013,2023-10-13T11:18:18,2390.470,  0.400,1,0,247, 25.000, 14.525,  0.000,-23.077, 13.525, 13.800,  0.000, 14.825, 14.300,  0.525,  0.800,  1.000,  0.800,0.00000,  0.000,
mon_rep231013,2023-10-13T11:18:18,2390.870,  0.400,1,0,247, 25.000, 14.525,  0.000,-23.077, 13.525, 13.800,  0.000, 14.825, 14.300,  0.525,  0.800,  1.000,  0.800,0.00000,  0.000,
mon_rep231013,2023-10-13T11:18:19,2391.270,  0.400,1,0,247, 25.000, 14.525,  0.000,-23.077, 13.525, 13.800,  0.000, 14.825, 14.300,  0.525,  0.800,  1.000,  0.800,0.00000,  0.000,
mon_rep231013,2023-10-13T11:18:19,2391.670,  0.400,1,0,247, 25.000, 14.525,  0.000,-23.077, 13.525, 13.800,  0.000, 14.825, 14.300,  0.525,  0.800,  1.000,  0.800,0.00000,  0.000,
mon_rep231013,2023-10-13T11:18:20,2392.070,  0.400,1,0,247, 25.000, 14.525,  0.000,-23.077, 13.525, 13.800,  0.000, 14.825, 14.300,  0.525,  0.800,  1.000,  0.800,0.00000,  0.000,
mon_rep231013,2023-10-13T11:18:20,2392.470,  0.400,1,0,247, 25.000, 14.525,  0.000,-23.077, 13.525, 13.800,  0.000, 14.825, 14.300,  0.525,  0.800,  1.000,  0.800,0.00000,  0.000,
mon_rep231013,2023-10-13T11:18:20,2392.870,  0.400,1,0,247, 25.000, 14.525,  0.000,-23.077, 13.525, 13.800,  0.000, 14.825, 14.300,  0.525,  0.800,  1.000,  0.800,0.00000,  0.000,
mon_rep231013,2023-10-13T11:18:21,2393.270,  0.400,1,0,247, 25.000, 14.525,  0.000,-23.077, 13.525, 13.800,  0.000, 14.825, 14.300,  0.525,  0.800,  1.000,  0.800,0.00000,  0.000,
mon_rep231013,2023-10-13T11:18:21,2393.670,  0.400,1,0,247, 25.000, 14.525,  0.000,-23.077, 13.525, 13.800,  0.000, 14.825, 14.300,  0.525,  0.800,  1.000,  0.800,0.00000,  0.000,
mon_rep231013,2023-10-13T11:18:22,2394.070,  0.400,1,0,247, 25.000, 14.525,  0.000,-23.077, 13.525, 13.800,  0.000, 14.825, 14.300,  0.525,  0.800,  1.000,  0.800,0.00000,  0.000,
mon_rep231013,2023-10-13T11:18:22,2394.470,  0.400,1,0,247, 25.000, 14.525,  0.000,-23.077, 13.525, 13.800,  0.000, 14.825, 14.300,  0.525,  0.800,  1.000,  0.800,0.00000,  0.000,
mon_rep231013,2023-10-13T11:18:22,2394.870,  0.400,1,0,247, 25.000, 14.525,  0.000,-23.077, 13.525, 13.800,  0.000, 14.825, 14.300,  0.525,  0.800,  1.000,  0.800,0.00000,  0.000,
mon_rep231013,2023-10-13T11:18:23,2395.270,  0.400,1,0,247, 25.000, 14.525,  0.000,-23.077, 13.525, 13.800,  0.000, 14.825, 14.300,  0.525,  0.800,  1.000,  0.800,0.00000,  0.000,
mon_rep231013,2023-10-13T11:18:23,2395.670,  0.400,1,0,247, 25.000, 14.525,  0.000,-23.077, 13.525, 13.800,  0.000, 14.825, 14.300,  0.525,  0.800,  1.000,  0.800,0.00000,  0.000,
mon_rep231013,2023-10-13T11:18:24,2396.070,  0.400,1,0,247, 25.000, 14.525,  0.000,-23.077, 13.525, 13.800,  0.000, 14.825, 14.300,  0.525,  0.800,  1.000,  0.800,0.00000,  0.000,
mon_rep231013,2023-10-13T11:18:24,2396.470,  0.400,1,0,247, 25.000, 14.525,  0.000,-23.077, 13.525, 13.800,  0.000, 14.825, 14.300,  0.525,  0.800,  1.000,  0.800,0.00000,  0.000,
mon_rep231013,2023-10-13T11:18:24,2396.870,  0.400,1,0,247, 25.000, 14.525,  0.000,-23.077, 13.525, 13.800,  0.000, 14.825, 14.300,  0.525,  0.800,  1.000,  0.800,0.00000,  0.000,
mon_rep231013,2023-10-13T11:18:25,2397.270,  0.400,1,0,247, 25.000, 14.525,  0.000,-23.077, 13.525, 13.800,  0.000, 14.825, 14.300,  0.525,  0.800,  1.000,  0.800,0.00000,  0.000,
mon_rep231013,2023-10-13T11:18:25,2397.670,  0.400,1,0,247, 25.000, 14.525,  0.000,-23.077, 13.525, 13.800,  0.000, 14.825, 14.300,  0.525,  0.800,  1.000,  0.800,0.00000,  0.000,
mon_rep231013,2023-10-13T11:18:26,2398.070,  0.400,1,0,247, 25.000, 14.525,  0.000,-23.077, 13.525, 13.800,  0.000, 14.825, 14.300,  0.525,  0.800,  1.000,  0.800,0.00000,  0.000,
mon_rep231013,2023-10-13T11:18:26,2398.470,  0.400,1,0,247, 25.000, 14.525,  0.000,-23.077, 13.525, 13.800,  0.000, 14.825, 14.300,  0.525,  0.800,  1.000,  0.800,0.00000,  0.000,
mon_rep231013,2023-10-13T11:18:26,2398.870,  0.400,1,0,247, 25.000, 14.525,  0.000,-23.077, 13.525, 13.800,  0.000, 14.825, 14.300,  0.525,  0.800,  1.000,  0.800,0.00000,  0.000,
mon_rep231013,2023-10-13T11:18:27,2399.270,  0.400,1,0,247, 25.000, 14.525,  0.000,-23.077, 13.525, 13.800,  0.000, 14.825, 14.300,  0.525,  0.800,  1.000,  0.800,0.00000,  0.000,
mon_rep231013,2023-10-13T11:18:27,2399.670,  0.400,1,0,247, 25.000, 14.525,  0.000,-23.077, 13.525, 13.800,  0.000, 14.825, 14.300,  0.525,  0.800,  1.000,  0.800,0.00000,  0.000,
mon_rep231013,2023-10-13T11:18:28,2400.070,  0.400,1,0,247, 25.000, 14.525,  0.000,-23.077, 13.525, 13.800,  0.000, 14.825, 14.300,  0.525,  0.800,  1.000,  0.800,0.00000,  0.000,
mon_rep231013,2023-10-13T11:18:28,2400.470,  0.400,1,0,247, 25.000, 14.525,  0.000,-23.077, 13.525, 13.800,  0.000, 14.825, 14.300,  0.525,  0.800,  1.000,  0.800,0.00000,  0.000,
mon_rep231013,2023-10-13T11:18:28,2400.870,  0.400,1,0,247, 25.000, 14.525,  0.000,-23.077, 13.525, 13.800,  0.000, 14.825, 14.300,  0.525,  0.800,  1.000,  0.800,0.00000,  0.000,
mon_rep231013,2023-10-13T11:18:29,2401.270,  0.400,1,0,247, 25.000, 14.525,  0.000,-23.077, 13.525, 13.800,  0.000, 14.825, 14.300,  0.525,  0.800,  1.000,  0.800,0.00000,  0.000,
mon_rep231013,2023-10-13T11:18:29,2401.670,  0.400,1,0,247, 25.000, 14.525,  0.000,-23.077, 13.525, 13.800,  0.000, 14.825, 14.300,  0.525,  0.800,  1.000,  0.800,0.00000,  0.000,
mon_rep231013,2023-10-13T11:18:30,2402.070,  0.400,1,0,247, 25.000, 14.525,  0.000,-23.077, 13.525, 13.800,  0.000, 14.825, 14.300,  0.525,  0.800,  1.000,  0.800,0.00000,  0.000,
mon_rep231013,2023-10-13T11:18:30,2402.470,  0.400,1,0,247, 25.000, 14.525,  0.000,-23.077, 13.525, 13.800,  0.000, 14.825, 14.300,  0.525,  0.800,  1.000,  0.800,0.00000,  0.000,
mon_rep231013,2023-10-13T11:18:30,2402.870,  0.400,1,0,247, 25.000, 14.525,  0.000,-23.077, 13.525, 13.800,  0.000, 14.825, 14.300,  0.525,  0.800,  1.000,  0.800,0.00000,  0.000,
mon_rep231013,2023-10-13T11:18:31,2403.270,  0.400,1,0,247, 25.000, 14.525,  0.000,-23.077, 13.525, 13.800,  0.000, 14.825, 14.300,  0.525,  0.800,  1.000,  0.800,0.00000,  0.000,
mon_rep231013,2023-10-13T11:18:31,2403.670,  0.400,1,0,247, 25.000, 14.525,  0.000,-23.077, 13.525, 13.800,  0.000, 14.825, 14.300,  0.525,  0.800,  1.000,  0.800,0.00000,  0.000,
mon_rep231013,2023-10-13T11:18:32,2404.070,  0.400,1,0,247, 25.000, 14.525,  0.000,-23.077, 13.525, 13.800,  0.000, 14.825, 14.300,  0.525,  0.800,  1.000,  0.800,0.00000,  0.000,
mon_rep231013,2023-10-13T11:18:32,2404.470,  0.400,1,0,247, 25.000, 14.525,  0.000,-23.077, 13.525, 13.800,  0.000, 14.825, 14.300,  0.525,  0.800,  1.000,  0.800,0.00000,  0.000,
mon_rep231013,2023-10-13T11:18:32,2404.870,  0.400,1,0,247, 25.000, 14.525,  0.000,-23.077, 13.525, 13.800,  0.000, 14.825, 14.300,  0.525,  0.800,  1.000,  0.800,0.00000,  0.000,
mon_rep231013,2023-10-13T11:18:33,2405.270,  0.400,1,0,247, 25.000, 14.525,  0.000,-23.077, 13.525, 13.800,  0.000, 14.825, 14.300,  0.525,  0.800,  1.000,  0.800,0.00000,  0.000,
mon_rep231013,2023-10-13T11:18:33,2405.670,  0.400,1,0,247, 25.000, 14.525,  0.000,-23.077, 13.525, 13.800,  0.000, 14.825, 14.300,  0.525,  0.800,  1.000,  0.800,0.00000,  0.000,
mon_rep231013,2023-10-13T11:18:34,2406.070,  0.400,1,0,247, 25.000, 14.525,  0.000,-23.077, 13.525, 13.800,  0.000, 14.825, 14.300,  0.525,  0.800,  1.000,  0.800,0.00000,  0.000,
mon_rep231013,2023-10-13T11:18:34,2406.470,  0.400,1,0,247, 25.000, 14.525,  0.000,-23.077, 13.525, 13.800,  0.000, 14.825, 14.300,  0.525,  0.800,  1.000,  0.800,0.00000,  0.000,
mon_rep231013,2023-10-13T11:18:34,2406.870,  0.400,1,0,247, 25.000, 14.525,  0.000,-23.077, 13.525, 13.800,  0.000, 14.825, 14.300,  0.525,  0.800,  1.000,  0.800,0.00000,  0.000,
mon_rep231013,2023-10-13T11:18:35,2407.270,  0.400,1,0,247, 25.000, 14.525,  0.000,-23.077, 13.525, 13.800,  0.000, 14.825, 14.300,  0.525,  0.800,  1.000,  0.800,0.00000,  0.000,
mon_rep231013,2023-10-13T11:18:35,2407.670,  0.400,1,0,247, 25.000, 14.525,  0.000,-23.077, 13.525, 13.800,  0.000, 14.825, 14.300,  0.525,  0.800,  1.000,  0.800,0.00000,  0.000,
mon_rep231013,2023-10-13T11:18:36,2408.070,  0.400,1,0,247, 25.000, 14.525,  0.000,-23.077, 13.525, 13.800,  0.000, 14.825, 14.300,  0.525,  0.800,  1.000,  0.800,0.00000,  0.000,
mon_rep231013,2023-10-13T11:18:36,2408.470,  0.400,1,0,247, 25.000, 14.525,  0.000,-23.077, 13.525, 13.800,  0.000, 14.825, 14.300,  0.525,  0.800,  1.000,  0.800,0.00000,  0.000,
mon_rep231013,2023-10-13T11:18:36,2408.870,  0.400,1,0,247, 25.000, 14.525,  0.000,-23.077, 13.525, 13.800,  0.000, 14.825, 14.300,  0.525,  0.800,  1.000,  0.800,0.00000,  0.000,
mon_rep231013,2023-10-13T11:18:37,2409.270,  0.400,1,0,247, 25.000, 14.525,  0.000,-23.077, 13.525, 13.800,  0.000, 14.825, 14.300,  0.525,  0.800,  1.000,  0.800,0.00000,  0.000,
mon_rep231013,2023-10-13T11:18:37,2409.670,  0.400,1,0,247, 25.000, 14.525,  0.000,-23.077, 13.525, 13.800,  0.000, 14.825, 14.300,  0.525,  0.800,  1.000,  0.800,0.00000,  0.000,
mon_rep231013,2023-10-13T11:18:38,2410.070,  0.400,1,0,247, 25.000, 14.525,  0.000,-23.077, 13.525, 13.800,  0.000, 14.825, 14.300,  0.525,  0.800,  1.000,  0.800,0.00000,  0.000,
mon_rep231013,2023-10-13T11:18:38,2410.470,  0.400,1,0,247, 25.000, 14.525,  0.000,-23.077, 13.525, 13.800,  0.000, 14.825, 14.300,  0.525,  0.800,  1.000,  0.800,0.00000,  0.000,
mon_rep231013,2023-10-13T11:18:38,2410.870,  0.400,1,0,247, 25.000, 14.525,  0.000,-23.077, 13.525, 13.800,  0.000, 14.825, 14.300,  0.525,  0.800,  1.000,  0.800,0.00000,  0.000,
mon_rep231013,2023-10-13T11:18:39,2411.270,  0.400,1,0,247, 25.000, 14.525,  0.000,-23.077, 13.525, 13.800,  0.000, 14.825, 14.300,  0.525,  0.800,  1.000,  0.800,0.00000,  0.000,
mon_rep231013,2023-10-13T11:18:39,2411.670,  0.400,1,0,247, 25.000, 14.525,  0.000,-23.077, 13.525, 13.800,  0.000, 14.825, 14.300,  0.525,  0.800,  1.000,  0.800,0.00000,  0.000,
mon_rep231013,2023-10-13T11:18:40,2412.070,  0.400,1,0,247, 25.000, 14.525,  0.000,-23.077, 13.525, 13.800,  0.000, 14.825, 14.300,  0.525,  0.800,  1.000,  0.800,0.00000,  0.000,
mon_rep231013,2023-10-13T11:18:40,2412.470,  0.400,1,0,247, 25.000, 14.525,  0.000,-23.077, 13.525, 13.800,  0.000, 14.825, 14.300,  0.525,  0.800,  1.000,  0.800,0.00000,  0.000,
mon_rep231013,2023-10-13T11:18:40,2412.870,  0.400,1,0,247, 25.000, 14.525,  0.000,-23.077, 13.525, 13.800,  0.000, 14.825, 14.300,  0.525,  0.800,  1.000,  0.800,0.00000,  0.000,
mon_rep231013,2023-10-13T11:18:41,2413.270,  0.400,1,0,247, 25.000, 14.525,  0.000,-23.077, 13.525, 13.800,  0.000, 14.825, 14.300,  0.525,  0.800,  1.000,  0.800,0.00000,  0.000,
mon_rep231013,2023-10-13T11:18:41,2413.670,  0.400,1,0,247, 25.000, 14.525,  0.000,-23.077, 13.525, 13.800,  0.000, 14.825, 14.300,  0.525,  0.800,  1.000,  0.800,0.00000,  0.000,
mon_rep231013,2023-10-13T11:18:42,2414.070,  0.400,1,0,247, 25.000, 14.525,  0.000,-23.077, 13.525, 13.800,  0.000, 14.825, 14.300,  0.525,  0.800,  1.000,  0.800,0.00000,  0.000,
mon_rep231013,2023-10-13T11:18:42,2414.470,  0.400,1,0,247, 25.000, 14.525,  0.000,-23.077, 13.525, 13.800,  0.000, 14.825, 14.300,  0.525,  0.800,  1.000,  0.800,0.00000,  0.000,
mon_rep231013,2023-10-13T11:18:42,2414.870,  0.400,1,0,247, 25.000, 14.525,  0.000,-23.077, 13.525, 13.800,  0.000, 14.825, 14.300,  0.525,  0.800,  1.000,  0.800,0.00000,  0.000,
mon_rep231013,2023-10-13T11:18:43,2415.270,  0.400,1,0,247, 25.000, 14.525,  0.000,-23.077, 13.525, 13.800,  0.000, 14.825, 14.300,  0.525,  0.800,  1.000,  0.800,0.00000,  0.000,
mon_rep231013,2023-10-13T11:18:43,2415.670,  0.400,1,0,247, 25.000, 14.525,  0.000,-23.077, 13.525, 13.800,  0.000, 14.825, 14.300,  0.525,  0.800,  1.000,  0.800,0.00000,  0.000,
mon_rep231013,2023-10-13T11:18:44,2416.070,  0.400,1,0,247, 25.000, 14.525,  0.000,-23.077, 13.525, 13.800,  0.000, 14.825, 14.300,  0.525,  0.800,  1.000,  0.800,0.00000,  0.000,
mon_rep231013,2023-10-13T11:18:44,2416.470,  0.400,1,0,247, 25.000, 14.525,  0.000,-23.077, 13.525, 13.800,  0.000, 14.825, 14.300,  0.525,  0.800,  1.000,  0.800,0.00000,  0.000,
mon_rep231013,2023-10-13T11:18:44,2416.870,  0.400,1,0,247, 25.000, 14.525,  0.000,-23.077, 13.525, 13.800,  0.000, 14.825, 14.300,  0.525,  0.800,  1.000,  0.800,0.00000,  0.000,
mon_rep231013,2023-10-13T11:18:45,2417.270,  0.400,1,0,247, 25.000, 14.525,  0.000,-23.077, 13.525, 13.800,  0.000, 14.825, 14.300,  0.525,  0.800,  1.000,  0.800,0.00000,  0.000,
mon_rep231013,2023-10-13T11:18:45,2417.670,  0.400,1,0,247, 25.000, 14.525,  0.000,-23.077, 13.525, 13.800,  0.000, 14.825, 14.300,  0.525,  0.800,  1.000,  0.800,0.00000,  0.000,
mon_rep231013,2023-10-13T11:18:46,2418.070,  0.400,1,0,247, 25.000, 14.525,  0.000,-23.077, 13.525, 13.800,  0.000, 14.825, 14.300,  0.525,  0.800,  1.000,  0.800,0.00000,  0.000,
mon_rep231013,2023-10-13T11:18:46,2418.470,  0.400,1,0,247, 25.000, 14.525,  0.000,-23.077, 13.525, 13.800,  0.000, 14.825, 14.300,  0.525,  0.800,  1.000,  0.800,0.00000,  0.000,
mon_rep231013,2023-10-13T11:18:46,2418.870,  0.400,1,0,247, 25.000, 14.525,  0.000,-23.077, 13.525, 13.800,  0.000, 14.825, 14.300,  0.525,  0.800,  1.000,  0.800,0.00000,  0.000,
mon_rep231013,2023-10-13T11:18:47,2419.270,  0.400,1,0,247, 25.000, 14.525,  0.000,-23.077, 13.525, 13.800,  0.000, 14.825, 14.300,  0.525,  0.800,  1.000,  0.800,0.00000,  0.000,
mon_rep231013,2023-10-13T11:18:47,2419.670,  0.400,1,0,247, 25.000, 14.525,  0.000,-23.077, 13.525, 13.800,  0.000, 14.825, 14.300,  0.525,  0.800,  1.000,  0.800,0.00000,  0.000,
mon_rep231013,2023-10-13T11:18:48,2420.070,  0.400,1,0,247, 25.000, 14.525,  0.000,-23.077, 13.525, 13.800,  0.000, 14.825, 14.300,  0.525,  0.800,  1.000,  0.800,0.00000,  0.000,
mon_rep231013,2023-10-13T11:18:48,2420.470,  0.400,1,0,247, 25.000, 14.525,  0.000,-23.077, 13.525, 13.800,  0.000, 14.825, 14.300,  0.525,  0.800,  1.000,  0.800,0.00000,  0.000,
mon_rep231013,2023-10-13T11:18:48,2420.870,  0.400,1,0,247, 25.000, 14.525,  0.000,-23.077, 13.525, 13.800,  0.000, 14.825, 14.300,  0.525,  0.800,  1.000,  0.800,0.00000,  0.000,
mon_rep231013,2023-10-13T11:18:49,2421.270,  0.400,1,0,247, 25.000, 14.525,  0.000,-23.077, 13.525, 13.800,  0.000, 14.825, 14.300,  0.525,  0.800,  1.000,  0.800,0.00000,  0.000,
mon_rep231013,2023-10-13T11:18:49,2421.670,  0.400,1,0,247, 25.000, 14.525,  0.000,-23.077, 13.525, 13.800,  0.000, 14.825, 14.300,  0.525,  0.800,  1.000,  0.800,0.00000,  0.000,
mon_rep231013,2023-10-13T11:18:50,2422.070,  0.400,1,0,247, 25.000, 14.525,  0.000,-23.077, 13.525, 13.800,  0.000, 14.825, 14.300,  0.525,  0.800,  1.000,  0.800,0.00000,  0.000,
mon_rep231013,2023-10-13T11:18:50,2422.470,  0.400,1,0,247, 25.000, 14.525,  0.000,-23.077, 13.525, 13.800,  0.000, 14.825, 14.300,  0.525,  0.800,  1.000,  0.800,0.00000,  0.000,
mon_rep231013,2023-10-13T11:18:50,2422.870,  0.400,1,0,247, 25.000, 14.525,  0.000,-23.077, 13.525, 13.800,  0.000, 14.825, 14.300,  0.525,  0.800,  1.000,  0.800,0.00000,  0.000,
mon_rep231013,2023-10-13T11:18:51,2423.270,  0.400,1,0,247, 25.000, 14.525,  0.000,-23.077, 13.525, 13.800,  0.000, 14.825, 14.300,  0.525,  0.800,  1.000,  0.800,0.00000,  0.000,
mon_rep231013,2023-10-13T11:18:51,2423.670,  0.400,1,0,247, 25.000, 14.525,  0.000,-23.077, 13.525, 13.800,  0.000, 14.825, 14.300,  0.525,  0.800,  1.000,  0.800,0.00000,  0.000,
mon_rep231013,2023-10-13T11:18:52,2424.070,  0.400,1,0,247, 25.000, 14.525,  0.000,-23.077, 13.525, 13.800,  0.000, 14.825, 14.300,  0.525,  0.800,  1.000,  0.800,0.00000,  0.000,
mon_rep231013,2023-10-13T11:18:52,2424.470,  0.400,1,0,247, 25.000, 14.525,  0.000,-23.077, 13.525, 13.800,  0.000, 14.825, 14.300,  0.525,  0.800,  1.000,  0.800,0.00000,  0.000,
mon_rep231013,2023-10-13T11:18:52,2424.870,  0.400,1,0,247, 25.000, 14.525,  0.000,-23.077, 13.525, 13.800,  0.000, 14.825, 14.300,  0.525,  0.800,  1.000,  0.800,0.00000,  0.000,
mon_rep231013,2023-10-13T11:18:53,2425.270,  0.400,1,0,247, 25.000, 14.525,  0.000,-23.077, 13.525, 13.800,  0.000, 14.825, 14.300,  0.525,  0.800,  1.000,  0.800,0.00000,  0.000,
mon_rep231013,2023-10-13T11:18:53,2425.670,  0.400,1,0,247, 25.000, 14.525,  0.000,-23.077, 13.525, 13.800,  0.000, 14.825, 14.300,  0.525,  0.800,  1.000,  0.800,0.00000,  0.000,
mon_rep231013,2023-10-13T11:18:54,2426.070,  0.400,1,0,247, 25.000, 14.525,  0.000,-23.077, 13.525, 13.800,  0.000, 14.825, 14.300,  0.525,  0.800,  1.000,  0.800,0.00000,  0.000,
mon_rep231013,2023-10-13T11:18:54,2426.470,  0.400,1,0,247, 25.000, 14.525,  0.000,-23.077, 13.525, 13.800,  0.000, 14.825, 14.300,  0.525,  0.800,  1.000,  0.800,0.00000,  0.000,
mon_rep231013,2023-10-13T11:18:54,2426.870,  0.400,1,0,247, 25.000, 14.525,  0.000,-23.077, 13.525, 13.800,  0.000, 14.825, 14.300,  0.525,  0.800,  1.000,  0.800,0.00000,  0.000,
mon_rep231013,2023-10-13T11:18:55,2427.270,  0.400,1,0,247, 25.000, 14.525,  0.000,-23.077, 13.525, 13.800,  0.000, 14.825, 14.300,  0.525,  0.800,  1.000,  0.800,0.00000,  0.000,
mon_rep231013,2023-10-13T11:18:55,2427.670,  0.400,1,0,247, 25.000, 14.525,  0.000,-23.077, 13.525, 13.800,  0.000, 14.825, 14.300,  0.525,  0.800,  1.000,  0.800,0.00000,  0.000,
mon_rep231013,2023-10-13T11:18:56,2428.070,  0.400,1,0,247, 25.000, 14.525,  0.000,-23.077, 13.525, 13.800,  0.000, 14.825, 14.300,  0.525,  0.800,  1.000,  0.800,0.00000,  0.000,
mon_rep231013,2023-10-13T11:18:56,2428.470,  0.400,1,0,247, 25.000, 14.525,  0.000,-23.077, 13.525, 13.800,  0.000, 14.825, 14.300,  0.525,  0.800,  1.000,  0.800,0.00000,  0.000,
mon_rep231013,2023-10-13T11:18:56,2428.870,  0.400,1,0,247, 25.000, 14.525,  0.000,-23.077, 13.525, 13.800,  0.000, 14.825, 14.300,  0.525,  0.800,  1.000,  0.800,0.00000,  0.000,
mon_rep231013,2023-10-13T11:18:57,2429.270,  0.400,1,0,247, 25.000, 14.525,  0.000,-23.077, 13.525, 13.800,  0.000, 14.825, 14.300,  0.525,  0.800,  1.000,  0.800,0.00000,  0.000,
mon_rep231013,2023-10-13T11:18:57,2429.670,  0.400,1,0,247, 25.000, 14.525,  0.000,-23.077, 13.525, 13.800,  0.000, 14.825, 14.300,  0.525,  0.800,  1.000,  0.800,0.00000,  0.000,
mon_rep231013,2023-10-13T11:18:58,2430.070,  0.400,1,0,247, 25.000, 14.525,  0.000,-23.077, 13.525, 13.800,  0.000, 14.825, 14.300,  0.525,  0.800,  1.000,  0.800,0.00000,  0.000,
mon_rep231013,2023-10-13T11:18:58,2430.470,  0.400,1,0,247, 25.000, 14.525,  0.000,-23.077, 13.525, 13.800,  0.000, 14.825, 14.300,  0.525,  0.800,  1.000,  0.800,0.00000,  0.000,
mon_rep231013,2023-10-13T11:18:58,2430.870,  0.400,1,0,247, 25.000, 14.525,  0.000,-23.077, 13.525, 13.800,  0.000, 14.825, 14.300,  0.525,  0.800,  1.000,  0.800,0.00000,  0.000,
mon_rep231013,2023-10-13T11:18:59,2431.270,  0.400,1,0,247, 25.000, 14.525,  0.000,-23.077, 13.525, 13.800,  0.000, 14.825, 14.300,  0.525,  0.800,  1.000,  0.800,0.00000,  0.000,
mon_rep231013,2023-10-13T11:18:59,2431.670,  0.400,1,0,247, 25.000, 14.525,  0.000,-23.077, 13.525, 13.800,  0.000, 14.825, 14.300,  0.525,  0.800,  1.000,  0.800,0.00000,  0.000,
mon_rep231013,2023-10-13T11:19:00,2432.070,  0.400,1,0,247, 25.000, 14.525,  0.000,-23.077, 13.525, 13.800,  0.000, 14.825, 14.300,  0.525,  0.800,  1.000,  0.800,0.00000,  0.000,
mon_rep231013,2023-10-13T11:19:00,2432.470,  0.400,1,0,247, 25.000, 14.525,  0.000,-23.077, 13.525, 13.800,  0.000, 14.825, 14.300,  0.525,  0.800,  1.000,  0.800,0.00000,  0.000,
mon_rep231013,2023-10-13T11:19:00,2432.870,  0.400,1,0,247, 25.000, 14.525,  0.000,-23.077, 13.525, 13.800,  0.000, 14.825, 14.300,  0.525,  0.800,  1.000,  0.800,0.00000,  0.000,
mon_rep231013,2023-10-13T11:19:01,2433.270,  0.400,1,0,247, 25.000, 14.525,  0.000,-23.077, 13.525, 13.800,  0.000, 14.825, 14.300,  0.525,  0.800,  1.000,  0.800,0.00000,  0.000,
mon_rep231013,2023-10-13T11:19:01,2433.670,  0.400,1,0,247, 25.000, 14.525,  0.000,-23.077, 13.525, 13.800,  0.000, 14.825, 14.300,  0.525,  0.800,  1.000,  0.800,0.00000,  0.000,
mon_rep231013,2023-10-13T11:19:02,2434.070,  0.400,1,0,247, 25.000, 14.525,  0.000,-23.077, 13.525, 13.800,  0.000, 14.825, 14.300,  0.525,  0.800,  1.000,  0.800,0.00000,  0.000,
mon_rep231013,2023-10-13T11:19:02,2434.470,  0.400,1,0,247, 25.000, 14.525,  0.000,-23.077, 13.525, 13.800,  0.000, 14.825, 14.300,  0.525,  0.800,  1.000,  0.800,0.00000,  0.000,
mon_rep231013,2023-10-13T11:19:02,2434.870,  0.400,1,0,247, 25.000, 14.525,  0.000,-23.077, 13.525, 13.800,  0.000, 14.825, 14.300,  0.525,  0.800,  1.000,  0.800,0.00000,  0.000,
mon_rep231013,2023-10-13T11:19:03,2435.270,  0.400,1,0,247, 25.000, 14.525,  0.000,-23.077, 13.525, 13.800,  0.000, 14.825, 14.300,  0.525,  0.800,  1.000,  0.800,0.00000,  0.000,
mon_rep231013,2023-10-13T11:19:03,2435.670,  0.400,1,0,247, 25.000, 14.525,  0.000,-23.077, 13.525, 13.800,  0.000, 14.825, 14.300,  0.525,  0.800,  1.000,  0.800,0.00000,  0.000,
mon_rep231013,2023-10-13T11:19:04,2436.070,  0.400,1,0,247, 25.000, 14.525,  0.000,-23.077, 13.525, 13.800,  0.000, 14.825, 14.300,  0.525,  0.800,  1.000,  0.800,0.00000,  0.000,
mon_rep231013,2023-10-13T11:19:04,2436.470,  0.400,1,0,247, 25.000, 14.525,  0.000,-23.077, 13.525, 13.800,  0.000, 14.825, 14.300,  0.525,  0.800,  1.000,  0.800,0.00000,  0.000,
mon_rep231013,2023-10-13T11:19:04,2436.870,  0.400,1,0,247, 25.000, 14.525,  0.000,-23.077, 13.525, 13.800,  0.000, 14.825, 14.300,  0.525,  0.800,  1.000,  0.800,0.00000,  0.000,
mon_rep231013,2023-10-13T11:19:05,2437.270,  0.400,1,0,247, 25.000, 14.525,  0.000,-23.077, 13.525, 13.800,  0.000, 14.825, 14.300,  0.525,  0.800,  1.000,  0.800,0.00000,  0.000,
mon_rep231013,2023-10-13T11:19:05,2437.670,  0.400,1,0,247, 25.000, 14.525,  0.000,-23.077, 13.525, 13.800,  0.000, 14.825, 14.300,  0.525,  0.800,  1.000,  0.800,0.00000,  0.000,
mon_rep231013,2023-10-13T11:19:06,2438.070,  0.400,1,0,247, 25.000, 14.525,  0.000,-23.077, 13.525, 13.800,  0.000, 14.825, 14.300,  0.525,  0.800,  1.000,  0.800,0.00000,  0.000,
mon_rep231013,2023-10-13T11:19:06,2438.470,  0.400,1,0,247, 25.000, 14.525,  0.000,-23.077, 13.525, 13.800,  0.000, 14.825, 14.300,  0.525,  0.800,  1.000,  0.800,0.00000,  0.000,
mon_rep231013,2023-10-13T11:19:06,2438.870,  0.400,1,0,247, 25.000, 14.525,  0.000,-23.077, 13.525, 13.800,  0.000, 14.825, 14.300,  0.525,  0.800,  1.000,  0.800,0.00000,  0.000,
mon_rep231013,2023-10-13T11:19:07,2439.270,  0.400,1,0,247, 25.000, 14.525,  0.000,-23.077, 13.525, 13.800,  0.000, 14.825, 14.300,  0.525,  0.800,  1.000,  0.800,0.00000,  0.000,
mon_rep231013,2023-10-13T11:19:07,2439.670,  0.400,1,0,247, 25.000, 14.525,  0.000,-23.077, 13.525, 13.800,  0.000, 14.825, 14.300,  0.525,  0.800,  1.000,  0.800,0.00000,  0.000,
mon_rep231013,2023-10-13T11:19:08,2440.070,  0.400,1,0,247, 25.000, 14.525,  0.000,-23.077, 13.525, 13.800,  0.000, 14.825, 14.300,  0.525,  0.800,  1.000,  0.800,0.00000,  0.000,
mon_rep231013,2023-10-13T11:19:08,2440.470,  0.400,1,0,247, 25.000, 14.525,  0.000,-23.077, 13.525, 13.800,  0.000, 14.825, 14.300,  0.525,  0.800,  1.000,  0.800,0.00000,  0.000,
mon_rep231013,2023-10-13T11:19:08,2440.870,  0.400,1,0,247, 25.000, 14.525,  0.000,-23.077, 13.525, 13.800,  0.000, 14.825, 14.300,  0.525,  0.800,  1.000,  0.800,0.00000,  0.000,
mon_rep231013,2023-10-13T11:19:09,2441.270,  0.400,1,0,247, 25.000, 14.525,  0.000,-23.077, 13.525, 13.800,  0.000, 14.825, 14.300,  0.525,  0.800,  1.000,  0.800,0.00000,  0.000,
mon_rep231013,2023-10-13T11:19:09,2441.670,  0.400,1,0,247, 25.000, 14.525,  0.000,-23.077, 13.525, 13.800,  0.000, 14.825, 14.300,  0.525,  0.800,  1.000,  0.800,0.00000,  0.000,
mon_rep231013,2023-10-13T11:19:10,2442.070,  0.400,1,0,247, 25.000, 14.525,  0.000,-23.077, 13.525, 13.800,  0.000, 14.825, 14.300,  0.525,  0.800,  1.000,  0.800,0.00000,  0.000,
mon_rep231013,2023-10-13T11:19:10,2442.470,  0.400,1,0,247, 25.000, 14.525,  0.000,-23.077, 13.525, 13.800,  0.000, 14.825, 14.300,  0.525,  0.800,  1.000,  0.800,0.00000,  0.000,
mon_rep231013,2023-10-13T11:19:10,2442.870,  0.400,1,0,247, 25.000, 14.525,  0.000,-23.077, 13.525, 13.800,  0.000, 14.825, 14.300,  0.525,  0.800,  1.000,  0.800,0.00000,  0.000,
mon_rep231013,2023-10-13T11:19:11,2443.270,  0.400,1,0,247, 25.000, 14.525,  0.000,-23.077, 13.525, 13.800,  0.000, 14.825, 14.300,  0.525,  0.800,  1.000,  0.800,0.00000,  0.000,
mon_rep231013,2023-10-13T11:19:11,2443.670,  0.400,1,0,247, 25.000, 14.525,  0.000,-23.077, 13.525, 13.800,  0.000, 14.825, 14.300,  0.525,  0.800,  1.000,  0.800,0.00000,  0.000,
mon_rep231013,2023-10-13T11:19:12,2444.070,  0.400,1,0,247, 25.000, 14.525,  0.000,-23.077, 13.525, 13.800,  0.000, 14.825, 14.300,  0.525,  0.800,  1.000,  0.800,0.00000,  0.000,
mon_rep231013,2023-10-13T11:19:12,2444.470,  0.400,1,0,247, 25.000, 14.525,  0.000,-23.077, 13.525, 13.800,  0.000, 14.825, 14.300,  0.525,  0.800,  1.000,  0.800,0.00000,  0.000,
mon_rep231013,2023-10-13T11:19:12,2444.870,  0.400,1,0,247, 25.000, 14.525,  0.000,-23.077, 13.525, 13.800,  0.000, 14.825, 14.300,  0.525,  0.800,  1.000,  0.800,0.00000,  0.000,
mon_rep231013,2023-10-13T11:19:13,2445.270,  0.400,1,0,247, 25.000, 14.525,  0.000,-23.077, 13.525, 13.800,  0.000, 14.825, 14.300,  0.525,  0.800,  1.000,  0.800,0.00000,  0.000,
mon_rep231013,2023-10-13T11:19:13,2445.670,  0.400,1,0,247, 25.000, 14.525,  0.000,-23.077, 13.525, 13.800,  0.000, 14.825, 14.300,  0.525,  0.800,  1.000,  0.800,0.00000,  0.000,
mon_rep231013,2023-10-13T11:19:14,2446.070,  0.400,1,0,247, 25.000, 14.525,  0.000,-23.077, 13.525, 13.800,  0.000, 14.825, 14.300,  0.525,  0.800,  1.000,  0.800,0.00000,  0.000,
mon_rep231013,2023-10-13T11:19:14,2446.470,  0.400,1,0,247, 25.000, 14.525,  0.000,-23.077, 13.525, 13.800,  0.000, 14.825, 14.300,  0.525,  0.800,  1.000,  0.800,0.00000,  0.000,
mon_rep231013,2023-10-13T11:19:14,2446.870,  0.400,1,0,247, 25.000, 14.525,  0.000,-23.077, 13.525, 13.800,  0.000, 14.825, 14.300,  0.525,  0.800,  1.000,  0.800,0.00000,  0.000,
mon_rep231013,2023-10-13T11:19:15,2447.270,  0.400,1,0,247, 25.000, 14.525,  0.000,-23.077, 13.525, 13.800,  0.000, 14.825, 14.300,  0.525,  0.800,  1.000,  0.800,0.00000,  0.000,
mon_rep231013,2023-10-13T11:19:15,2447.670,  0.400,1,0,247, 25.000, 14.525,  0.000,-23.077, 13.525, 13.800,  0.000, 14.825, 14.300,  0.525,  0.800,  1.000,  0.800,0.00000,  0.000,
mon_rep231013,2023-10-13T11:19:16,2448.070,  0.400,1,0,247, 25.000, 14.525,  0.000,-23.077, 13.525, 13.800,  0.000, 14.825, 14.300,  0.525,  0.800,  1.000,  0.800,0.00000,  0.000,
mon_rep231013,2023-10-13T11:19:16,2448.470,  0.400,1,0,247, 25.000, 14.525,  0.000,-23.077, 13.525, 13.800,  0.000, 14.825, 14.300,  0.525,  0.800,  1.000,  0.800,0.00000,  0.000,
mon_rep231013,2023-10-13T11:19:16,2448.870,  0.400,1,0,247, 25.000, 14.525,  0.000,-23.077, 13.525, 13.800,  0.000, 14.825, 14.300,  0.525,  0.800,  1.000,  0.800,0.00000,  0.000,
mon_rep231013,2023-10-13T11:19:17,2449.270,  0.400,1,0,247, 25.000, 14.525,  0.000,-23.077, 13.525, 13.800,  0.000, 14.825, 14.300,  0.525,  0.800,  1.000,  0.800,0.00000,  0.000,
mon_rep231013,2023-10-13T11:19:17,2449.670,  0.400,1,0,247, 25.000, 14.525,  0.000,-23.077, 13.525, 13.800,  0.000, 14.825, 14.300,  0.525,  0.800,  1.000,  0.800,0.00000,  0.000,
mon_rep231013,2023-10-13T11:19:18,2450.070,  0.400,1,0,247, 25.000, 14.525,  0.000,-23.077, 13.525, 13.800,  0.000, 14.825, 14.300,  0.525,  0.800,  1.000,  0.800,0.00000,  0.000,
mon_rep231013,2023-10-13T11:19:18,2450.470,  0.400,1,0,247, 25.000, 14.525,  0.000,-23.077, 13.525, 13.800,  0.000, 14.825, 14.300,  0.525,  0.800,  1.000,  0.800,0.00000,  0.000,
mon_rep231013,2023-10-13T11:19:18,2450.870,  0.400,1,0,247, 25.000, 14.525,  0.000,-23.077, 13.525, 13.800,  0.000, 14.825, 14.300,  0.525,  0.800,  1.000,  0.800,0.00000,  0.000,
mon_rep231013,2023-10-13T11:19:19,2451.270,  0.400,1,0,247, 25.000, 14.525,  0.000,-23.077, 13.525, 13.800,  0.000, 14.825, 14.300,  0.525,  0.800,  1.000,  0.800,0.00000,  0.000,
mon_rep231013,2023-10-13T11:19:19,2451.670,  0.400,1,0,247, 25.000, 14.525,  0.000,-23.077, 13.525, 13.800,  0.000, 14.825, 14.300,  0.525,  0.800,  1.000,  0.800,0.00000,  0.000,
mon_rep231013,2023-10-13T11:19:20,2452.070,  0.400,1,0,247, 25.000, 14.525,  0.000,-23.077, 13.525, 13.800,  0.000, 14.825, 14.300,  0.525,  0.800,  1.000,  0.800,0.00000,  0.000,
mon_rep231013,2023-10-13T11:19:20,2452.470,  0.400,1,0,247, 25.000, 14.525,  0.000,-23.077, 13.525, 13.800,  0.000, 14.825, 14.300,  0.525,  0.800,  1.000,  0.800,0.00000,  0.000,
mon_rep231013,2023-10-13T11:19:20,2452.870,  0.400,1,0,247, 25.000, 14.525,  0.000,-23.077, 13.525, 13.800,  0.000, 14.825, 14.300,  0.525,  0.800,  1.000,  0.800,0.00000,  0.000,
mon_rep231013,2023-10-13T11:19:21,2453.270,  0.400,1,0,247, 25.000, 14.525,  0.000,-23.077, 13.525, 13.800,  0.000, 14.825, 14.300,  0.525,  0.800,  1.000,  0.800,0.00000,  0.000,
mon_rep231013,2023-10-13T11:19:21,2453.670,  0.400,1,0,247, 25.000, 14.525,  0.000,-23.077, 13.525, 13.800,  0.000, 14.825, 14.300,  0.525,  0.800,  1.000,  0.800,0.00000,  0.000,
mon_rep231013,2023-10-13T11:19:22,2454.070,  0.400,1,0,247, 25.000, 14.525,  0.000,-23.077, 13.525, 13.800,  0.000, 14.825, 14.300,  0.525,  0.800,  1.000,  0.800,0.00000,  0.000,
mon_rep231013,2023-10-13T11:19:22,2454.470,  0.400,1,0,247, 25.000, 14.525,  0.000,-23.077, 13.525, 13.800,  0.000, 14.825, 14.300,  0.525,  0.800,  1.000,  0.800,0.00000,  0.000,
mon_rep231013,2023-10-13T11:19:22,2454.870,  0.400,1,0,247, 25.000, 14.525,  0.000,-23.077, 13.525, 13.800,  0.000, 14.825, 14.300,  0.525,  0.800,  1.000,  0.800,0.00000,  0.000,
mon_rep231013,2023-10-13T11:19:23,2455.270,  0.400,1,0,247, 25.000, 14.525,  0.000,-23.077, 13.525, 13.800,  0.000, 14.825, 14.300,  0.525,  0.800,  1.000,  0.800,0.00000,  0.000,
mon_rep231013,2023-10-13T11:19:23,2455.670,  0.400,1,0,247, 25.000, 14.525,  0.000,-23.077, 13.525, 13.800,  0.000, 14.825, 14.300,  0.525,  0.800,  1.000,  0.800,0.00000,  0.000,
mon_rep231013,2023-10-13T11:19:24,2456.070,  0.400,1,0,247, 25.000, 14.525,  0.000,-23.077, 13.525, 13.800,  0.000, 14.825, 14.300,  0.525,  0.800,  1.000,  0.800,0.00000,  0.000,
mon_rep231013,2023-10-13T11:19:24,2456.470,  0.400,1,0,247, 25.000, 14.525,  0.000,-23.077, 13.525, 13.800,  0.000, 14.825, 14.300,  0.525,  0.800,  1.000,  0.800,0.00000,  0.000,
mon_rep231013,2023-10-13T11:19:24,2456.870,  0.400,1,0,247, 25.000, 14.525,  0.000,-23.077, 13.525, 13.800,  0.000, 14.825, 14.300,  0.525,  0.800,  1.000,  0.800,0.00000,  0.000,
mon_rep231013,2023-10-13T11:19:25,2457.270,  0.400,1,0,247, 25.000, 14.525,  0.000,-23.077, 13.525, 13.800,  0.000, 14.825, 14.300,  0.525,  0.800,  1.000,  0.800,0.00000,  0.000,
mon_rep231013,2023-10-13T11:19:25,2457.670,  0.400,1,0,247, 25.000, 14.525,  0.000,-23.077, 13.525, 13.800,  0.000, 14.825, 14.300,  0.525,  0.800,  1.000,  0.800,0.00000,  0.000,
mon_rep231013,2023-10-13T11:19:26,2458.070,  0.400,1,0,247, 25.000, 14.525,  0.000,-23.077, 13.525, 13.800,  0.000, 14.825, 14.300,  0.525,  0.800,  1.000,  0.800,0.00000,  0.000,
mon_rep231013,2023-10-13T11:19:26,2458.470,  0.400,1,0,247, 25.000, 14.525,  0.000,-23.077, 13.525, 13.800,  0.000, 14.825, 14.300,  0.525,  0.800,  1.000,  0.800,0.00000,  0.000,
mon_rep231013,2023-10-13T11:19:26,2458.870,  0.400,1,0,247, 25.000, 14.525,  0.000,-23.077, 13.525, 13.800,  0.000, 14.825, 14.300,  0.525,  0.800,  1.000,  0.800,0.00000,  0.000,
mon_rep231013,2023-10-13T11:19:27,2459.270,  0.400,1,0,247, 25.000, 14.525,  0.000,-23.077, 13.525, 13.800,  0.000, 14.825, 14.300,  0.525,  0.800,  1.000,  0.800,0.00000,  0.000,
mon_rep231013,2023-10-13T11:19:27,2459.670,  0.400,1,0,247, 25.000, 14.525,  0.000,-23.077, 13.525, 13.800,  0.000, 14.825, 14.300,  0.525,  0.800,  1.000,  0.800,0.00000,  0.000,
mon_rep231013,2023-10-13T11:19:28,2460.070,  0.400,1,0,247, 25.000, 14.525,  0.000,-23.077, 13.525, 13.800,  0.000, 14.825, 14.300,  0.525,  0.800,  1.000,  0.800,0.00000,  0.000,
mon_rep231013,2023-10-13T11:19:28,2460.470,  0.400,1,0,247, 25.000, 14.525,  0.000,-23.077, 13.525, 13.800,  0.000, 14.825, 14.300,  0.525,  0.800,  1.000,  0.800,0.00000,  0.000,
mon_rep231013,2023-10-13T11:19:28,2460.870,  0.400,1,0,247, 25.000, 14.525,  0.000,-23.077, 13.525, 13.800,  0.000, 14.825, 14.300,  0.525,  0.800,  1.000,  0.800,0.00000,  0.000,
mon_rep231013,2023-10-13T11:19:29,2461.270,  0.400,1,0,247, 25.000, 14.525,  0.000,-23.077, 13.525, 13.800,  0.000, 14.825, 14.300,  0.525,  0.800,  1.000,  0.800,0.00000,  0.000,
mon_rep231013,2023-10-13T11:19:29,2461.670,  0.400,1,0,247, 25.000, 14.525,  0.000,-23.077, 13.525, 13.800,  0.000, 14.825, 14.300,  0.525,  0.800,  1.000,  0.800,0.00000,  0.000,
mon_rep231013,2023-10-13T11:19:30,2462.070,  0.400,1,0,247, 25.000, 14.525,  0.000,-23.077, 13.525, 13.800,  0.000, 14.825, 14.300,  0.525,  0.800,  1.000,  0.800,0.00000,  0.000,
mon_rep231013,2023-10-13T11:19:30,2462.470,  0.400,1,0,247, 25.000, 14.525,  0.000,-23.077, 13.525, 13.800,  0.000, 14.825, 14.300,  0.525,  0.800,  1.000,  0.800,0.00000,  0.000,
mon_rep231013,2023-10-13T11:19:30,2462.870,  0.400,1,0,247, 25.000, 14.525,  0.000,-23.077, 13.525, 13.800,  0.000, 14.825, 14.300,  0.525,  0.800,  1.000,  0.800,0.00000,  0.000,
mon_rep231013,2023-10-13T11:19:31,2463.270,  0.400,1,0,247, 25.000, 14.525,  0.000,-23.077, 13.525, 13.800,  0.000, 14.825, 14.300,  0.525,  0.800,  1.000,  0.800,0.00000,  0.000,
mon_rep231013,2023-10-13T11:19:31,2463.670,  0.400,1,0,247, 25.000, 14.525,  0.000,-23.077, 13.525, 13.800,  0.000, 14.825, 14.300,  0.525,  0.800,  1.000,  0.800,0.00000,  0.000,
mon_rep231013,2023-10-13T11:19:32,2464.070,  0.400,1,0,247, 25.000, 14.525,  0.000,-23.077, 13.525, 13.800,  0.000, 14.825, 14.300,  0.525,  0.800,  1.000,  0.800,0.00000,  0.000,
mon_rep231013,2023-10-13T11:19:32,2464.470,  0.400,1,0,247, 25.000, 14.525,  0.000,-23.077, 13.525, 13.800,  0.000, 14.825, 14.300,  0.525,  0.800,  1.000,  0.800,0.00000,  0.000,
mon_rep231013,2023-10-13T11:19:32,2464.870,  0.400,1,0,247, 25.000, 14.525,  0.000,-23.077, 13.525, 13.800,  0.000, 14.825, 14.300,  0.525,  0.800,  1.000,  0.800,0.00000,  0.000,
mon_rep231013,2023-10-13T11:19:33,2465.270,  0.400,1,0,247, 25.000, 14.525,  0.000,-23.077, 13.525, 13.800,  0.000, 14.825, 14.300,  0.525,  0.800,  1.000,  0.800,0.00000,  0.000,
mon_rep231013,2023-10-13T11:19:33,2465.670,  0.400,1,0,247, 25.000, 14.525,  0.000,-23.077, 13.525, 13.800,  0.000, 14.825, 14.300,  0.525,  0.800,  1.000,  0.800,0.00000,  0.000,
mon_rep231013,2023-10-13T11:19:34,2466.070,  0.400,1,0,247, 25.000, 14.525,  0.000,-23.077, 13.525, 13.800,  0.000, 14.825, 14.300,  0.525,  0.800,  1.000,  0.800,0.00000,  0.000,
mon_rep231013,2023-10-13T11:19:34,2466.470,  0.400,1,0,247, 25.000, 14.525,  0.000,-23.077, 13.525, 13.800,  0.000, 14.825, 14.300,  0.525,  0.800,  1.000,  0.800,0.00000,  0.000,
mon_rep231013,2023-10-13T11:19:34,2466.870,  0.400,1,0,247, 25.000, 14.525,  0.000,-23.077, 13.525, 13.800,  0.000, 14.825, 14.300,  0.525,  0.800,  1.000,  0.800,0.00000,  0.000,
mon_rep231013,2023-10-13T11:19:35,2467.270,  0.400,1,0,247, 25.000, 14.525,  0.000,-23.077, 13.525, 13.800,  0.000, 14.825, 14.300,  0.525,  0.800,  1.000,  0.800,0.00000,  0.000,
mon_rep231013,2023-10-13T11:19:35,2467.670,  0.400,1,0,247, 25.000, 14.525,  0.000,-23.077, 13.525, 13.800,  0.000, 14.825, 14.300,  0.525,  0.800,  1.000,  0.800,0.00000,  0.000,
mon_rep231013,2023-10-13T11:19:36,2468.070,  0.400,1,0,247, 25.000, 14.525,  0.000,-23.077, 13.525, 13.800,  0.000, 14.825, 14.300,  0.525,  0.800,  1.000,  0.800,0.00000,  0.000,
mon_rep231013,2023-10-13T11:19:36,2468.470,  0.400,1,0,247, 25.000, 14.525,  0.000,-23.077, 13.525, 13.800,  0.000, 14.825, 14.300,  0.525,  0.800,  1.000,  0.800,0.00000,  0.000,
mon_rep231013,2023-10-13T11:19:36,2468.870,  0.400,1,0,247, 25.000, 14.525,  0.000,-23.077, 13.525, 13.800,  0.000, 14.825, 14.300,  0.525,  0.800,  1.000,  0.800,0.00000,  0.000,
mon_rep231013,2023-10-13T11:19:37,2469.270,  0.400,1,0,247, 25.000, 14.525,  0.000,-23.077, 13.525, 13.800,  0.000, 14.825, 14.300,  0.525,  0.800,  1.000,  0.800,0.00000,  0.000,
mon_rep231013,2023-10-13T11:19:37,2469.670,  0.400,1,0,247, 25.000, 14.525,  0.000,-23.077, 13.525, 13.800,  0.000, 14.825, 14.300,  0.525,  0.800,  1.000,  0.800,0.00000,  0.000,
mon_rep231013,2023-10-13T11:19:38,2470.070,  0.400,1,0,247, 25.000, 14.525,  0.000,-23.077, 13.525, 13.800,  0.000, 14.825, 14.300,  0.525,  0.800,  1.000,  0.800,0.00000,  0.000,
mon_rep231013,2023-10-13T11:19:38,2470.470,  0.400,1,0,247, 25.000, 14.525,  0.000,-23.077, 13.525, 13.800,  0.000, 14.825, 14.300,  0.525,  0.800,  1.000,  0.800,0.00000,  0.000,
mon_rep231013,2023-10-13T11:19:38,2470.870,  0.400,1,0,247, 25.000, 14.525,  0.000,-23.077, 13.525, 13.800,  0.000, 14.825, 14.300,  0.525,  0.800,  1.000,  0.800,0.00000,  0.000,
mon_rep231013,2023-10-13T11:19:39,2471.270,  0.400,1,0,247, 25.000, 14.525,  0.000,-23.077, 13.525, 13.800,  0.000, 14.825, 14.300,  0.525,  0.800,  1.000,  0.800,0.00000,  0.000,
mon_rep231013,2023-10-13T11:19:39,2471.670,  0.400,1,0,247, 25.000, 14.525,  0.000,-23.077, 13.525, 13.800,  0.000, 14.825, 14.300,  0.525,  0.800,  1.000,  0.800,0.00000,  0.000,
mon_rep231013,2023-10-13T11:19:40,2472.070,  0.400,1,0,247, 25.000, 14.525,  0.000,-23.077, 13.525, 13.800,  0.000, 14.825, 14.300,  0.525,  0.800,  1.000,  0.800,0.00000,  0.000,
mon_rep231013,2023-10-13T11:19:40,2472.470,  0.400,1,0,247, 25.000, 14.525,  0.000,-23.077, 13.525, 13.800,  0.000, 14.825, 14.300,  0.525,  0.800,  1.000,  0.800,0.00000,  0.000,
mon_rep231013,2023-10-13T11:19:40,2472.870,  0.400,1,0,247, 25.000, 14.525,  0.000,-23.077, 13.525, 13.800,  0.000, 14.825, 14.300,  0.525,  0.800,  1.000,  0.800,0.00000,  0.000,
mon_rep231013,2023-10-13T11:19:41,2473.270,  0.400,1,0,247, 25.000, 14.525,  0.000,-23.077, 13.525, 13.800,  0.000, 14.825, 14.300,  0.525,  0.800,  1.000,  0.800,0.00000,  0.000,
mon_rep231013,2023-10-13T11:19:41,2473.670,  0.400,1,0,247, 25.000, 14.525,  0.000,-23.077, 13.525, 13.800,  0.000, 14.825, 14.300,  0.525,  0.800,  1.000,  0.800,0.00000,  0.000,
mon_rep231013,2023-10-13T11:19:42,2474.070,  0.400,1,0,247, 25.000, 14.525,  0.000,-23.077, 13.525, 13.800,  0.000, 14.825, 14.300,  0.525,  0.800,  1.000,  0.800,0.00000,  0.000,
mon_rep231013,2023-10-13T11:19:42,2474.470,  0.400,1,0,247, 25.000, 14.525,  0.000,-23.077, 13.525, 13.800,  0.000, 14.825, 14.300,  0.525,  0.800,  1.000,  0.800,0.00000,  0.000,
mon_rep231013,2023-10-13T11:19:42,2474.870,  0.400,1,0,247, 25.000, 14.525,  0.000,-23.077, 13.525, 13.800,  0.000, 14.825, 14.300,  0.525,  0.800,  1.000,  0.800,0.00000,  0.000,
mon_rep231013,2023-10-13T11:19:43,2475.270,  0.400,1,0,247, 25.000, 14.525,  0.000,-23.077, 13.525, 13.800,  0.000, 14.825, 14.300,  0.525,  0.800,  1.000,  0.800,0.00000,  0.000,
mon_rep231013,2023-10-13T11:19:43,2475.670,  0.400,1,0,247, 25.000, 14.525,  0.000,-23.077, 13.525, 13.800,  0.000, 14.825, 14.300,  0.525,  0.800,  1.000,  0.800,0.00000,  0.000,
mon_rep231013,2023-10-13T11:19:44,2476.070,  0.400,1,0,247, 25.000, 14.525,  0.000,-23.077, 13.525, 13.800,  0.000, 14.825, 14.300,  0.525,  0.800,  1.000,  0.800,0.00000,  0.000,
mon_rep231013,2023-10-13T11:19:44,2476.470,  0.400,1,0,247, 25.000, 14.525,  0.000,-23.077, 13.525, 13.800,  0.000, 14.825, 14.300,  0.525,  0.800,  1.000,  0.800,0.00000,  0.000,
mon_rep231013,2023-10-13T11:19:44,2476.870,  0.400,1,0,247, 25.000, 14.525,  0.000,-23.077, 13.525, 13.800,  0.000, 14.825, 14.300,  0.525,  0.800,  1.000,  0.800,0.00000,  0.000,
mon_rep231013,2023-10-13T11:19:45,2477.270,  0.400,1,0,247, 25.000, 14.525,  0.000,-23.077, 13.525, 13.800,  0.000, 14.825, 14.300,  0.525,  0.800,  1.000,  0.800,0.00000,  0.000,
mon_rep231013,2023-10-13T11:19:45,2477.670,  0.400,1,0,247, 25.000, 14.525,  0.000,-23.077, 13.525, 13.800,  0.000, 14.825, 14.300,  0.525,  0.800,  1.000,  0.800,0.00000,  0.000,
mon_rep231013,2023-10-13T11:19:46,2478.070,  0.400,1,0,247, 25.000, 14.525,  0.000,-23.077, 13.525, 13.800,  0.000, 14.825, 14.300,  0.525,  0.800,  1.000,  0.800,0.00000,  0.000,
mon_rep231013,2023-10-13T11:19:46,2478.470,  0.400,1,0,247, 25.000, 14.525,  0.000,-23.077, 13.525, 13.800,  0.000, 14.825, 14.300,  0.525,  0.800,  1.000,  0.800,0.00000,  0.000,
mon_rep231013,2023-10-13T11:19:46,2478.870,  0.400,1,0,247, 25.000, 14.525,  0.000,-23.077, 13.525, 13.800,  0.000, 14.825, 14.300,  0.525,  0.800,  1.000,  0.800,0.00000,  0.000,
mon_rep231013,2023-10-13T11:19:47,2479.270,  0.400,1,0,247, 25.000, 14.525,  0.000,-23.077, 13.525, 13.800,  0.000, 14.825, 14.300,  0.525,  0.800,  1.000,  0.800,0.00000,  0.000,
mon_rep231013,2023-10-13T11:19:47,2479.670,  0.400,1,0,247, 25.000, 14.525,  0.000,-23.077, 13.525, 13.800,  0.000, 14.825, 14.300,  0.525,  0.800,  1.000,  0.800,0.00000,  0.000,
mon_rep231013,2023-10-13T11:19:48,2480.070,  0.400,1,0,247, 25.000, 14.525,  0.000,-23.077, 13.525, 13.800,  0.000, 14.825, 14.300,  0.525,  0.800,  1.000,  0.800,0.00000,  0.000,
mon_rep231013,2023-10-13T11:19:48,2480.470,  0.400,1,0,247, 25.000, 14.525,  0.000,-23.077, 13.525, 13.800,  0.000, 14.825, 14.300,  0.525,  0.800,  1.000,  0.800,0.00000,  0.000,
mon_rep231013,2023-10-13T11:19:48,2480.870,  0.400,1,0,247, 25.000, 14.525,  0.000,-23.077, 13.525, 13.800,  0.000, 14.825, 14.300,  0.525,  0.800,  1.000,  0.800,0.00000,  0.000,
mon_rep231013,2023-10-13T11:19:49,2481.270,  0.400,1,0,247, 25.000, 14.525,  0.000,-23.077, 13.525, 13.800,  0.000, 14.825, 14.300,  0.525,  0.800,  1.000,  0.800,0.00000,  0.000,
mon_rep231013,2023-10-13T11:19:49,2481.670,  0.400,1,0,247, 25.000, 14.525,  0.000,-23.077, 13.525, 13.800,  0.000, 14.825, 14.300,  0.525,  0.800,  1.000,  0.800,0.00000,  0.000,
mon_rep231013,2023-10-13T11:19:50,2482.070,  0.400,1,0,247, 25.000, 14.525,  0.000,-23.077, 13.525, 13.800,  0.000, 14.825, 14.300,  0.525,  0.800,  1.000,  0.800,0.00000,  0.000,
mon_rep231013,2023-10-13T11:19:50,2482.470,  0.400,1,0,247, 25.000, 14.525,  0.000,-23.077, 13.525, 13.800,  0.000, 14.825, 14.300,  0.525,  0.800,  1.000,  0.800,0.00000,  0.000,
mon_rep231013,2023-10-13T11:19:50,2482.870,  0.400,1,0,247, 25.000, 14.525,  0.000,-23.077, 13.525, 13.800,  0.000, 14.825, 14.300,  0.525,  0.800,  1.000,  0.800,0.00000,  0.000,
mon_rep231013,2023-10-13T11:19:51,2483.270,  0.400,1,0,247, 25.000, 14.525,  0.000,-23.077, 13.525, 13.800,  0.000, 14.825, 14.300,  0.525,  0.800,  1.000,  0.800,0.00000,  0.000,
mon_rep231013,2023-10-13T11:19:51,2483.670,  0.400,1,0,247, 25.000, 14.525,  0.000,-23.077, 13.525, 13.800,  0.000, 14.825, 14.300,  0.525,  0.800,  1.000,  0.800,0.00000,  0.000,
mon_rep231013,2023-10-13T11:19:52,2484.070,  0.400,1,0,247, 25.000, 14.525,  0.000,-23.077, 13.525, 13.800,  0.000, 14.825, 14.300,  0.525,  0.800,  1.000,  0.800,0.00000,  0.000,
mon_rep231013,2023-10-13T11:19:52,2484.470,  0.400,1,0,247, 25.000, 14.525,  0.000,-23.077, 13.525, 13.800,  0.000, 14.825, 14.300,  0.525,  0.800,  1.000,  0.800,0.00000,  0.000,
mon_rep231013,2023-10-13T11:19:52,2484.870,  0.400,1,0,247, 25.000, 14.525,  0.000,-23.077, 13.525, 13.800,  0.000, 14.825, 14.300,  0.525,  0.800,  1.000,  0.800,0.00000,  0.000,
mon_rep231013,2023-10-13T11:19:53,2485.270,  0.400,1,0,247, 25.000, 14.525,  0.000,-23.077, 13.525, 13.800,  0.000, 14.825, 14.300,  0.525,  0.800,  1.000,  0.800,0.00000,  0.000,
mon_rep231013,2023-10-13T11:19:53,2485.670,  0.400,1,0,247, 25.000, 14.525,  0.000,-23.077, 13.525, 13.800,  0.000, 14.825, 14.300,  0.525,  0.800,  1.000,  0.800,0.00000,  0.000,
mon_rep231013,2023-10-13T11:19:54,2486.070,  0.400,1,0,247, 25.000, 14.525,  0.000,-23.077, 13.525, 13.800,  0.000, 14.825, 14.300,  0.525,  0.800,  1.000,  0.800,0.00000,  0.000,
mon_rep231013,2023-10-13T11:19:54,2486.470,  0.400,1,0,247, 25.000, 14.525,  0.000,-23.077, 13.525, 13.800,  0.000, 14.825, 14.300,  0.525,  0.800,  1.000,  0.800,0.00000,  0.000,
mon_rep231013,2023-10-13T11:19:54,2486.870,  0.400,1,0,247, 25.000, 14.525,  0.000,-23.077, 13.525, 13.800,  0.000, 14.825, 14.300,  0.525,  0.800,  1.000,  0.800,0.00000,  0.000,
mon_rep231013,2023-10-13T11:19:55,2487.270,  0.400,1,0,247, 25.000, 14.525,  0.000,-23.077, 13.525, 13.800,  0.000, 14.825, 14.300,  0.525,  0.800,  1.000,  0.800,0.00000,  0.000,
mon_rep231013,2023-10-13T11:19:55,2487.670,  0.400,1,0,247, 25.000, 14.525,  0.000,-23.077, 13.525, 13.800,  0.000, 14.825, 14.300,  0.525,  0.800,  1.000,  0.800,0.00000,  0.000,
mon_rep231013,2023-10-13T11:19:56,2488.070,  0.400,1,0,247, 25.000, 14.525,  0.000,-23.077, 13.525, 13.800,  0.000, 14.825, 14.300,  0.525,  0.800,  1.000,  0.800,0.00000,  0.000,
mon_rep231013,2023-10-13T11:19:56,2488.470,  0.400,1,0,247, 25.000, 14.525,  0.000,-23.077, 13.525, 13.800,  0.000, 14.825, 14.300,  0.525,  0.800,  1.000,  0.800,0.00000,  0.000,
mon_rep231013,2023-10-13T11:19:56,2488.870,  0.400,1,0,247, 25.000, 14.525,  0.000,-23.077, 13.525, 13.800,  0.000, 14.825, 14.300,  0.525,  0.800,  1.000,  0.800,0.00000,  0.000,
mon_rep231013,2023-10-13T11:19:57,2489.270,  0.400,1,0,247, 25.000, 14.525,  0.000,-23.077, 13.525, 13.800,  0.000, 14.825, 14.300,  0.525,  0.800,  1.000,  0.800,0.00000,  0.000,
mon_rep231013,2023-10-13T11:19:57,2489.670,  0.400,1,0,247, 25.000, 14.525,  0.000,-23.077, 13.525, 13.800,  0.000, 14.825, 14.300,  0.525,  0.800,  1.000,  0.800,0.00000,  0.000,
mon_rep231013,2023-10-13T11:19:58,2490.070,  0.400,1,0,247, 25.000, 14.525,  0.000,-23.077, 13.525, 13.800,  0.000, 14.825, 14.300,  0.525,  0.800,  1.000,  0.800,0.00000,  0.000,
mon_rep231013,2023-10-13T11:19:58,2490.470,  0.400,1,0,247, 25.000, 14.525,  0.000,-23.077, 13.525, 13.800,  0.000, 14.825, 14.300,  0.525,  0.800,  1.000,  0.800,0.00000,  0.000,
mon_rep231013,2023-10-13T11:19:58,2490.870,  0.400,1,0,247, 25.000, 14.525,  0.000,-23.077, 13.525, 13.800,  0.000, 14.825, 14.300,  0.525,  0.800,  1.000,  0.800,0.00000,  0.000,
mon_rep231013,2023-10-13T11:19:59,2491.270,  0.400,1,0,247, 25.000, 14.525,  0.000,-23.077, 13.525, 13.800,  0.000, 14.825, 14.300,  0.525,  0.800,  1.000,  0.800,0.00000,  0.000,
mon_rep231013,2023-10-13T11:19:59,2491.670,  0.400,1,0,247, 25.000, 14.525,  0.000,-23.077, 13.525, 13.800,  0.000, 14.825, 14.300,  0.525,  0.800,  1.000,  0.800,0.00000,  0.000,
mon_rep231013,2023-10-13T11:20:00,2492.070,  0.400,1,0,247, 25.000, 14.525,  0.000,-23.077, 13.525, 13.800,  0.000, 14.825, 14.300,  0.525,  0.800,  1.000,  0.800,0.00000,  0.000,
mon_rep231013,2023-10-13T11:20:00,2492.470,  0.400,1,0,247, 25.000, 14.525,  0.000,-23.077, 13.525, 13.800,  0.000, 14.825, 14.300,  0.525,  0.800,  1.000,  0.800,0.00000,  0.000,
mon_rep231013,2023-10-13T11:20:00,2492.870,  0.400,1,0,247, 25.000, 14.525,  0.000,-23.077, 13.525, 13.800,  0.000, 14.825, 14.300,  0.525,  0.800,  1.000,  0.800,0.00000,  0.000,
mon_rep231013,2023-10-13T11:20:01,2493.270,  0.400,1,0,247, 25.000, 14.525,  0.000,-23.077, 13.525, 13.800,  0.000, 14.825, 14.300,  0.525,  0.800,  1.000,  0.800,0.00000,  0.000,
mon_rep231013,2023-10-13T11:20:01,2493.670,  0.400,1,0,247, 25.000, 14.525,  0.000,-23.077, 13.525, 13.800,  0.000, 14.825, 14.300,  0.525,  0.800,  1.000,  0.800,0.00000,  0.000,
mon_rep231013,2023-10-13T11:20:02,2494.070,  0.400,1,0,247, 25.000, 14.525,  0.000,-23.077, 13.525, 13.800,  0.000, 14.825, 14.300,  0.525,  0.800,  1.000,  0.800,0.00000,  0.000,
mon_rep231013,2023-10-13T11:20:02,2494.470,  0.400,1,0,247, 25.000, 14.525,  0.000,-23.077, 13.525, 13.800,  0.000, 14.825, 14.300,  0.525,  0.800,  1.000,  0.800,0.00000,  0.000,
mon_rep231013,2023-10-13T11:20:02,2494.870,  0.400,1,0,247, 25.000, 14.525,  0.000,-23.077, 13.525, 13.800,  0.000, 14.825, 14.300,  0.525,  0.800,  1.000,  0.800,0.00000,  0.000,
mon_rep231013,2023-10-13T11:20:03,2495.270,  0.400,1,0,247, 25.000, 14.525,  0.000,-23.077, 13.525, 13.800,  0.000, 14.825, 14.300,  0.525,  0.800,  1.000,  0.800,0.00000,  0.000,
mon_rep231013,2023-10-13T11:20:03,2495.670,  0.400,1,0,247, 25.000, 14.525,  0.000,-23.077, 13.525, 13.800,  0.000, 14.825, 14.300,  0.525,  0.800,  1.000,  0.800,0.00000,  0.000,
mon_rep231013,2023-10-13T11:20:04,2496.070,  0.400,1,0,247, 25.000, 14.525,  0.000,-23.077, 13.525, 13.800,  0.000, 14.825, 14.300,  0.525,  0.800,  1.000,  0.800,0.00000,  0.000,
mon_rep231013,2023-10-13T11:20:04,2496.470,  0.400,1,0,247, 25.000, 14.525,  0.000,-23.077, 13.525, 13.800,  0.000, 14.825, 14.300,  0.525,  0.800,  1.000,  0.800,0.00000,  0.000,
mon_rep231013,2023-10-13T11:20:04,2496.870,  0.400,1,0,247, 25.000, 14.525,  0.000,-23.077, 13.525, 13.800,  0.000, 14.825, 14.300,  0.525,  0.800,  1.000,  0.800,0.00000,  0.000,
mon_rep231013,2023-10-13T11:20:05,2497.270,  0.400,1,0,247, 25.000, 14.525,  0.000,-23.077, 13.525, 13.800,  0.000, 14.825, 14.300,  0.525,  0.800,  1.000,  0.800,0.00000,  0.000,
mon_rep231013,2023-10-13T11:20:05,2497.670,  0.400,1,0,247, 25.000, 14.525,  0.000,-23.077, 13.525, 13.800,  0.000, 14.825, 14.300,  0.525,  0.800,  1.000,  0.800,0.00000,  0.000,
mon_rep231013,2023-10-13T11:20:06,2498.070,  0.400,1,0,247, 25.000, 14.525,  0.000,-23.077, 13.525, 13.800,  0.000, 14.825, 14.300,  0.525,  0.800,  1.000,  0.800,0.00000,  0.000,
mon_rep231013,2023-10-13T11:20:06,2498.470,  0.400,1,0,247, 25.000, 14.525,  0.000,-23.077, 13.525, 13.800,  0.000, 14.825, 14.300,  0.525,  0.800,  1.000,  0.800,0.00000,  0.000,
mon_rep231013,2023-10-13T11:20:06,2498.870,  0.400,1,0,247, 25.000, 14.525,  0.000,-23.077, 13.525, 13.800,  0.000, 14.825, 14.300,  0.525,  0.800,  1.000,  0.800,0.00000,  0.000,
mon_rep231013,2023-10-13T11:20:07,2499.270,  0.400,1,0,247, 25.000, 14.525,  0.000,-23.077, 13.525, 13.800,  0.000, 14.825, 14.300,  0.525,  0.800,  1.000,  0.800,0.00000,  0.000,
mon_rep231013,2023-10-13T11:20:07,2499.670,  0.400,1,0,247, 25.000, 14.525,  0.000,-23.077, 13.525, 13.800,  0.000, 14.825, 14.300,  0.525,  0.800,  1.000,  0.800,0.00000,  0.000,
mon_rep231013,2023-10-13T11:20:08,2500.070,  0.400,1,0,247, 25.000, 14.525,  0.000,-23.077, 13.525, 13.800,  0.000, 14.825, 14.300,  0.525,  0.800,  1.000,  0.800,0.00000,  0.000,
mon_rep231013,2023-10-13T11:20:08,2500.470,  0.400,1,0,247, 25.000, 14.525,  0.000,-23.077, 13.525, 13.800,  0.000, 14.825, 14.300,  0.525,  0.800,  1.000,  0.800,0.00000,  0.000,
mon_rep231013,2023-10-13T11:20:08,2500.870,  0.400,1,0,247, 25.000, 14.525,  0.000,-23.077, 13.525, 13.800,  0.000, 14.825, 14.300,  0.525,  0.800,  1.000,  0.800,0.00000,  0.000,
mon_rep231013,2023-10-13T11:20:09,2501.270,  0.400,1,0,247, 25.000, 14.525,  0.000,-23.077, 13.525, 13.800,  0.000, 14.825, 14.300,  0.525,  0.800,  1.000,  0.800,0.00000,  0.000,
mon_rep231013,2023-10-13T11:20:09,2501.670,  0.400,1,0,247, 25.000, 14.525,  0.000,-23.077, 13.525, 13.800,  0.000, 14.825, 14.300,  0.525,  0.800,  1.000,  0.800,0.00000,  0.000,
mon_rep231013,2023-10-13T11:20:10,2502.070,  0.400,1,0,247, 25.000, 14.525,  0.000,-23.077, 13.525, 13.800,  0.000, 14.825, 14.300,  0.525,  0.800,  1.000,  0.800,0.00000,  0.000,
mon_rep231013,2023-10-13T11:20:10,2502.470,  0.400,1,0,247, 25.000, 14.525,  0.000,-23.077, 13.525, 13.800,  0.000, 14.825, 14.300,  0.525,  0.800,  1.000,  0.800,0.00000,  0.000,
mon_rep231013,2023-10-13T11:20:10,2502.870,  0.400,1,0,247, 25.000, 14.525,  0.000,-23.077, 13.525, 13.800,  0.000, 14.825, 14.300,  0.525,  0.800,  1.000,  0.800,0.00000,  0.000,
mon_rep231013,2023-10-13T11:20:11,2503.270,  0.400,1,0,247, 25.000, 14.525,  0.000,-23.077, 13.525, 13.800,  0.000, 14.825, 14.300,  0.525,  0.800,  1.000,  0.800,0.00000,  0.000,
mon_rep231013,2023-10-13T11:20:11,2503.670,  0.400,1,0,247, 25.000, 14.525,  0.000,-23.077, 13.525, 13.800,  0.000, 14.825, 14.300,  0.525,  0.800,  1.000,  0.800,0.00000,  0.000,
mon_rep231013,2023-10-13T11:20:12,2504.070,  0.400,1,0,247, 25.000, 14.525,  0.000,-23.077, 13.525, 13.800,  0.000, 14.825, 14.300,  0.525,  0.800,  1.000,  0.800,0.00000,  0.000,
mon_rep231013,2023-10-13T11:20:12,2504.470,  0.400,1,0,247, 25.000, 14.525,  0.000,-23.077, 13.525, 13.800,  0.000, 14.825, 14.300,  0.525,  0.800,  1.000,  0.800,0.00000,  0.000,
mon_rep231013,2023-10-13T11:20:12,2504.870,  0.400,1,0,247, 25.000, 14.525,  0.000,-23.077, 13.525, 13.800,  0.000, 14.825, 14.300,  0.525,  0.800,  1.000,  0.800,0.00000,  0.000,
mon_rep231013,2023-10-13T11:20:13,2505.270,  0.400,1,0,247, 25.000, 14.525,  0.000,-23.077, 13.525, 13.800,  0.000, 14.825, 14.300,  0.525,  0.800,  1.000,  0.800,0.00000,  0.000,
mon_rep231013,2023-10-13T11:20:13,2505.670,  0.400,1,0,247, 25.000, 14.525,  0.000,-23.077, 13.525, 13.800,  0.000, 14.825, 14.300,  0.525,  0.800,  1.000,  0.800,0.00000,  0.000,
mon_rep231013,2023-10-13T11:20:14,2506.070,  0.400,1,0,247, 25.000, 14.525,  0.000,-23.077, 13.525, 13.800,  0.000, 14.825, 14.300,  0.525,  0.800,  1.000,  0.800,0.00000,  0.000,
mon_rep231013,2023-10-13T11:20:14,2506.470,  0.400,1,0,247, 25.000, 14.525,  0.000,-23.077, 13.525, 13.800,  0.000, 14.825, 14.300,  0.525,  0.800,  1.000,  0.800,0.00000,  0.000,
mon_rep231013,2023-10-13T11:20:14,2506.870,  0.400,1,0,247, 25.000, 14.525,  0.000,-23.077, 13.525, 13.800,  0.000, 14.825, 14.300,  0.525,  0.800,  1.000,  0.800,0.00000,  0.000,
mon_rep231013,2023-10-13T11:20:15,2507.270,  0.400,1,0,247, 25.000, 14.525,  0.000,-23.077, 13.525, 13.800,  0.000, 14.825, 14.300,  0.525,  0.800,  1.000,  0.800,0.00000,  0.000,
mon_rep231013,2023-10-13T11:20:15,2507.670,  0.400,1,0,247, 25.000, 14.525,  0.000,-23.077, 13.525, 13.800,  0.000, 14.825, 14.300,  0.525,  0.800,  1.000,  0.800,0.00000,  0.000,
mon_rep231013,2023-10-13T11:20:16,2508.070,  0.400,1,0,247, 25.000, 14.525,  0.000,-23.077, 13.525, 13.800,  0.000, 14.825, 14.300,  0.525,  0.800,  1.000,  0.800,0.00000,  0.000,
mon_rep231013,2023-10-13T11:20:16,2508.470,  0.400,1,0,247, 25.000, 14.525,  0.000,-23.077, 13.525, 13.800,  0.000, 14.825, 14.300,  0.525,  0.800,  1.000,  0.800,0.00000,  0.000,
mon_rep231013,2023-10-13T11:20:16,2508.870,  0.400,1,0,247, 25.000, 14.525,  0.000,-23.077, 13.525, 13.800,  0.000, 14.825, 14.300,  0.525,  0.800,  1.000,  0.800,0.00000,  0.000,
mon_rep231013,2023-10-13T11:20:17,2509.270,  0.400,1,0,247, 25.000, 14.525,  0.000,-23.077, 13.525, 13.800,  0.000, 14.825, 14.300,  0.525,  0.800,  1.000,  0.800,0.00000,  0.000,
mon_rep231013,2023-10-13T11:20:17,2509.670,  0.400,1,0,247, 25.000, 14.525,  0.000,-23.077, 13.525, 13.800,  0.000, 14.825, 14.300,  0.525,  0.800,  1.000,  0.800,0.00000,  0.000,
mon_rep231013,2023-10-13T11:20:18,2510.070,  0.400,1,0,247, 25.000, 14.525,  0.000,-23.077, 13.525, 13.800,  0.000, 14.825, 14.300,  0.525,  0.800,  1.000,  0.800,0.00000,  0.000,
mon_rep231013,2023-10-13T11:20:18,2510.470,  0.400,1,0,247, 25.000, 14.525,  0.000,-23.077, 13.525, 13.800,  0.000, 14.825, 14.300,  0.525,  0.800,  1.000,  0.800,0.00000,  0.000,
mon_rep231013,2023-10-13T11:20:18,2510.870,  0.400,1,0,247, 25.000, 14.525,  0.000,-23.077, 13.525, 13.800,  0.000, 14.825, 14.300,  0.525,  0.800,  1.000,  0.800,0.00000,  0.000,
mon_rep231013,2023-10-13T11:20:19,2511.270,  0.400,1,0,247, 25.000, 14.525,  0.000,-23.077, 13.525, 13.800,  0.000, 14.825, 14.300,  0.525,  0.800,  1.000,  0.800,0.00000,  0.000,
mon_rep231013,2023-10-13T11:20:19,2511.670,  0.400,1,0,247, 25.000, 14.525,  0.000,-23.077, 13.525, 13.800,  0.000, 14.825, 14.300,  0.525,  0.800,  1.000,  0.800,0.00000,  0.000,
mon_rep231013,2023-10-13T11:20:20,2512.070,  0.400,1,0,247, 25.000, 14.525,  0.000,-23.077, 13.525, 13.800,  0.000, 14.825, 14.300,  0.525,  0.800,  1.000,  0.800,0.00000,  0.000,
mon_rep231013,2023-10-13T11:20:20,2512.470,  0.400,1,0,247, 25.000, 14.525,  0.000,-23.077, 13.525, 13.800,  0.000, 14.825, 14.300,  0.525,  0.800,  1.000,  0.800,0.00000,  0.000,
mon_rep231013,2023-10-13T11:20:20,2512.870,  0.400,1,0,247, 25.000, 14.525,  0.000,-23.077, 13.525, 13.800,  0.000, 14.825, 14.300,  0.525,  0.800,  1.000,  0.800,0.00000,  0.000,
mon_rep231013,2023-10-13T11:20:21,2513.270,  0.400,1,0,247, 25.000, 14.525,  0.000,-23.077, 13.525, 13.800,  0.000, 14.825, 14.300,  0.525,  0.800,  1.000,  0.800,0.00000,  0.000,
mon_rep231013,2023-10-13T11:20:21,2513.670,  0.400,1,0,247, 25.000, 14.525,  0.000,-23.077, 13.525, 13.800,  0.000, 14.825, 14.300,  0.525,  0.800,  1.000,  0.800,0.00000,  0.000,
mon_rep231013,2023-10-13T11:20:22,2514.070,  0.400,1,0,247, 25.000, 14.525,  0.000,-23.077, 13.525, 13.800,  0.000, 14.825, 14.300,  0.525,  0.800,  1.000,  0.800,0.00000,  0.000,
mon_rep231013,2023-10-13T11:20:22,2514.470,  0.400,1,0,247, 25.000, 14.525,  0.000,-23.077, 13.525, 13.800,  0.000, 14.825, 14.300,  0.525,  0.800,  1.000,  0.800,0.00000,  0.000,
mon_rep231013,2023-10-13T11:20:22,2514.870,  0.400,1,0,247, 25.000, 14.525,  0.000,-23.077, 13.525, 13.800,  0.000, 14.825, 14.300,  0.525,  0.800,  1.000,  0.800,0.00000,  0.000,
mon_rep231013,2023-10-13T11:20:23,2515.270,  0.400,1,0,247, 25.000, 14.525,  0.000,-23.077, 13.525, 13.800,  0.000, 14.825, 14.300,  0.525,  0.800,  1.000,  0.800,0.00000,  0.000,
mon_rep231013,2023-10-13T11:20:23,2515.670,  0.400,1,0,247, 25.000, 14.525,  0.000,-23.077, 13.525, 13.800,  0.000, 14.825, 14.300,  0.525,  0.800,  1.000,  0.800,0.00000,  0.000,
mon_rep231013,2023-10-13T11:20:24,2516.070,  0.400,1,0,247, 25.000, 14.525,  0.000,-23.077, 13.525, 13.800,  0.000, 14.825, 14.300,  0.525,  0.800,  1.000,  0.800,0.00000,  0.000,
mon_rep231013,2023-10-13T11:20:24,2516.470,  0.400,1,0,247, 25.000, 14.525,  0.000,-23.077, 13.525, 13.800,  0.000, 14.825, 14.300,  0.525,  0.800,  1.000,  0.800,0.00000,  0.000,
mon_rep231013,2023-10-13T11:20:24,2516.870,  0.400,1,0,247, 25.000, 14.525,  0.000,-23.077, 13.525, 13.800,  0.000, 14.825, 14.300,  0.525,  0.800,  1.000,  0.800,0.00000,  0.000,
mon_rep231013,2023-10-13T11:20:25,2517.270,  0.400,1,0,247, 25.000, 14.525,  0.000,-23.077, 13.525, 13.800,  0.000, 14.825, 14.300,  0.525,  0.800,  1.000,  0.800,0.00000,  0.000,
mon_rep231013,2023-10-13T11:20:25,2517.670,  0.400,1,0,247, 25.000, 14.525,  0.000,-23.077, 13.525, 13.800,  0.000, 14.825, 14.300,  0.525,  0.800,  1.000,  0.800,0.00000,  0.000,
mon_rep231013,2023-10-13T11:20:26,2518.070,  0.400,1,0,247, 25.000, 14.525,  0.000,-23.077, 13.525, 13.800,  0.000, 14.825, 14.300,  0.525,  0.800,  1.000,  0.800,0.00000,  0.000,
mon_rep231013,2023-10-13T11:20:26,2518.470,  0.400,1,0,247, 25.000, 14.525,  0.000,-23.077, 13.525, 13.800,  0.000, 14.825, 14.300,  0.525,  0.800,  1.000,  0.800,0.00000,  0.000,
mon_rep231013,2023-10-13T11:20:26,2518.870,  0.400,1,0,247, 25.000, 14.525,  0.000,-23.077, 13.525, 13.800,  0.000, 14.825, 14.300,  0.525,  0.800,  1.000,  0.800,0.00000,  0.000,
mon_rep231013,2023-10-13T11:20:27,2519.270,  0.400,1,0,247, 25.000, 14.525,  0.000,-23.077, 13.525, 13.800,  0.000, 14.825, 14.300,  0.525,  0.800,  1.000,  0.800,0.00000,  0.000,
mon_rep231013,2023-10-13T11:20:27,2519.670,  0.400,1,0,247, 25.000, 14.525,  0.000,-23.077, 13.525, 13.800,  0.000, 14.825, 14.300,  0.525,  0.800,  1.000,  0.800,0.00000,  0.000,
mon_rep231013,2023-10-13T11:20:28,2520.070,  0.400,1,0,247, 25.000, 14.525,  0.000,-23.077, 13.525, 13.800,  0.000, 14.825, 14.300,  0.525,  0.800,  1.000,  0.800,0.00000,  0.000,
mon_rep231013,2023-10-13T11:20:28,2520.470,  0.400,1,0,247, 25.000, 14.525,  0.000,-23.077, 13.525, 13.800,  0.000, 14.825, 14.300,  0.525,  0.800,  1.000,  0.800,0.00000,  0.000,
mon_rep231013,2023-10-13T11:20:28,2520.870,  0.400,1,0,247, 25.000, 14.525,  0.000,-23.077, 13.525, 13.800,  0.000, 14.825, 14.300,  0.525,  0.800,  1.000,  0.800,0.00000,  0.000,
mon_rep231013,2023-10-13T11:20:29,2521.270,  0.400,1,0,247, 25.000, 14.525,  0.000,-23.077, 13.525, 13.800,  0.000, 14.825, 14.300,  0.525,  0.800,  1.000,  0.800,0.00000,  0.000,
mon_rep231013,2023-10-13T11:20:29,2521.670,  0.400,1,0,247, 25.000, 14.525,  0.000,-23.077, 13.525, 13.800,  0.000, 14.825, 14.300,  0.525,  0.800,  1.000,  0.800,0.00000,  0.000,
mon_rep231013,2023-10-13T11:20:30,2522.070,  0.400,1,0,247, 25.000, 14.525,  0.000,-23.077, 13.525, 13.800,  0.000, 14.825, 14.300,  0.525,  0.800,  1.000,  0.800,0.00000,  0.000,
mon_rep231013,2023-10-13T11:20:30,2522.470,  0.400,1,0,247, 25.000, 14.525,  0.000,-23.077, 13.525, 13.800,  0.000, 14.825, 14.300,  0.525,  0.800,  1.000,  0.800,0.00000,  0.000,
mon_rep231013,2023-10-13T11:20:30,2522.870,  0.400,1,0,247, 25.000, 14.525,  0.000,-23.077, 13.525, 13.800,  0.000, 14.825, 14.300,  0.525,  0.800,  1.000,  0.800,0.00000,  0.000,
mon_rep231013,2023-10-13T11:20:31,2523.270,  0.400,1,0,247, 25.000, 14.525,  0.000,-23.077, 13.525, 13.800,  0.000, 14.825, 14.300,  0.525,  0.800,  1.000,  0.800,0.00000,  0.000,
mon_rep231013,2023-10-13T11:20:31,2523.670,  0.400,1,0,247, 25.000, 14.525,  0.000,-23.077, 13.525, 13.800,  0.000, 14.825, 14.300,  0.525,  0.800,  1.000,  0.800,0.00000,  0.000,
mon_rep231013,2023-10-13T11:20:32,2524.070,  0.400,1,0,247, 25.000, 14.525,  0.000,-23.077, 13.525, 13.800,  0.000, 14.825, 14.300,  0.525,  0.800,  1.000,  0.800,0.00000,  0.000,
mon_rep231013,2023-10-13T11:20:32,2524.470,  0.400,1,0,247, 25.000, 14.525,  0.000,-23.077, 13.525, 13.800,  0.000, 14.825, 14.300,  0.525,  0.800,  1.000,  0.800,0.00000,  0.000,
mon_rep231013,2023-10-13T11:20:32,2524.870,  0.400,1,0,247, 25.000, 14.525,  0.000,-23.077, 13.525, 13.800,  0.000, 14.825, 14.300,  0.525,  0.800,  1.000,  0.800,0.00000,  0.000,
mon_rep231013,2023-10-13T11:20:33,2525.270,  0.400,1,0,247, 25.000, 14.525,  0.000,-23.077, 13.525, 13.800,  0.000, 14.825, 14.300,  0.525,  0.800,  1.000,  0.800,0.00000,  0.000,
mon_rep231013,2023-10-13T11:20:33,2525.670,  0.400,1,0,247, 25.000, 14.525,  0.000,-23.077, 13.525, 13.800,  0.000, 14.825, 14.300,  0.525,  0.800,  1.000,  0.800,0.00000,  0.000,
mon_rep231013,2023-10-13T11:20:34,2526.070,  0.400,1,0,247, 25.000, 14.525,  0.000,-23.077, 13.525, 13.800,  0.000, 14.825, 14.300,  0.525,  0.800,  1.000,  0.800,0.00000,  0.000,
mon_rep231013,2023-10-13T11:20:34,2526.470,  0.400,1,0,247, 25.000, 14.525,  0.000,-23.077, 13.525, 13.800,  0.000, 14.825, 14.300,  0.525,  0.800,  1.000,  0.800,0.00000,  0.000,
mon_rep231013,2023-10-13T11:20:34,2526.870,  0.400,1,0,247, 25.000, 14.525,  0.000,-23.077, 13.525, 13.800,  0.000, 14.825, 14.300,  0.525,  0.800,  1.000,  0.800,0.00000,  0.000,
mon_rep231013,2023-10-13T11:20:35,2527.270,  0.400,1,0,247, 25.000, 14.525,  0.000,-23.077, 13.525, 13.800,  0.000, 14.825, 14.300,  0.525,  0.800,  1.000,  0.800,0.00000,  0.000,
mon_rep231013,2023-10-13T11:20:35,2527.670,  0.400,1,0,247, 25.000, 14.525,  0.000,-23.077, 13.525, 13.800,  0.000, 14.825, 14.300,  0.525,  0.800,  1.000,  0.800,0.00000,  0.000,
mon_rep231013,2023-10-13T11:20:36,2528.070,  0.400,1,0,247, 25.000, 14.525,  0.000,-23.077, 13.525, 13.800,  0.000, 14.825, 14.300,  0.525,  0.800,  1.000,  0.800,0.00000,  0.000,
mon_rep231013,2023-10-13T11:20:36,2528.470,  0.400,1,0,247, 25.000, 14.525,  0.000,-23.077, 13.525, 13.800,  0.000, 14.825, 14.300,  0.525,  0.800,  1.000,  0.800,0.00000,  0.000,
mon_rep231013,2023-10-13T11:20:36,2528.870,  0.400,1,0,247, 25.000, 14.525,  0.000,-23.077, 13.525, 13.800,  0.000, 14.825, 14.300,  0.525,  0.800,  1.000,  0.800,0.00000,  0.000,
mon_rep231013,2023-10-13T11:20:37,2529.270,  0.400,1,0,247, 25.000, 14.525,  0.000,-23.077, 13.525, 13.800,  0.000, 14.825, 14.300,  0.525,  0.800,  1.000,  0.800,0.00000,  0.000,
mon_rep231013,2023-10-13T11:20:37,2529.670,  0.400,1,0,247, 25.000, 14.525,  0.000,-23.077, 13.525, 13.800,  0.000, 14.825, 14.300,  0.525,  0.800,  1.000,  0.800,0.00000,  0.000,
mon_rep231013,2023-10-13T11:20:38,2530.070,  0.400,1,0,247, 25.000, 14.525,  0.000,-23.077, 13.525, 13.800,  0.000, 14.825, 14.300,  0.525,  0.800,  1.000,  0.800,0.00000,  0.000,
mon_rep231013,2023-10-13T11:20:38,2530.470,  0.400,1,0,247, 25.000, 14.525,  0.000,-23.077, 13.525, 13.800,  0.000, 14.825, 14.300,  0.525,  0.800,  1.000,  0.800,0.00000,  0.000,
mon_rep231013,2023-10-13T11:20:38,2530.870,  0.400,1,0,247, 25.000, 14.525,  0.000,-23.077, 13.525, 13.800,  0.000, 14.825, 14.300,  0.525,  0.800,  1.000,  0.800,0.00000,  0.000,
mon_rep231013,2023-10-13T11:20:39,2531.270,  0.400,1,0,247, 25.000, 14.525,  0.000,-23.077, 13.525, 13.800,  0.000, 14.825, 14.300,  0.525,  0.800,  1.000,  0.800,0.00000,  0.000,
mon_rep231013,2023-10-13T11:20:39,2531.670,  0.400,1,0,247, 25.000, 14.525,  0.000,-23.077, 13.525, 13.800,  0.000, 14.825, 14.300,  0.525,  0.800,  1.000,  0.800,0.00000,  0.000,
mon_rep231013,2023-10-13T11:20:40,2532.070,  0.400,1,0,247, 25.000, 14.525,  0.000,-23.077, 13.525, 13.800,  0.000, 14.825, 14.300,  0.525,  0.800,  1.000,  0.800,0.00000,  0.000,
mon_rep231013,2023-10-13T11:20:40,2532.470,  0.400,1,0,247, 25.000, 14.525,  0.000,-23.077, 13.525, 13.800,  0.000, 14.825, 14.300,  0.525,  0.800,  1.000,  0.800,0.00000,  0.000,
mon_rep231013,2023-10-13T11:20:40,2532.870,  0.400,1,0,247, 25.000, 14.525,  0.000,-23.077, 13.525, 13.800,  0.000, 14.825, 14.300,  0.525,  0.800,  1.000,  0.800,0.00000,  0.000,
mon_rep231013,2023-10-13T11:20:41,2533.270,  0.400,1,0,247, 25.000, 14.525,  0.000,-23.077, 13.525, 13.800,  0.000, 14.825, 14.300,  0.525,  0.800,  1.000,  0.800,0.00000,  0.000,
mon_rep231013,2023-10-13T11:20:41,2533.670,  0.400,1,0,247, 25.000, 14.525,  0.000,-23.077, 13.525, 13.800,  0.000, 14.825, 14.300,  0.525,  0.800,  1.000,  0.800,0.00000,  0.000,
mon_rep231013,2023-10-13T11:20:42,2534.070,  0.400,1,0,247, 25.000, 14.525,  0.000,-23.077, 13.525, 13.800,  0.000, 14.825, 14.300,  0.525,  0.800,  1.000,  0.800,0.00000,  0.000,
mon_rep231013,2023-10-13T11:20:42,2534.470,  0.400,1,0,247, 25.000, 14.525,  0.000,-23.077, 13.525, 13.800,  0.000, 14.825, 14.300,  0.525,  0.800,  1.000,  0.800,0.00000,  0.000,
mon_rep231013,2023-10-13T11:20:42,2534.870,  0.400,1,0,247, 25.000, 14.525,  0.000,-23.077, 13.525, 13.800,  0.000, 14.825, 14.300,  0.525,  0.800,  1.000,  0.800,0.00000,  0.000,
mon_rep231013,2023-10-13T11:20:43,2535.270,  0.400,1,0,247, 25.000, 14.525,  0.000,-23.077, 13.525, 13.800,  0.000, 14.825, 14.300,  0.525,  0.800,  1.000,  0.800,0.00000,  0.000,
mon_rep231013,2023-10-13T11:20:43,2535.670,  0.400,1,0,247, 25.000, 14.525,  0.000,-23.077, 13.525, 13.800,  0.000, 14.825, 14.300,  0.525,  0.800,  1.000,  0.800,0.00000,  0.000,
mon_rep231013,2023-10-13T11:20:44,2536.070,  0.400,1,0,247, 25.000, 14.525,  0.000,-23.077, 13.525, 13.800,  0.000, 14.825, 14.300,  0.525,  0.800,  1.000,  0.800,0.00000,  0.000,
mon_rep231013,2023-10-13T11:20:44,2536.470,  0.400,1,0,247, 25.000, 14.525,  0.000,-23.077, 13.525, 13.800,  0.000, 14.825, 14.300,  0.525,  0.800,  1.000,  0.800,0.00000,  0.000,
mon_rep231013,2023-10-13T11:20:44,2536.870,  0.400,1,0,247, 25.000, 14.525,  0.000,-23.077, 13.525, 13.800,  0.000, 14.825, 14.300,  0.525,  0.800,  1.000,  0.800,0.00000,  0.000,
mon_rep231013,2023-10-13T11:20:45,2537.270,  0.400,1,0,247, 25.000, 14.525,  0.000,-23.077, 13.525, 13.800,  0.000, 14.825, 14.300,  0.525,  0.800,  1.000,  0.800,0.00000,  0.000,
mon_rep231013,2023-10-13T11:20:45,2537.670,  0.400,1,0,247, 25.000, 14.525,  0.000,-23.077, 13.525, 13.800,  0.000, 14.825, 14.300,  0.525,  0.800,  1.000,  0.800,0.00000,  0.000,
mon_rep231013,2023-10-13T11:20:46,2538.070,  0.400,1,0,247, 25.000, 14.525,  0.000,-23.077, 13.525, 13.800,  0.000, 14.825, 14.300,  0.525,  0.800,  1.000,  0.800,0.00000,  0.000,
mon_rep231013,2023-10-13T11:20:46,2538.470,  0.400,1,0,247, 25.000, 14.525,  0.000,-23.077, 13.525, 13.800,  0.000, 14.825, 14.300,  0.525,  0.800,  1.000,  0.800,0.00000,  0.000,
mon_rep231013,2023-10-13T11:20:46,2538.870,  0.400,1,0,247, 25.000, 14.525,  0.000,-23.077, 13.525, 13.800,  0.000, 14.825, 14.300,  0.525,  0.800,  1.000,  0.800,0.00000,  0.000,
mon_rep231013,2023-10-13T11:20:47,2539.270,  0.400,1,0,247, 25.000, 14.525,  0.000,-23.077, 13.525, 13.800,  0.000, 14.825, 14.300,  0.525,  0.800,  1.000,  0.800,0.00000,  0.000,
mon_rep231013,2023-10-13T11:20:47,2539.670,  0.400,1,0,247, 25.000, 14.525,  0.000,-23.077, 13.525, 13.800,  0.000, 14.825, 14.300,  0.525,  0.800,  1.000,  0.800,0.00000,  0.000,
mon_rep231013,2023-10-13T11:20:48,2540.070,  0.400,1,0,247, 25.000, 14.525,  0.000,-23.077, 13.525, 13.800,  0.000, 14.825, 14.300,  0.525,  0.800,  1.000,  0.800,0.00000,  0.000,
mon_rep231013,2023-10-13T11:20:48,2540.470,  0.400,1,0,247, 25.000, 14.525,  0.000,-23.077, 13.525, 13.800,  0.000, 14.825, 14.300,  0.525,  0.800,  1.000,  0.800,0.00000,  0.000,
mon_rep231013,2023-10-13T11:20:48,2540.870,  0.400,1,0,247, 25.000, 14.525,  0.000,-23.077, 13.525, 13.800,  0.000, 14.825, 14.300,  0.525,  0.800,  1.000,  0.800,0.00000,  0.000,
mon_rep231013,2023-10-13T11:20:49,2541.270,  0.400,1,0,247, 25.000, 14.525,  0.000,-23.077, 13.525, 13.800,  0.000, 14.825, 14.300,  0.525,  0.800,  1.000,  0.800,0.00000,  0.000,
mon_rep231013,2023-10-13T11:20:49,2541.670,  0.400,1,0,247, 25.000, 14.525,  0.000,-23.077, 13.525, 13.800,  0.000, 14.825, 14.300,  0.525,  0.800,  1.000,  0.800,0.00000,  0.000,
mon_rep231013,2023-10-13T11:20:50,2542.070,  0.400,1,0,247, 25.000, 14.525,  0.000,-23.077, 13.525, 13.800,  0.000, 14.825, 14.300,  0.525,  0.800,  1.000,  0.800,0.00000,  0.000,
mon_rep231013,2023-10-13T11:20:50,2542.470,  0.400,1,0,247, 25.000, 14.525,  0.000,-23.077, 13.525, 13.800,  0.000, 14.825, 14.300,  0.525,  0.800,  1.000,  0.800,0.00000,  0.000,
mon_rep231013,2023-10-13T11:20:50,2542.870,  0.400,1,0,247, 25.000, 14.525,  0.000,-23.077, 13.525, 13.800,  0.000, 14.825, 14.300,  0.525,  0.800,  1.000,  0.800,0.00000,  0.000,
mon_rep231013,2023-10-13T11:20:51,2543.270,  0.400,1,0,247, 25.000, 14.525,  0.000,-23.077, 13.525, 13.800,  0.000, 14.825, 14.300,  0.525,  0.800,  1.000,  0.800,0.00000,  0.000,
mon_rep231013,2023-10-13T11:20:51,2543.670,  0.400,1,0,247, 25.000, 14.525,  0.000,-23.077, 13.525, 13.800,  0.000, 14.825, 14.300,  0.525,  0.800,  1.000,  0.800,0.00000,  0.000,
mon_rep231013,2023-10-13T11:20:52,2544.070,  0.400,1,0,247, 25.000, 14.525,  0.000,-23.077, 13.525, 13.800,  0.000, 14.825, 14.300,  0.525,  0.800,  1.000,  0.800,0.00000,  0.000,
mon_rep231013,2023-10-13T11:20:52,2544.470,  0.400,1,0,247, 25.000, 14.525,  0.000,-23.077, 13.525, 13.800,  0.000, 14.825, 14.300,  0.525,  0.800,  1.000,  0.800,0.00000,  0.000,
mon_rep231013,2023-10-13T11:20:52,2544.870,  0.400,1,0,247, 25.000, 14.525,  0.000,-23.077, 13.525, 13.800,  0.000, 14.825, 14.300,  0.525,  0.800,  1.000,  0.800,0.00000,  0.000,
mon_rep231013,2023-10-13T11:20:53,2545.270,  0.400,1,0,247, 25.000, 14.525,  0.000,-23.077, 13.525, 13.800,  0.000, 14.825, 14.300,  0.525,  0.800,  1.000,  0.800,0.00000,  0.000,
mon_rep231013,2023-10-13T11:20:53,2545.670,  0.400,1,0,247, 25.000, 14.525,  0.000,-23.077, 13.525, 13.800,  0.000, 14.825, 14.300,  0.525,  0.800,  1.000,  0.800,0.00000,  0.000,
mon_rep231013,2023-10-13T11:20:54,2546.070,  0.400,1,0,247, 25.000, 14.525,  0.000,-23.077, 13.525, 13.800,  0.000, 14.825, 14.300,  0.525,  0.800,  1.000,  0.800,0.00000,  0.000,
mon_rep231013,2023-10-13T11:20:54,2546.470,  0.400,1,0,247, 25.000, 14.525,  0.000,-23.077, 13.525, 13.800,  0.000, 14.825, 14.300,  0.525,  0.800,  1.000,  0.800,0.00000,  0.000,
mon_rep231013,2023-10-13T11:20:54,2546.870,  0.400,1,0,247, 25.000, 14.525,  0.000,-23.077, 13.525, 13.800,  0.000, 14.825, 14.300,  0.525,  0.800,  1.000,  0.800,0.00000,  0.000,
mon_rep231013,2023-10-13T11:20:55,2547.270,  0.400,1,0,247, 25.000, 14.525,  0.000,-23.077, 13.525, 13.800,  0.000, 14.825, 14.300,  0.525,  0.800,  1.000,  0.800,0.00000,  0.000,
mon_rep231013,2023-10-13T11:20:55,2547.670,  0.400,1,0,247, 25.000, 14.525,  0.000,-23.077, 13.525, 13.800,  0.000, 14.825, 14.300,  0.525,  0.800,  1.000,  0.800,0.00000,  0.000,
mon_rep231013,2023-10-13T11:20:56,2548.070,  0.400,1,0,247, 25.000, 14.525,  0.000,-23.077, 13.525, 13.800,  0.000, 14.825, 14.300,  0.525,  0.800,  1.000,  0.800,0.00000,  0.000,
mon_rep231013,2023-10-13T11:20:56,2548.470,  0.400,1,0,247, 25.000, 14.525,  0.000,-23.077, 13.525, 13.800,  0.000, 14.825, 14.300,  0.525,  0.800,  1.000,  0.800,0.00000,  0.000,
mon_rep231013,2023-10-13T11:20:56,2548.870,  0.400,1,0,247, 25.000, 14.525,  0.000,-23.077, 13.525, 13.800,  0.000, 14.825, 14.300,  0.525,  0.800,  1.000,  0.800,0.00000,  0.000,
mon_rep231013,2023-10-13T11:20:57,2549.270,  0.400,1,0,247, 25.000, 14.525,  0.000,-23.077, 13.525, 13.800,  0.000, 14.825, 14.300,  0.525,  0.800,  1.000,  0.800,0.00000,  0.000,
mon_rep231013,2023-10-13T11:20:57,2549.670,  0.400,1,0,247, 25.000, 14.525,  0.000,-23.077, 13.525, 13.800,  0.000, 14.825, 14.300,  0.525,  0.800,  1.000,  0.800,0.00000,  0.000,
mon_rep231013,2023-10-13T11:20:58,2550.070,  0.400,1,0,247, 25.000, 14.525,  0.000,-23.077, 13.525, 13.800,  0.000, 14.825, 14.300,  0.525,  0.800,  1.000,  0.800,0.00000,  0.000,
mon_rep231013,2023-10-13T11:20:58,2550.470,  0.400,1,0,247, 25.000, 14.525,  0.000,-23.077, 13.525, 13.800,  0.000, 14.825, 14.300,  0.525,  0.800,  1.000,  0.800,0.00000,  0.000,
mon_rep231013,2023-10-13T11:20:58,2550.870,  0.400,1,0,247, 25.000, 14.525,  0.000,-23.077, 13.525, 13.800,  0.000, 14.825, 14.300,  0.525,  0.800,  1.000,  0.800,0.00000,  0.000,
mon_rep231013,2023-10-13T11:20:59,2551.270,  0.400,1,0,247, 25.000, 14.525,  0.000,-23.077, 13.525, 13.800,  0.000, 14.825, 14.300,  0.525,  0.800,  1.000,  0.800,0.00000,  0.000,
mon_rep231013,2023-10-13T11:20:59,2551.670,  0.400,1,0,247, 25.000, 14.525,  0.000,-23.077, 13.525, 13.800,  0.000, 14.825, 14.300,  0.525,  0.800,  1.000,  0.800,0.00000,  0.000,
mon_rep231013,2023-10-13T11:21:00,2552.070,  0.400,1,0,247, 25.000, 14.525,  0.000,-23.077, 13.525, 13.800,  0.000, 14.825, 14.300,  0.525,  0.800,  1.000,  0.800,0.00000,  0.000,
mon_rep231013,2023-10-13T11:21:00,2552.470,  0.400,1,0,247, 25.000, 14.525,  0.000,-23.077, 13.525, 13.800,  0.000, 14.825, 14.300,  0.525,  0.800,  1.000,  0.800,0.00000,  0.000,
mon_rep231013,2023-10-13T11:21:00,2552.870,  0.400,1,0,247, 25.000, 14.525,  0.000,-23.077, 13.525, 13.800,  0.000, 14.825, 14.300,  0.525,  0.800,  1.000,  0.800,0.00000,  0.000,
mon_rep231013,2023-10-13T11:21:01,2553.270,  0.400,1,0,247, 25.000, 14.525,  0.000,-23.077, 13.525, 13.800,  0.000, 14.825, 14.300,  0.525,  0.800,  1.000,  0.800,0.00000,  0.000,
mon_rep231013,2023-10-13T11:21:01,2553.670,  0.400,1,0,247, 25.000, 14.525,  0.000,-23.077, 13.525, 13.800,  0.000, 14.825, 14.300,  0.525,  0.800,  1.000,  0.800,0.00000,  0.000,
mon_rep231013,2023-10-13T11:21:02,2554.070,  0.400,1,0,247, 25.000, 14.525,  0.000,-23.077, 13.525, 13.800,  0.000, 14.825, 14.300,  0.525,  0.800,  1.000,  0.800,0.00000,  0.000,
mon_rep231013,2023-10-13T11:21:02,2554.470,  0.400,1,0,247, 25.000, 14.525,  0.000,-23.077, 13.525, 13.800,  0.000, 14.825, 14.300,  0.525,  0.800,  1.000,  0.800,0.00000,  0.000,
mon_rep231013,2023-10-13T11:21:02,2554.870,  0.400,1,0,247, 25.000, 14.525,  0.000,-23.077, 13.525, 13.800,  0.000, 14.825, 14.300,  0.525,  0.800,  1.000,  0.800,0.00000,  0.000,
mon_rep231013,2023-10-13T11:21:03,2555.270,  0.400,1,0,247, 25.000, 14.525,  0.000,-23.077, 13.525, 13.800,  0.000, 14.825, 14.300,  0.525,  0.800,  1.000,  0.800,0.00000,  0.000,
mon_rep231013,2023-10-13T11:21:03,2555.670,  0.400,1,0,247, 25.000, 14.525,  0.000,-23.077, 13.525, 13.800,  0.000, 14.825, 14.300,  0.525,  0.800,  1.000,  0.800,0.00000,  0.000,
mon_rep231013,2023-10-13T11:21:04,2556.070,  0.400,1,0,247, 25.000, 14.525,  0.000,-23.077, 13.525, 13.800,  0.000, 14.825, 14.300,  0.525,  0.800,  1.000,  0.800,0.00000,  0.000,
mon_rep231013,2023-10-13T11:21:04,2556.470,  0.400,1,0,247, 25.000, 14.525,  0.000,-23.077, 13.525, 13.800,  0.000, 14.825, 14.300,  0.525,  0.800,  1.000,  0.800,0.00000,  0.000,
mon_rep231013,2023-10-13T11:21:04,2556.870,  0.400,1,0,247, 25.000, 14.525,  0.000,-23.077, 13.525, 13.800,  0.000, 14.825, 14.300,  0.525,  0.800,  1.000,  0.800,0.00000,  0.000,
mon_rep231013,2023-10-13T11:21:05,2557.270,  0.400,1,0,247, 25.000, 14.525,  0.000,-23.077, 13.525, 13.800,  0.000, 14.825, 14.300,  0.525,  0.800,  1.000,  0.800,0.00000,  0.000,
mon_rep231013,2023-10-13T11:21:05,2557.670,  0.400,1,0,247, 25.000, 14.525,  0.000,-23.077, 13.525, 13.800,  0.000, 14.825, 14.300,  0.525,  0.800,  1.000,  0.800,0.00000,  0.000,
mon_rep231013,2023-10-13T11:21:06,2558.070,  0.400,1,0,247, 25.000, 14.525,  0.000,-23.077, 13.525, 13.800,  0.000, 14.825, 14.300,  0.525,  0.800,  1.000,  0.800,0.00000,  0.000,
mon_rep231013,2023-10-13T11:21:06,2558.470,  0.400,1,0,247, 25.000, 14.525,  0.000,-23.077, 13.525, 13.800,  0.000, 14.825, 14.300,  0.525,  0.800,  1.000,  0.800,0.00000,  0.000,
mon_rep231013,2023-10-13T11:21:06,2558.870,  0.400,1,0,247, 25.000, 14.525,  0.000,-23.077, 13.525, 13.800,  0.000, 14.825, 14.300,  0.525,  0.800,  1.000,  0.800,0.00000,  0.000,
mon_rep231013,2023-10-13T11:21:07,2559.270,  0.400,1,0,247, 25.000, 14.525,  0.000,-23.077, 13.525, 13.800,  0.000, 14.825, 14.300,  0.525,  0.800,  1.000,  0.800,0.00000,  0.000,
mon_rep231013,2023-10-13T11:21:07,2559.670,  0.400,1,0,247, 25.000, 14.525,  0.000,-23.077, 13.525, 13.800,  0.000, 14.825, 14.300,  0.525,  0.800,  1.000,  0.800,0.00000,  0.000,
mon_rep231013,2023-10-13T11:21:08,2560.070,  0.400,1,0,247, 25.000, 14.525,  0.000,-23.077, 13.525, 13.800,  0.000, 14.825, 14.300,  0.525,  0.800,  1.000,  0.800,0.00000,  0.000,
mon_rep231013,2023-10-13T11:21:08,2560.470,  0.400,1,0,247, 25.000, 14.525,  0.000,-23.077, 13.525, 13.800,  0.000, 14.825, 14.300,  0.525,  0.800,  1.000,  0.800,0.00000,  0.000,
mon_rep231013,2023-10-13T11:21:08,2560.870,  0.400,1,0,247, 25.000, 14.525,  0.000,-23.077, 13.525, 13.800,  0.000, 14.825, 14.300,  0.525,  0.800,  1.000,  0.800,0.00000,  0.000,
mon_rep231013,2023-10-13T11:21:09,2561.270,  0.400,1,0,247, 25.000, 14.525,  0.000,-23.077, 13.525, 13.800,  0.000, 14.825, 14.300,  0.525,  0.800,  1.000,  0.800,0.00000,  0.000,
mon_rep231013,2023-10-13T11:21:09,2561.670,  0.400,1,0,247, 25.000, 14.525,  0.000,-23.077, 13.525, 13.800,  0.000, 14.825, 14.300,  0.525,  0.800,  1.000,  0.800,0.00000,  0.000,
mon_rep231013,2023-10-13T11:21:10,2562.070,  0.400,1,0,247, 25.000, 14.525,  0.000,-23.077, 13.525, 13.800,  0.000, 14.825, 14.300,  0.525,  0.800,  1.000,  0.800,0.00000,  0.000,
mon_rep231013,2023-10-13T11:21:10,2562.470,  0.400,1,0,247, 25.000, 14.525,  0.000,-23.077, 13.525, 13.800,  0.000, 14.825, 14.300,  0.525,  0.800,  1.000,  0.800,0.00000,  0.000,
mon_rep231013,2023-10-13T11:21:10,2562.870,  0.400,1,0,247, 25.000, 14.525,  0.000,-23.077, 13.525, 13.800,  0.000, 14.825, 14.300,  0.525,  0.800,  1.000,  0.800,0.00000,  0.000,
mon_rep231013,2023-10-13T11:21:11,2563.270,  0.400,1,0,247, 25.000, 14.525,  0.000,-23.077, 13.525, 13.800,  0.000, 14.825, 14.300,  0.525,  0.800,  1.000,  0.800,0.00000,  0.000,
mon_rep231013,2023-10-13T11:21:11,2563.670,  0.400,1,0,247, 25.000, 14.525,  0.000,-23.077, 13.525, 13.800,  0.000, 14.825, 14.300,  0.525,  0.800,  1.000,  0.800,0.00000,  0.000,
mon_rep231013,2023-10-13T11:21:12,2564.070,  0.400,1,0,247, 25.000, 14.525,  0.000,-23.077, 13.525, 13.800,  0.000, 14.825, 14.300,  0.525,  0.800,  1.000,  0.800,0.00000,  0.000,
mon_rep231013,2023-10-13T11:21:12,2564.470,  0.400,1,0,247, 25.000, 14.525,  0.000,-23.077, 13.525, 13.800,  0.000, 14.825, 14.300,  0.525,  0.800,  1.000,  0.800,0.00000,  0.000,
mon_rep231013,2023-10-13T11:21:12,2564.870,  0.400,1,0,247, 25.000, 14.525,  0.000,-23.077, 13.525, 13.800,  0.000, 14.825, 14.300,  0.525,  0.800,  1.000,  0.800,0.00000,  0.000,
mon_rep231013,2023-10-13T11:21:13,2565.270,  0.400,1,0,247, 25.000, 14.525,  0.000,-23.077, 13.525, 13.800,  0.000, 14.825, 14.300,  0.525,  0.800,  1.000,  0.800,0.00000,  0.000,
mon_rep231013,2023-10-13T11:21:13,2565.670,  0.400,1,0,247, 25.000, 14.525,  0.000,-23.077, 13.525, 13.800,  0.000, 14.825, 14.300,  0.525,  0.800,  1.000,  0.800,0.00000,  0.000,
mon_rep231013,2023-10-13T11:21:14,2566.070,  0.400,1,0,247, 25.000, 14.525,  0.000,-23.077, 13.525, 13.800,  0.000, 14.825, 14.300,  0.525,  0.800,  1.000,  0.800,0.00000,  0.000,
mon_rep231013,2023-10-13T11:21:14,2566.470,  0.400,1,0,247, 25.000, 14.525,  0.000,-23.077, 13.525, 13.800,  0.000, 14.825, 14.300,  0.525,  0.800,  1.000,  0.800,0.00000,  0.000,
mon_rep231013,2023-10-13T11:21:14,2566.870,  0.400,1,0,247, 25.000, 14.525,  0.000,-23.077, 13.525, 13.800,  0.000, 14.825, 14.300,  0.525,  0.800,  1.000,  0.800,0.00000,  0.000,
mon_rep231013,2023-10-13T11:21:15,2567.270,  0.400,1,0,247, 25.000, 14.525,  0.000,-23.077, 13.525, 13.800,  0.000, 14.825, 14.300,  0.525,  0.800,  1.000,  0.800,0.00000,  0.000,
mon_rep231013,2023-10-13T11:21:15,2567.670,  0.400,1,0,247, 25.000, 14.525,  0.000,-23.077, 13.525, 13.800,  0.000, 14.825, 14.300,  0.525,  0.800,  1.000,  0.800,0.00000,  0.000,
mon_rep231013,2023-10-13T11:21:16,2568.070,  0.400,1,0,247, 25.000, 14.525,  0.000,-23.077, 13.525, 13.800,  0.000, 14.825, 14.300,  0.525,  0.800,  1.000,  0.800,0.00000,  0.000,
mon_rep231013,2023-10-13T11:21:16,2568.470,  0.400,1,0,247, 25.000, 14.525,  0.000,-23.077, 13.525, 13.800,  0.000, 14.825, 14.300,  0.525,  0.800,  1.000,  0.800,0.00000,  0.000,
mon_rep231013,2023-10-13T11:21:16,2568.870,  0.400,1,0,247, 25.000, 14.525,  0.000,-23.077, 13.525, 13.800,  0.000, 14.825, 14.300,  0.525,  0.800,  1.000,  0.800,0.00000,  0.000,
mon_rep231013,2023-10-13T11:21:17,2569.270,  0.400,1,0,247, 25.000, 14.525,  0.000,-23.077, 13.525, 13.800,  0.000, 14.825, 14.300,  0.525,  0.800,  1.000,  0.800,0.00000,  0.000,
mon_rep231013,2023-10-13T11:21:17,2569.670,  0.400,1,0,247, 25.000, 14.525,  0.000,-23.077, 13.525, 13.800,  0.000, 14.825, 14.300,  0.525,  0.800,  1.000,  0.800,0.00000,  0.000,
mon_rep231013,2023-10-13T11:21:18,2570.070,  0.400,1,0,247, 25.000, 14.525,  0.000,-23.077, 13.525, 13.800,  0.000, 14.825, 14.300,  0.525,  0.800,  1.000,  0.800,0.00000,  0.000,
mon_rep231013,2023-10-13T11:21:18,2570.470,  0.400,1,0,247, 25.000, 14.525,  0.000,-23.077, 13.525, 13.800,  0.000, 14.825, 14.300,  0.525,  0.800,  1.000,  0.800,0.00000,  0.000,
mon_rep231013,2023-10-13T11:21:18,2570.870,  0.400,1,0,247, 25.000, 14.525,  0.000,-23.077, 13.525, 13.800,  0.000, 14.825, 14.300,  0.525,  0.800,  1.000,  0.800,0.00000,  0.000,
mon_rep231013,2023-10-13T11:21:19,2571.270,  0.400,1,0,247, 25.000, 14.525,  0.000,-23.077, 13.525, 13.800,  0.000, 14.825, 14.300,  0.525,  0.800,  1.000,  0.800,0.00000,  0.000,
mon_rep231013,2023-10-13T11:21:19,2571.670,  0.400,1,0,247, 25.000, 14.525,  0.000,-23.077, 13.525, 13.800,  0.000, 14.825, 14.300,  0.525,  0.800,  1.000,  0.800,0.00000,  0.000,
mon_rep231013,2023-10-13T11:21:20,2572.070,  0.400,1,0,247, 25.000, 14.525,  0.000,-23.077, 13.525, 13.800,  0.000, 14.825, 14.300,  0.525,  0.800,  1.000,  0.800,0.00000,  0.000,
mon_rep231013,2023-10-13T11:21:20,2572.470,  0.400,1,0,247, 25.000, 14.525,  0.000,-23.077, 13.525, 13.800,  0.000, 14.825, 14.300,  0.525,  0.800,  1.000,  0.800,0.00000,  0.000,
mon_rep231013,2023-10-13T11:21:20,2572.870,  0.400,1,0,247, 25.000, 14.525,  0.000,-23.077, 13.525, 13.800,  0.000, 14.825, 14.300,  0.525,  0.800,  1.000,  0.800,0.00000,  0.000,
mon_rep231013,2023-10-13T11:21:21,2573.270,  0.400,1,0,247, 25.000, 14.525,  0.000,-23.077, 13.525, 13.800,  0.000, 14.825, 14.300,  0.525,  0.800,  1.000,  0.800,0.00000,  0.000,
mon_rep231013,2023-10-13T11:21:21,2573.670,  0.400,1,0,247, 25.000, 14.525,  0.000,-23.077, 13.525, 13.800,  0.000, 14.825, 14.300,  0.525,  0.800,  1.000,  0.800,0.00000,  0.000,
mon_rep231013,2023-10-13T11:21:22,2574.070,  0.400,1,0,247, 25.000, 14.525,  0.000,-23.077, 13.525, 13.800,  0.000, 14.825, 14.300,  0.525,  0.800,  1.000,  0.800,0.00000,  0.000,
mon_rep231013,2023-10-13T11:21:22,2574.470,  0.400,1,0,247, 25.000, 14.525,  0.000,-23.077, 13.525, 13.800,  0.000, 14.825, 14.300,  0.525,  0.800,  1.000,  0.800,0.00000,  0.000,
mon_rep231013,2023-10-13T11:21:22,2574.870,  0.400,1,0,247, 25.000, 14.525,  0.000,-23.077, 13.525, 13.800,  0.000, 14.825, 14.300,  0.525,  0.800,  1.000,  0.800,0.00000,  0.000,
mon_rep231013,2023-10-13T11:21:23,2575.270,  0.400,1,0,247, 25.000, 14.525,  0.000,-23.077, 13.525, 13.800,  0.000, 14.825, 14.300,  0.525,  0.800,  1.000,  0.800,0.00000,  0.000,
mon_rep231013,2023-10-13T11:21:23,2575.670,  0.400,1,0,247, 25.000, 14.525,  0.000,-23.077, 13.525, 13.800,  0.000, 14.825, 14.300,  0.525,  0.800,  1.000,  0.800,0.00000,  0.000,
mon_rep231013,2023-10-13T11:21:24,2576.070,  0.400,1,0,247, 25.000, 14.525,  0.000,-23.077, 13.525, 13.800,  0.000, 14.825, 14.300,  0.525,  0.800,  1.000,  0.800,0.00000,  0.000,
mon_rep231013,2023-10-13T11:21:24,2576.470,  0.400,1,0,247, 25.000, 14.525,  0.000,-23.077, 13.525, 13.800,  0.000, 14.825, 14.300,  0.525,  0.800,  1.000,  0.800,0.00000,  0.000,
mon_rep231013,2023-10-13T11:21:24,2576.870,  0.400,1,0,247, 25.000, 14.525,  0.000,-23.077, 13.525, 13.800,  0.000, 14.825, 14.300,  0.525,  0.800,  1.000,  0.800,0.00000,  0.000,
mon_rep231013,2023-10-13T11:21:25,2577.270,  0.400,1,0,247, 25.000, 14.525,  0.000,-23.077, 13.525, 13.800,  0.000, 14.825, 14.300,  0.525,  0.800,  1.000,  0.800,0.00000,  0.000,
mon_rep231013,2023-10-13T11:21:25,2577.670,  0.400,1,0,247, 25.000, 14.525,  0.000,-23.077, 13.525, 13.800,  0.000, 14.825, 14.300,  0.525,  0.800,  1.000,  0.800,0.00000,  0.000,
mon_rep231013,2023-10-13T11:21:26,2578.070,  0.400,1,0,247, 25.000, 14.525,  0.000,-23.077, 13.525, 13.800,  0.000, 14.825, 14.300,  0.525,  0.800,  1.000,  0.800,0.00000,  0.000,
mon_rep231013,2023-10-13T11:21:26,2578.470,  0.400,1,0,247, 25.000, 14.525,  0.000,-23.077, 13.525, 13.800,  0.000, 14.825, 14.300,  0.525,  0.800,  1.000,  0.800,0.00000,  0.000,
mon_rep231013,2023-10-13T11:21:26,2578.870,  0.400,1,0,247, 25.000, 14.525,  0.000,-23.077, 13.525, 13.800,  0.000, 14.825, 14.300,  0.525,  0.800,  1.000,  0.800,0.00000,  0.000,
mon_rep231013,2023-10-13T11:21:27,2579.270,  0.400,1,0,247, 25.000, 14.525,  0.000,-23.077, 13.525, 13.800,  0.000, 14.825, 14.300,  0.525,  0.800,  1.000,  0.800,0.00000,  0.000,
mon_rep231013,2023-10-13T11:21:27,2579.670,  0.400,1,0,247, 25.000, 14.525,  0.000,-23.077, 13.525, 13.800,  0.000, 14.825, 14.300,  0.525,  0.800,  1.000,  0.800,0.00000,  0.000,
mon_rep231013,2023-10-13T11:21:28,2580.070,  0.400,1,0,247, 25.000, 14.525,  0.000,-23.077, 13.525, 13.800,  0.000, 14.825, 14.300,  0.525,  0.800,  1.000,  0.800,0.00000,  0.000,
mon_rep231013,2023-10-13T11:21:28,2580.470,  0.400,1,0,247, 25.000, 14.525,  0.000,-23.077, 13.525, 13.800,  0.000, 14.825, 14.300,  0.525,  0.800,  1.000,  0.800,0.00000,  0.000,
mon_rep231013,2023-10-13T11:21:28,2580.870,  0.400,1,0,247, 25.000, 14.525,  0.000,-23.077, 13.525, 13.800,  0.000, 14.825, 14.300,  0.525,  0.800,  1.000,  0.800,0.00000,  0.000,
mon_rep231013,2023-10-13T11:21:29,2581.270,  0.400,1,0,247, 25.000, 14.525,  0.000,-23.077, 13.525, 13.800,  0.000, 14.825, 14.300,  0.525,  0.800,  1.000,  0.800,0.00000,  0.000,
mon_rep231013,2023-10-13T11:21:29,2581.670,  0.400,1,0,247, 25.000, 14.525,  0.000,-23.077, 13.525, 13.800,  0.000, 14.825, 14.300,  0.525,  0.800,  1.000,  0.800,0.00000,  0.000,
mon_rep231013,2023-10-13T11:21:30,2582.070,  0.400,1,0,247, 25.000, 14.525,  0.000,-23.077, 13.525, 13.800,  0.000, 14.825, 14.300,  0.525,  0.800,  1.000,  0.800,0.00000,  0.000,
mon_rep231013,2023-10-13T11:21:30,2582.470,  0.400,1,0,247, 25.000, 14.525,  0.000,-23.077, 13.525, 13.800,  0.000, 14.825, 14.300,  0.525,  0.800,  1.000,  0.800,0.00000,  0.000,
mon_rep231013,2023-10-13T11:21:30,2582.870,  0.400,1,0,247, 25.000, 14.525,  0.000,-23.077, 13.525, 13.800,  0.000, 14.825, 14.300,  0.525,  0.800,  1.000,  0.800,0.00000,  0.000,
mon_rep231013,2023-10-13T11:21:31,2583.270,  0.400,1,0,247, 25.000, 14.525,  0.000,-23.077, 13.525, 13.800,  0.000, 14.825, 14.300,  0.525,  0.800,  1.000,  0.800,0.00000,  0.000,
mon_rep231013,2023-10-13T11:21:31,2583.670,  0.400,1,0,247, 25.000, 14.525,  0.000,-23.077, 13.525, 13.800,  0.000, 14.825, 14.300,  0.525,  0.800,  1.000,  0.800,0.00000,  0.000,
mon_rep231013,2023-10-13T11:21:32,2584.070,  0.400,1,0,247, 25.000, 14.525,  0.000,-23.077, 13.525, 13.800,  0.000, 14.825, 14.300,  0.525,  0.800,  1.000,  0.800,0.00000,  0.000,
mon_rep231013,2023-10-13T11:21:32,2584.470,  0.400,1,0,247, 25.000, 14.525,  0.000,-23.077, 13.525, 13.800,  0.000, 14.825, 14.300,  0.525,  0.800,  1.000,  0.800,0.00000,  0.000,
mon_rep231013,2023-10-13T11:21:32,2584.870,  0.400,1,0,247, 25.000, 14.525,  0.000,-23.077, 13.525, 13.800,  0.000, 14.825, 14.300,  0.525,  0.800,  1.000,  0.800,0.00000,  0.000,
mon_rep231013,2023-10-13T11:21:33,2585.270,  0.400,1,0,247, 25.000, 14.525,  0.000,-23.077, 13.525, 13.800,  0.000, 14.825, 14.300,  0.525,  0.800,  1.000,  0.800,0.00000,  0.000,
mon_rep231013,2023-10-13T11:21:33,2585.670,  0.400,1,0,247, 25.000, 14.525,  0.000,-23.077, 13.525, 13.800,  0.000, 14.825, 14.300,  0.525,  0.800,  1.000,  0.800,0.00000,  0.000,
mon_rep231013,2023-10-13T11:21:34,2586.070,  0.400,1,0,247, 25.000, 14.525,  0.000,-23.077, 13.525, 13.800,  0.000, 14.825, 14.300,  0.525,  0.800,  1.000,  0.800,0.00000,  0.000,
mon_rep231013,2023-10-13T11:21:34,2586.470,  0.400,1,0,247, 25.000, 14.525,  0.000,-23.077, 13.525, 13.800,  0.000, 14.825, 14.300,  0.525,  0.800,  1.000,  0.800,0.00000,  0.000,
mon_rep231013,2023-10-13T11:21:34,2586.870,  0.400,1,0,247, 25.000, 14.525,  0.000,-23.077, 13.525, 13.800,  0.000, 14.825, 14.300,  0.525,  0.800,  1.000,  0.800,0.00000,  0.000,
mon_rep231013,2023-10-13T11:21:35,2587.270,  0.400,1,0,247, 25.000, 14.525,  0.000,-23.077, 13.525, 13.800,  0.000, 14.825, 14.300,  0.525,  0.800,  1.000,  0.800,0.00000,  0.000,
mon_rep231013,2023-10-13T11:21:35,2587.670,  0.400,1,0,247, 25.000, 14.525,  0.000,-23.077, 13.525, 13.800,  0.000, 14.825, 14.300,  0.525,  0.800,  1.000,  0.800,0.00000,  0.000,
mon_rep231013,2023-10-13T11:21:36,2588.070,  0.400,1,0,247, 25.000, 14.525,  0.000,-23.077, 13.525, 13.800,  0.000, 14.825, 14.300,  0.525,  0.800,  1.000,  0.800,0.00000,  0.000,
mon_rep231013,2023-10-13T11:21:36,2588.470,  0.400,1,0,247, 25.000, 14.525,  0.000,-23.077, 13.525, 13.800,  0.000, 14.825, 14.300,  0.525,  0.800,  1.000,  0.800,0.00000,  0.000,
mon_rep231013,2023-10-13T11:21:36,2588.870,  0.400,1,0,247, 25.000, 14.525,  0.000,-23.077, 13.525, 13.800,  0.000, 14.825, 14.300,  0.525,  0.800,  1.000,  0.800,0.00000,  0.000,
mon_rep231013,2023-10-13T11:21:37,2589.270,  0.400,1,0,247, 25.000, 14.525,  0.000,-23.077, 13.525, 13.800,  0.000, 14.825, 14.300,  0.525,  0.800,  1.000,  0.800,0.00000,  0.000,
mon_rep231013,2023-10-13T11:21:37,2589.670,  0.400,1,0,247, 25.000, 14.525,  0.000,-23.077, 13.525, 13.800,  0.000, 14.825, 14.300,  0.525,  0.800,  1.000,  0.800,0.00000,  0.000,
mon_rep231013,2023-10-13T11:21:38,2590.070,  0.400,1,0,247, 25.000, 14.525,  0.000,-23.077, 13.525, 13.800,  0.000, 14.825, 14.300,  0.525,  0.800,  1.000,  0.800,0.00000,  0.000,
mon_rep231013,2023-10-13T11:21:38,2590.470,  0.400,1,0,247, 25.000, 14.525,  0.000,-23.077, 13.525, 13.800,  0.000, 14.825, 14.300,  0.525,  0.800,  1.000,  0.800,0.00000,  0.000,
mon_rep231013,2023-10-13T11:21:38,2590.870,  0.400,1,0,247, 25.000, 14.525,  0.000,-23.077, 13.525, 13.800,  0.000, 14.825, 14.300,  0.525,  0.800,  1.000,  0.800,0.00000,  0.000,
mon_rep231013,2023-10-13T11:21:39,2591.270,  0.400,1,0,247, 25.000, 14.525,  0.000,-23.077, 13.525, 13.800,  0.000, 14.825, 14.300,  0.525,  0.800,  1.000,  0.800,0.00000,  0.000,
mon_rep231013,2023-10-13T11:21:39,2591.670,  0.400,1,0,247, 25.000, 14.525,  0.000,-23.077, 13.525, 13.800,  0.000, 14.825, 14.300,  0.525,  0.800,  1.000,  0.800,0.00000,  0.000,
mon_rep231013,2023-10-13T11:21:40,2592.070,  0.400,1,0,247, 25.000, 14.525,  0.000,-23.077, 13.525, 13.800,  0.000, 14.825, 14.300,  0.525,  0.800,  1.000,  0.800,0.00000,  0.000,
mon_rep231013,2023-10-13T11:21:40,2592.470,  0.400,1,0,247, 25.000, 14.525,  0.000,-23.077, 13.525, 13.800,  0.000, 14.825, 14.300,  0.525,  0.800,  1.000,  0.800,0.00000,  0.000,
mon_rep231013,2023-10-13T11:21:40,2592.870,  0.400,1,0,247, 25.000, 14.525,  0.000,-23.077, 13.525, 13.800,  0.000, 14.825, 14.300,  0.525,  0.800,  1.000,  0.800,0.00000,  0.000,
mon_rep231013,2023-10-13T11:21:41,2593.270,  0.400,1,0,247, 25.000, 14.525,  0.000,-23.077, 13.525, 13.800,  0.000, 14.825, 14.300,  0.525,  0.800,  1.000,  0.800,0.00000,  0.000,
mon_rep231013,2023-10-13T11:21:41,2593.670,  0.400,1,0,247, 25.000, 14.525,  0.000,-23.077, 13.525, 13.800,  0.000, 14.825, 14.300,  0.525,  0.800,  1.000,  0.800,0.00000,  0.000,
mon_rep231013,2023-10-13T11:21:42,2594.070,  0.400,1,0,247, 25.000, 14.525,  0.000,-23.077, 13.525, 13.800,  0.000, 14.825, 14.300,  0.525,  0.800,  1.000,  0.800,0.00000,  0.000,
mon_rep231013,2023-10-13T11:21:42,2594.470,  0.400,1,0,247, 25.000, 14.525,  0.000,-23.077, 13.525, 13.800,  0.000, 14.825, 14.300,  0.525,  0.800,  1.000,  0.800,0.00000,  0.000,
mon_rep231013,2023-10-13T11:21:42,2594.870,  0.400,1,0,247, 25.000, 14.525,  0.000,-23.077, 13.525, 13.800,  0.000, 14.825, 14.300,  0.525,  0.800,  1.000,  0.800,0.00000,  0.000,
mon_rep231013,2023-10-13T11:21:43,2595.270,  0.400,1,0,247, 25.000, 14.525,  0.000,-23.077, 13.525, 13.800,  0.000, 14.825, 14.300,  0.525,  0.800,  1.000,  0.800,0.00000,  0.000,
mon_rep231013,2023-10-13T11:21:43,2595.670,  0.400,1,0,247, 25.000, 14.525,  0.000,-23.077, 13.525, 13.800,  0.000, 14.825, 14.300,  0.525,  0.800,  1.000,  0.800,0.00000,  0.000,
mon_rep231013,2023-10-13T11:21:44,2596.070,  0.400,1,0,247, 25.000, 14.525,  0.000,-23.077, 13.525, 13.800,  0.000, 14.825, 14.300,  0.525,  0.800,  1.000,  0.800,0.00000,  0.000,
mon_rep231013,2023-10-13T11:21:44,2596.470,  0.400,1,0,247, 25.000, 14.525,  0.000,-23.077, 13.525, 13.800,  0.000, 14.825, 14.300,  0.525,  0.800,  1.000,  0.800,0.00000,  0.000,
mon_rep231013,2023-10-13T11:21:44,2596.870,  0.400,1,0,247, 25.000, 14.525,  0.000,-23.077, 13.525, 13.800,  0.000, 14.825, 14.300,  0.525,  0.800,  1.000,  0.800,0.00000,  0.000,
mon_rep231013,2023-10-13T11:21:45,2597.270,  0.400,1,0,247, 25.000, 14.525,  0.000,-23.077, 13.525, 13.800,  0.000, 14.825, 14.300,  0.525,  0.800,  1.000,  0.800,0.00000,  0.000,
mon_rep231013,2023-10-13T11:21:45,2597.670,  0.400,1,0,247, 25.000, 14.525,  0.000,-23.077, 13.525, 13.800,  0.000, 14.825, 14.300,  0.525,  0.800,  1.000,  0.800,0.00000,  0.000,
mon_rep231013,2023-10-13T11:21:46,2598.070,  0.400,1,0,247, 25.000, 14.525,  0.000,-23.077, 13.525, 13.800,  0.000, 14.825, 14.300,  0.525,  0.800,  1.000,  0.800,0.00000,  0.000,
mon_rep231013,2023-10-13T11:21:46,2598.470,  0.400,1,0,247, 25.000, 14.525,  0.000,-23.077, 13.525, 13.800,  0.000, 14.825, 14.300,  0.525,  0.800,  1.000,  0.800,0.00000,  0.000,
mon_rep231013,2023-10-13T11:21:46,2598.870,  0.400,1,0,247, 25.000, 14.525,  0.000,-23.077, 13.525, 13.800,  0.000, 14.825, 14.300,  0.525,  0.800,  1.000,  0.800,0.00000,  0.000,
mon_rep231013,2023-10-13T11:21:47,2599.270,  0.400,1,0,247, 25.000, 14.525,  0.000,-23.077, 13.525, 13.800,  0.000, 14.825, 14.300,  0.525,  0.800,  1.000,  0.800,0.00000,  0.000,
mon_rep231013,2023-10-13T11:21:47,2599.670,  0.400,1,0,247, 25.000, 14.525,  0.000,-23.077, 13.525, 13.800,  0.000, 14.825, 14.300,  0.525,  0.800,  1.000,  0.800,0.00000,  0.000,
mon_rep231013,2023-10-13T11:21:48,2600.070,  0.400,1,0,247, 25.000, 14.525,  0.000,-23.077, 13.525, 13.800,  0.000, 14.825, 14.300,  0.525,  0.800,  1.000,  0.800,0.00000,  0.000,
mon_rep231013,2023-10-13T11:21:48,2600.470,  0.400,1,0,247, 25.000, 14.525,  0.000,-23.077, 13.525, 13.800,  0.000, 14.825, 14.300,  0.525,  0.800,  1.000,  0.800,0.00000,  0.000,
mon_rep231013,2023-10-13T11:21:48,2600.870,  0.400,1,0,247, 25.000, 14.525,  0.000,-23.077, 13.525, 13.800,  0.000, 14.825, 14.300,  0.525,  0.800,  1.000,  0.800,0.00000,  0.000,
mon_rep231013,2023-10-13T11:21:49,2601.270,  0.400,1,0,247, 25.000, 14.525,  0.000,-23.077, 13.525, 13.800,  0.000, 14.825, 14.300,  0.525,  0.800,  1.000,  0.800,0.00000,  0.000,
mon_rep231013,2023-10-13T11:21:49,2601.670,  0.400,1,0,247, 25.000, 14.525,  0.000,-23.077, 13.525, 13.800,  0.000, 14.825, 14.300,  0.525,  0.800,  1.000,  0.800,0.00000,  0.000,
mon_rep231013,2023-10-13T11:21:50,2602.070,  0.400,1,0,247, 25.000, 14.525,  0.000,-23.077, 13.525, 13.800,  0.000, 14.825, 14.300,  0.525,  0.800,  1.000,  0.800,0.00000,  0.000,
mon_rep231013,2023-10-13T11:21:50,2602.470,  0.400,1,0,247, 25.000, 14.525,  0.000,-23.077, 13.525, 13.800,  0.000, 14.825, 14.300,  0.525,  0.800,  1.000,  0.800,0.00000,  0.000,
mon_rep231013,2023-10-13T11:21:50,2602.870,  0.400,1,0,247, 25.000, 14.525,  0.000,-23.077, 13.525, 13.800,  0.000, 14.825, 14.300,  0.525,  0.800,  1.000,  0.800,0.00000,  0.000,
mon_rep231013,2023-10-13T11:21:51,2603.270,  0.400,1,0,247, 25.000, 14.525,  0.000,-23.077, 13.525, 13.800,  0.000, 14.825, 14.300,  0.525,  0.800,  1.000,  0.800,0.00000,  0.000,
mon_rep231013,2023-10-13T11:21:51,2603.670,  0.400,1,0,247, 25.000, 14.525,  0.000,-23.077, 13.525, 13.800,  0.000, 14.825, 14.300,  0.525,  0.800,  1.000,  0.800,0.00000,  0.000,
mon_rep231013,2023-10-13T11:21:52,2604.070,  0.400,1,0,247, 25.000, 14.525,  0.000,-23.077, 13.525, 13.800,  0.000, 14.825, 14.300,  0.525,  0.800,  1.000,  0.800,0.00000,  0.000,
mon_rep231013,2023-10-13T11:21:52,2604.470,  0.400,1,0,247, 25.000, 14.525,  0.000,-23.077, 13.525, 13.800,  0.000, 14.825, 14.300,  0.525,  0.800,  1.000,  0.800,0.00000,  0.000,
mon_rep231013,2023-10-13T11:21:52,2604.870,  0.400,1,0,247, 25.000, 14.525,  0.000,-23.077, 13.525, 13.800,  0.000, 14.825, 14.300,  0.525,  0.800,  1.000,  0.800,0.00000,  0.000,
mon_rep231013,2023-10-13T11:21:53,2605.270,  0.400,1,0,247, 25.000, 14.525,  0.000,-23.077, 13.525, 13.800,  0.000, 14.825, 14.300,  0.525,  0.800,  1.000,  0.800,0.00000,  0.000,
mon_rep231013,2023-10-13T11:21:53,2605.670,  0.400,1,0,247, 25.000, 14.525,  0.000,-23.077, 13.525, 13.800,  0.000, 14.825, 14.300,  0.525,  0.800,  1.000,  0.800,0.00000,  0.000,
mon_rep231013,2023-10-13T11:21:54,2606.070,  0.400,1,0,247, 25.000, 14.525,  0.000,-23.077, 13.525, 13.800,  0.000, 14.825, 14.300,  0.525,  0.800,  1.000,  0.800,0.00000,  0.000,
mon_rep231013,2023-10-13T11:21:54,2606.470,  0.400,1,0,247, 25.000, 14.525,  0.000,-23.077, 13.525, 13.800,  0.000, 14.825, 14.300,  0.525,  0.800,  1.000,  0.800,0.00000,  0.000,
mon_rep231013,2023-10-13T11:21:54,2606.870,  0.400,1,0,247, 25.000, 14.525,  0.000,-23.077, 13.525, 13.800,  0.000, 14.825, 14.300,  0.525,  0.800,  1.000,  0.800,0.00000,  0.000,
mon_rep231013,2023-10-13T11:21:55,2607.270,  0.400,1,0,247, 25.000, 14.525,  0.000,-23.077, 13.525, 13.800,  0.000, 14.825, 14.300,  0.525,  0.800,  1.000,  0.800,0.00000,  0.000,
mon_rep231013,2023-10-13T11:21:55,2607.670,  0.400,1,0,247, 25.000, 14.525,  0.000,-23.077, 13.525, 13.800,  0.000, 14.825, 14.300,  0.525,  0.800,  1.000,  0.800,0.00000,  0.000,
mon_rep231013,2023-10-13T11:21:56,2608.070,  0.400,1,0,247, 25.000, 14.525,  0.000,-23.077, 13.525, 13.800,  0.000, 14.825, 14.300,  0.525,  0.800,  1.000,  0.800,0.00000,  0.000,
mon_rep231013,2023-10-13T11:21:56,2608.470,  0.400,1,0,247, 25.000, 14.525,  0.000,-23.077, 13.525, 13.800,  0.000, 14.825, 14.300,  0.525,  0.800,  1.000,  0.800,0.00000,  0.000,
mon_rep231013,2023-10-13T11:21:56,2608.870,  0.400,1,0,247, 25.000, 14.525,  0.000,-23.077, 13.525, 13.800,  0.000, 14.825, 14.300,  0.525,  0.800,  1.000,  0.800,0.00000,  0.000,
mon_rep231013,2023-10-13T11:21:57,2609.270,  0.400,1,0,247, 25.000, 14.525,  0.000,-23.077, 13.525, 13.800,  0.000, 14.825, 14.300,  0.525,  0.800,  1.000,  0.800,0.00000,  0.000,
mon_rep231013,2023-10-13T11:21:57,2609.670,  0.400,1,0,247, 25.000, 14.525,  0.000,-23.077, 13.525, 13.800,  0.000, 14.825, 14.300,  0.525,  0.800,  1.000,  0.800,0.00000,  0.000,
mon_rep231013,2023-10-13T11:21:58,2610.070,  0.400,1,0,247, 25.000, 14.525,  0.000,-23.077, 13.525, 13.800,  0.000, 14.825, 14.300,  0.525,  0.800,  1.000,  0.800,0.00000,  0.000,
mon_rep231013,2023-10-13T11:21:58,2610.470,  0.400,1,0,247, 25.000, 14.525,  0.000,-23.077, 13.525, 13.800,  0.000, 14.825, 14.300,  0.525,  0.800,  1.000,  0.800,0.00000,  0.000,
mon_rep231013,2023-10-13T11:21:58,2610.870,  0.400,1,0,247, 25.000, 14.525,  0.000,-23.077, 13.525, 13.800,  0.000, 14.825, 14.300,  0.525,  0.800,  1.000,  0.800,0.00000,  0.000,
mon_rep231013,2023-10-13T11:21:59,2611.270,  0.400,1,0,247, 25.000, 14.525,  0.000,-23.077, 13.525, 13.800,  0.000, 14.825, 14.300,  0.525,  0.800,  1.000,  0.800,0.00000,  0.000,
mon_rep231013,2023-10-13T11:21:59,2611.670,  0.400,1,0,247, 25.000, 14.525,  0.000,-23.077, 13.525, 13.800,  0.000, 14.825, 14.300,  0.525,  0.800,  1.000,  0.800,0.00000,  0.000,
mon_rep231013,2023-10-13T11:22:00,2612.070,  0.400,1,0,247, 25.000, 14.525,  0.000,-23.077, 13.525, 13.800,  0.000, 14.825, 14.300,  0.525,  0.800,  1.000,  0.800,0.00000,  0.000,
mon_rep231013,2023-10-13T11:22:00,2612.470,  0.400,1,0,247, 25.000, 14.525,  0.000,-23.077, 13.525, 13.800,  0.000, 14.825, 14.300,  0.525,  0.800,  1.000,  0.800,0.00000,  0.000,
mon_rep231013,2023-10-13T11:22:00,2612.870,  0.400,1,0,247, 25.000, 14.525,  0.000,-23.077, 13.525, 13.800,  0.000, 14.825, 14.300,  0.525,  0.800,  1.000,  0.800,0.00000,  0.000,
mon_rep231013,2023-10-13T11:22:01,2613.270,  0.400,1,0,247, 25.000, 14.525,  0.000,-23.077, 13.525, 13.800,  0.000, 14.825, 14.300,  0.525,  0.800,  1.000,  0.800,0.00000,  0.000,
mon_rep231013,2023-10-13T11:22:01,2613.670,  0.400,1,0,247, 25.000, 14.525,  0.000,-23.077, 13.525, 13.800,  0.000, 14.825, 14.300,  0.525,  0.800,  1.000,  0.800,0.00000,  0.000,
mon_rep231013,2023-10-13T11:22:02,2614.070,  0.400,1,0,247, 25.000, 14.525,  0.000,-23.077, 13.525, 13.800,  0.000, 14.825, 14.300,  0.525,  0.800,  1.000,  0.800,0.00000,  0.000,
mon_rep231013,2023-10-13T11:22:02,2614.470,  0.400,1,0,247, 25.000, 14.525,  0.000,-23.077, 13.525, 13.800,  0.000, 14.825, 14.300,  0.525,  0.800,  1.000,  0.800,0.00000,  0.000,
mon_rep231013,2023-10-13T11:22:02,2614.870,  0.400,1,0,247, 25.000, 14.525,  0.000,-23.077, 13.525, 13.800,  0.000, 14.825, 14.300,  0.525,  0.800,  1.000,  0.800,0.00000,  0.000,
mon_rep231013,2023-10-13T11:22:03,2615.270,  0.400,1,0,247, 25.000, 14.525,  0.000,-23.077, 13.525, 13.800,  0.000, 14.825, 14.300,  0.525,  0.800,  1.000,  0.800,0.00000,  0.000,
mon_rep231013,2023-10-13T11:22:03,2615.670,  0.400,1,0,247, 25.000, 14.525,  0.000,-23.077, 13.525, 13.800,  0.000, 14.825, 14.300,  0.525,  0.800,  1.000,  0.800,0.00000,  0.000,
mon_rep231013,2023-10-13T11:22:04,2616.070,  0.400,1,0,247, 25.000, 14.525,  0.000,-23.077, 13.525, 13.800,  0.000, 14.825, 14.300,  0.525,  0.800,  1.000,  0.800,0.00000,  0.000,
mon_rep231013,2023-10-13T11:22:04,2616.470,  0.400,1,0,247, 25.000, 14.525,  0.000,-23.077, 13.525, 13.800,  0.000, 14.825, 14.300,  0.525,  0.800,  1.000,  0.800,0.00000,  0.000,
mon_rep231013,2023-10-13T11:22:04,2616.870,  0.400,1,0,247, 25.000, 14.525,  0.000,-23.077, 13.525, 13.800,  0.000, 14.825, 14.300,  0.525,  0.800,  1.000,  0.800,0.00000,  0.000,
mon_rep231013,2023-10-13T11:22:05,2617.270,  0.400,1,0,247, 25.000, 14.525,  0.000,-23.077, 13.525, 13.800,  0.000, 14.825, 14.300,  0.525,  0.800,  1.000,  0.800,0.00000,  0.000,
mon_rep231013,2023-10-13T11:22:05,2617.670,  0.400,1,0,247, 25.000, 14.525,  0.000,-23.077, 13.525, 13.800,  0.000, 14.825, 14.300,  0.525,  0.800,  1.000,  0.800,0.00000,  0.000,
mon_rep231013,2023-10-13T11:22:06,2618.070,  0.400,1,0,247, 25.000, 14.525,  0.000,-23.077, 13.525, 13.800,  0.000, 14.825, 14.300,  0.525,  0.800,  1.000,  0.800,0.00000,  0.000,
mon_rep231013,2023-10-13T11:22:06,2618.470,  0.400,1,0,247, 25.000, 14.525,  0.000,-23.077, 13.525, 13.800,  0.000, 14.825, 14.300,  0.525,  0.800,  1.000,  0.800,0.00000,  0.000,
mon_rep231013,2023-10-13T11:22:06,2618.870,  0.400,1,0,247, 25.000, 14.525,  0.000,-23.077, 13.525, 13.800,  0.000, 14.825, 14.300,  0.525,  0.800,  1.000,  0.800,0.00000,  0.000,
mon_rep231013,2023-10-13T11:22:07,2619.270,  0.400,1,0,247, 25.000, 14.525,  0.000,-23.077, 13.525, 13.800,  0.000, 14.825, 14.300,  0.525,  0.800,  1.000,  0.800,0.00000,  0.000,
mon_rep231013,2023-10-13T11:22:07,2619.670,  0.400,1,0,247, 25.000, 14.525,  0.000,-23.077, 13.525, 13.800,  0.000, 14.825, 14.300,  0.525,  0.800,  1.000,  0.800,0.00000,  0.000,
mon_rep231013,2023-10-13T11:22:08,2620.070,  0.400,1,0,247, 25.000, 14.525,  0.000,-23.077, 13.525, 13.800,  0.000, 14.825, 14.300,  0.525,  0.800,  1.000,  0.800,0.00000,  0.000,
mon_rep231013,2023-10-13T11:22:08,2620.470,  0.400,1,0,247, 25.000, 14.525,  0.000,-23.077, 13.525, 13.800,  0.000, 14.825, 14.300,  0.525,  0.800,  1.000,  0.800,0.00000,  0.000,
mon_rep231013,2023-10-13T11:22:08,2620.870,  0.400,1,0,247, 25.000, 14.525,  0.000,-23.077, 13.525, 13.800,  0.000, 14.825, 14.300,  0.525,  0.800,  1.000,  0.800,0.00000,  0.000,
mon_rep231013,2023-10-13T11:22:09,2621.270,  0.400,1,0,247, 25.000, 14.525,  0.000,-23.077, 13.525, 13.800,  0.000, 14.825, 14.300,  0.525,  0.800,  1.000,  0.800,0.00000,  0.000,
mon_rep231013,2023-10-13T11:22:09,2621.670,  0.400,1,0,247, 25.000, 14.525,  0.000,-23.077, 13.525, 13.800,  0.000, 14.825, 14.300,  0.525,  0.800,  1.000,  0.800,0.00000,  0.000,
mon_rep231013,2023-10-13T11:22:10,2622.070,  0.400,1,0,247, 25.000, 14.525,  0.000,-23.077, 13.525, 13.800,  0.000, 14.825, 14.300,  0.525,  0.800,  1.000,  0.800,0.00000,  0.000,
mon_rep231013,2023-10-13T11:22:10,2622.470,  0.400,1,0,247, 25.000, 14.525,  0.000,-23.077, 13.525, 13.800,  0.000, 14.825, 14.300,  0.525,  0.800,  1.000,  0.800,0.00000,  0.000,
mon_rep231013,2023-10-13T11:22:10,2622.870,  0.400,1,0,247, 25.000, 14.525,  0.000,-23.077, 13.525, 13.800,  0.000, 14.825, 14.300,  0.525,  0.800,  1.000,  0.800,0.00000,  0.000,
mon_rep231013,2023-10-13T11:22:11,2623.270,  0.400,1,0,247, 25.000, 14.525,  0.000,-23.077, 13.525, 13.800,  0.000, 14.825, 14.300,  0.525,  0.800,  1.000,  0.800,0.00000,  0.000,
mon_rep231013,2023-10-13T11:22:11,2623.670,  0.400,1,0,247, 25.000, 14.525,  0.000,-23.077, 13.525, 13.800,  0.000, 14.825, 14.300,  0.525,  0.800,  1.000,  0.800,0.00000,  0.000,
mon_rep231013,2023-10-13T11:22:12,2624.070,  0.400,1,0,247, 25.000, 14.525,  0.000,-23.077, 13.525, 13.800,  0.000, 14.825, 14.300,  0.525,  0.800,  1.000,  0.800,0.00000,  0.000,
mon_rep231013,2023-10-13T11:22:12,2624.470,  0.400,1,0,247, 25.000, 14.525,  0.000,-23.077, 13.525, 13.800,  0.000, 14.825, 14.300,  0.525,  0.800,  1.000,  0.800,0.00000,  0.000,
mon_rep231013,2023-10-13T11:22:12,2624.870,  0.400,1,0,247, 25.000, 14.525,  0.000,-23.077, 13.525, 13.800,  0.000, 14.825, 14.300,  0.525,  0.800,  1.000,  0.800,0.00000,  0.000,
mon_rep231013,2023-10-13T11:22:13,2625.270,  0.400,1,0,247, 25.000, 14.525,  0.000,-23.077, 13.525, 13.800,  0.000, 14.825, 14.300,  0.525,  0.800,  1.000,  0.800,0.00000,  0.000,
mon_rep231013,2023-10-13T11:22:13,2625.670,  0.400,1,0,247, 25.000, 14.525,  0.000,-23.077, 13.525, 13.800,  0.000, 14.825, 14.300,  0.525,  0.800,  1.000,  0.800,0.00000,  0.000,
mon_rep231013,2023-10-13T11:22:14,2626.070,  0.400,1,0,247, 25.000, 14.525,  0.000,-23.077, 13.525, 13.800,  0.000, 14.825, 14.300,  0.525,  0.800,  1.000,  0.800,0.00000,  0.000,
mon_rep231013,2023-10-13T11:22:14,2626.470,  0.400,1,0,247, 25.000, 14.525,  0.000,-23.077, 13.525, 13.800,  0.000, 14.825, 14.300,  0.525,  0.800,  1.000,  0.800,0.00000,  0.000,
mon_rep231013,2023-10-13T11:22:14,2626.870,  0.400,1,0,247, 25.000, 14.525,  0.000,-23.077, 13.525, 13.800,  0.000, 14.825, 14.300,  0.525,  0.800,  1.000,  0.800,0.00000,  0.000,
mon_rep231013,2023-10-13T11:22:15,2627.270,  0.400,1,0,247, 25.000, 14.525,  0.000,-23.077, 13.525, 13.800,  0.000, 14.825, 14.300,  0.525,  0.800,  1.000,  0.800,0.00000,  0.000,
mon_rep231013,2023-10-13T11:22:15,2627.670,  0.400,1,0,247, 25.000, 14.525,  0.000,-23.077, 13.525, 13.800,  0.000, 14.825, 14.300,  0.525,  0.800,  1.000,  0.800,0.00000,  0.000,
mon_rep231013,2023-10-13T11:22:16,2628.070,  0.400,1,0,247, 25.000, 14.525,  0.000,-23.077, 13.525, 13.800,  0.000, 14.825, 14.300,  0.525,  0.800,  1.000,  0.800,0.00000,  0.000,
mon_rep231013,2023-10-13T11:22:16,2628.470,  0.400,1,0,247, 25.000, 14.525,  0.000,-23.077, 13.525, 13.800,  0.000, 14.825, 14.300,  0.525,  0.800,  1.000,  0.800,0.00000,  0.000,
mon_rep231013,2023-10-13T11:22:16,2628.870,  0.400,1,0,247, 25.000, 14.525,  0.000,-23.077, 13.525, 13.800,  0.000, 14.825, 14.300,  0.525,  0.800,  1.000,  0.800,0.00000,  0.000,
mon_rep231013,2023-10-13T11:22:17,2629.270,  0.400,1,0,247, 25.000, 14.525,  0.000,-23.077, 13.525, 13.800,  0.000, 14.825, 14.300,  0.525,  0.800,  1.000,  0.800,0.00000,  0.000,
mon_rep231013,2023-10-13T11:22:17,2629.670,  0.400,1,0,247, 25.000, 14.525,  0.000,-23.077, 13.525, 13.800,  0.000, 14.825, 14.300,  0.525,  0.800,  1.000,  0.800,0.00000,  0.000,
mon_rep231013,2023-10-13T11:22:18,2630.070,  0.400,1,0,247, 25.000, 14.525,  0.000,-23.077, 13.525, 13.800,  0.000, 14.825, 14.300,  0.525,  0.800,  1.000,  0.800,0.00000,  0.000,
mon_rep231013,2023-10-13T11:22:18,2630.470,  0.400,1,0,247, 25.000, 14.525,  0.000,-23.077, 13.525, 13.800,  0.000, 14.825, 14.300,  0.525,  0.800,  1.000,  0.800,0.00000,  0.000,
mon_rep231013,2023-10-13T11:22:18,2630.870,  0.400,1,0,247, 25.000, 14.525,  0.000,-23.077, 13.525, 13.800,  0.000, 14.825, 14.300,  0.525,  0.800,  1.000,  0.800,0.00000,  0.000,
mon_rep231013,2023-10-13T11:22:19,2631.270,  0.400,1,0,247, 25.000, 14.525,  0.000,-23.077, 13.525, 13.800,  0.000, 14.825, 14.300,  0.525,  0.800,  1.000,  0.800,0.00000,  0.000,
mon_rep231013,2023-10-13T11:22:19,2631.670,  0.400,1,0,247, 25.000, 14.525,  0.000,-23.077, 13.525, 13.800,  0.000, 14.825, 14.300,  0.525,  0.800,  1.000,  0.800,0.00000,  0.000,
mon_rep231013,2023-10-13T11:22:20,2632.070,  0.400,1,0,247, 25.000, 14.525,  0.000,-23.077, 13.525, 13.800,  0.000, 14.825, 14.300,  0.525,  0.800,  1.000,  0.800,0.00000,  0.000,
mon_rep231013,2023-10-13T11:22:20,2632.470,  0.400,1,0,247, 25.000, 14.525,  0.000,-23.077, 13.525, 13.800,  0.000, 14.825, 14.300,  0.525,  0.800,  1.000,  0.800,0.00000,  0.000,
mon_rep231013,2023-10-13T11:22:20,2632.870,  0.400,1,0,247, 25.000, 14.525,  0.000,-23.077, 13.525, 13.800,  0.000, 14.825, 14.300,  0.525,  0.800,  1.000,  0.800,0.00000,  0.000,
mon_rep231013,2023-10-13T11:22:21,2633.270,  0.400,1,0,247, 25.000, 14.525,  0.000,-23.077, 13.525, 13.800,  0.000, 14.825, 14.300,  0.525,  0.800,  1.000,  0.800,0.00000,  0.000,
mon_rep231013,2023-10-13T11:22:21,2633.670,  0.400,1,0,247, 25.000, 14.525,  0.000,-23.077, 13.525, 13.800,  0.000, 14.825, 14.300,  0.525,  0.800,  1.000,  0.800,0.00000,  0.000,
mon_rep231013,2023-10-13T11:22:22,2634.070,  0.400,1,0,247, 25.000, 14.525,  0.000,-23.077, 13.525, 13.800,  0.000, 14.825, 14.300,  0.525,  0.800,  1.000,  0.800,0.00000,  0.000,
mon_rep231013,2023-10-13T11:22:22,2634.470,  0.400,1,0,247, 25.000, 14.525,  0.000,-23.077, 13.525, 13.800,  0.000, 14.825, 14.300,  0.525,  0.800,  1.000,  0.800,0.00000,  0.000,
mon_rep231013,2023-10-13T11:22:22,2634.870,  0.400,1,0,247, 25.000, 14.525,  0.000,-23.077, 13.525, 13.800,  0.000, 14.825, 14.300,  0.525,  0.800,  1.000,  0.800,0.00000,  0.000,
mon_rep231013,2023-10-13T11:22:23,2635.270,  0.400,1,0,247, 25.000, 14.525,  0.000,-23.077, 13.525, 13.800,  0.000, 14.825, 14.300,  0.525,  0.800,  1.000,  0.800,0.00000,  0.000,
mon_rep231013,2023-10-13T11:22:23,2635.670,  0.400,1,0,247, 25.000, 14.525,  0.000,-23.077, 13.525, 13.800,  0.000, 14.825, 14.300,  0.525,  0.800,  1.000,  0.800,0.00000,  0.000,
mon_rep231013,2023-10-13T11:22:24,2636.070,  0.400,1,0,247, 25.000, 14.525,  0.000,-23.077, 13.525, 13.800,  0.000, 14.825, 14.300,  0.525,  0.800,  1.000,  0.800,0.00000,  0.000,
mon_rep231013,2023-10-13T11:22:24,2636.470,  0.400,1,0,247, 25.000, 14.525,  0.000,-23.077, 13.525, 13.800,  0.000, 14.825, 14.300,  0.525,  0.800,  1.000,  0.800,0.00000,  0.000,
mon_rep231013,2023-10-13T11:22:24,2636.870,  0.400,1,0,247, 25.000, 14.525,  0.000,-23.077, 13.525, 13.800,  0.000, 14.825, 14.300,  0.525,  0.800,  1.000,  0.800,0.00000,  0.000,
mon_rep231013,2023-10-13T11:22:25,2637.270,  0.400,1,0,247, 25.000, 14.525,  0.000,-23.077, 13.525, 13.800,  0.000, 14.825, 14.300,  0.525,  0.800,  1.000,  0.800,0.00000,  0.000,
mon_rep231013,2023-10-13T11:22:25,2637.670,  0.400,1,0,247, 25.000, 14.525,  0.000,-23.077, 13.525, 13.800,  0.000, 14.825, 14.300,  0.525,  0.800,  1.000,  0.800,0.00000,  0.000,
mon_rep231013,2023-10-13T11:22:26,2638.070,  0.400,1,0,247, 25.000, 14.525,  0.000,-23.077, 13.525, 13.800,  0.000, 14.825, 14.300,  0.525,  0.800,  1.000,  0.800,0.00000,  0.000,
mon_rep231013,2023-10-13T11:22:26,2638.470,  0.400,1,0,247, 25.000, 14.525,  0.000,-23.077, 13.525, 13.800,  0.000, 14.825, 14.300,  0.525,  0.800,  1.000,  0.800,0.00000,  0.000,
mon_rep231013,2023-10-13T11:22:26,2638.870,  0.400,1,0,247, 25.000, 14.525,  0.000,-23.077, 13.525, 13.800,  0.000, 14.825, 14.300,  0.525,  0.800,  1.000,  0.800,0.00000,  0.000,
mon_rep231013,2023-10-13T11:22:27,2639.270,  0.400,1,0,247, 25.000, 14.525,  0.000,-23.077, 13.525, 13.800,  0.000, 14.825, 14.300,  0.525,  0.800,  1.000,  0.800,0.00000,  0.000,
mon_rep231013,2023-10-13T11:22:27,2639.670,  0.400,1,0,247, 25.000, 14.525,  0.000,-23.077, 13.525, 13.800,  0.000, 14.825, 14.300,  0.525,  0.800,  1.000,  0.800,0.00000,  0.000,
mon_rep231013,2023-10-13T11:22:28,2640.070,  0.400,1,0,247, 25.000, 14.525,  0.000,-23.077, 13.525, 13.800,  0.000, 14.825, 14.300,  0.525,  0.800,  1.000,  0.800,0.00000,  0.000,
mon_rep231013,2023-10-13T11:22:28,2640.470,  0.400,1,0,247, 25.000, 14.525,  0.000,-23.077, 13.525, 13.800,  0.000, 14.825, 14.300,  0.525,  0.800,  1.000,  0.800,0.00000,  0.000,
mon_rep231013,2023-10-13T11:22:28,2640.870,  0.400,1,0,247, 25.000, 14.525,  0.000,-23.077, 13.525, 13.800,  0.000, 14.825, 14.300,  0.525,  0.800,  1.000,  0.800,0.00000,  0.000,
mon_rep231013,2023-10-13T11:22:29,2641.270,  0.400,1,0,247, 25.000, 14.525,  0.000,-23.077, 13.525, 13.800,  0.000, 14.825, 14.300,  0.525,  0.800,  1.000,  0.800,0.00000,  0.000,
mon_rep231013,2023-10-13T11:22:29,2641.670,  0.400,1,0,247, 25.000, 14.525,  0.000,-23.077, 13.525, 13.800,  0.000, 14.825, 14.300,  0.525,  0.800,  1.000,  0.800,0.00000,  0.000,
mon_rep231013,2023-10-13T11:22:30,2642.070,  0.400,1,0,247, 25.000, 14.525,  0.000,-23.077, 13.525, 13.800,  0.000, 14.825, 14.300,  0.525,  0.800,  1.000,  0.800,0.00000,  0.000,
mon_rep231013,2023-10-13T11:22:30,2642.470,  0.400,1,0,247, 25.000, 14.525,  0.000,-23.077, 13.525, 13.800,  0.000, 14.825, 14.300,  0.525,  0.800,  1.000,  0.800,0.00000,  0.000,
mon_rep231013,2023-10-13T11:22:30,2642.870,  0.400,1,0,247, 25.000, 14.525,  0.000,-23.077, 13.525, 13.800,  0.000, 14.825, 14.300,  0.525,  0.800,  1.000,  0.800,0.00000,  0.000,
mon_rep231013,2023-10-13T11:22:31,2643.270,  0.400,1,0,247, 25.000, 14.525,  0.000,-23.077, 13.525, 13.800,  0.000, 14.825, 14.300,  0.525,  0.800,  1.000,  0.800,0.00000,  0.000,
mon_rep231013,2023-10-13T11:22:31,2643.670,  0.400,1,0,247, 25.000, 14.525,  0.000,-23.077, 13.525, 13.800,  0.000, 14.825, 14.300,  0.525,  0.800,  1.000,  0.800,0.00000,  0.000,
mon_rep231013,2023-10-13T11:22:32,2644.070,  0.400,1,0,247, 25.000, 14.525,  0.000,-23.077, 13.525, 13.800,  0.000, 14.825, 14.300,  0.525,  0.800,  1.000,  0.800,0.00000,  0.000,
mon_rep231013,2023-10-13T11:22:32,2644.470,  0.400,1,0,247, 25.000, 14.525,  0.000,-23.077, 13.525, 13.800,  0.000, 14.825, 14.300,  0.525,  0.800,  1.000,  0.800,0.00000,  0.000,
mon_rep231013,2023-10-13T11:22:32,2644.870,  0.400,1,0,247, 25.000, 14.525,  0.000,-23.077, 13.525, 13.800,  0.000, 14.825, 14.300,  0.525,  0.800,  1.000,  0.800,0.00000,  0.000,
mon_rep231013,2023-10-13T11:22:33,2645.270,  0.400,1,0,247, 25.000, 14.525,  0.000,-23.077, 13.525, 13.800,  0.000, 14.825, 14.300,  0.525,  0.800,  1.000,  0.800,0.00000,  0.000,
mon_rep231013,2023-10-13T11:22:33,2645.670,  0.400,1,0,247, 25.000, 14.525,  0.000,-23.077, 13.525, 13.800,  0.000, 14.825, 14.300,  0.525,  0.800,  1.000,  0.800,0.00000,  0.000,
mon_rep231013,2023-10-13T11:22:34,2646.070,  0.400,1,0,247, 25.000, 14.525,  0.000,-23.077, 13.525, 13.800,  0.000, 14.825, 14.300,  0.525,  0.800,  1.000,  0.800,0.00000,  0.000,
mon_rep231013,2023-10-13T11:22:34,2646.470,  0.400,1,0,247, 25.000, 14.525,  0.000,-23.077, 13.525, 13.800,  0.000, 14.825, 14.300,  0.525,  0.800,  1.000,  0.800,0.00000,  0.000,
mon_rep231013,2023-10-13T11:22:34,2646.870,  0.400,1,0,247, 25.000, 14.525,  0.000,-23.077, 13.525, 13.800,  0.000, 14.825, 14.300,  0.525,  0.800,  1.000,  0.800,0.00000,  0.000,
mon_rep231013,2023-10-13T11:22:35,2647.270,  0.400,1,0,247, 25.000, 14.525,  0.000,-23.077, 13.525, 13.800,  0.000, 14.825, 14.300,  0.525,  0.800,  1.000,  0.800,0.00000,  0.000,
mon_rep231013,2023-10-13T11:22:35,2647.670,  0.400,1,0,247, 25.000, 14.525,  0.000,-23.077, 13.525, 13.800,  0.000, 14.825, 14.300,  0.525,  0.800,  1.000,  0.800,0.00000,  0.000,
mon_rep231013,2023-10-13T11:22:36,2648.070,  0.400,1,0,247, 25.000, 14.525,  0.000,-23.077, 13.525, 13.800,  0.000, 14.825, 14.300,  0.525,  0.800,  1.000,  0.800,0.00000,  0.000,
mon_rep231013,2023-10-13T11:22:36,2648.470,  0.400,1,0,247, 25.000, 14.525,  0.000,-23.077, 13.525, 13.800,  0.000, 14.825, 14.300,  0.525,  0.800,  1.000,  0.800,0.00000,  0.000,
mon_rep231013,2023-10-13T11:22:36,2648.870,  0.400,1,0,247, 25.000, 14.525,  0.000,-23.077, 13.525, 13.800,  0.000, 14.825, 14.300,  0.525,  0.800,  1.000,  0.800,0.00000,  0.000,
mon_rep231013,2023-10-13T11:22:37,2649.270,  0.400,1,0,247, 25.000, 14.525,  0.000,-23.077, 13.525, 13.800,  0.000, 14.825, 14.300,  0.525,  0.800,  1.000,  0.800,0.00000,  0.000,
mon_rep231013,2023-10-13T11:22:37,2649.670,  0.400,1,0,247, 25.000, 14.525,  0.000,-23.077, 13.525, 13.800,  0.000, 14.825, 14.300,  0.525,  0.800,  1.000,  0.800,0.00000,  0.000,
mon_rep231013,2023-10-13T11:22:38,2650.070,  0.400,1,0,247, 25.000, 14.525,  0.000,-23.077, 13.525, 13.800,  0.000, 14.825, 14.300,  0.525,  0.800,  1.000,  0.800,0.00000,  0.000,
mon_rep231013,2023-10-13T11:22:38,2650.470,  0.400,1,0,247, 25.000, 14.525,  0.000,-23.077, 13.525, 13.800,  0.000, 14.825, 14.300,  0.525,  0.800,  1.000,  0.800,0.00000,  0.000,
mon_rep231013,2023-10-13T11:22:38,2650.870,  0.400,1,0,247, 25.000, 14.525,  0.000,-23.077, 13.525, 13.800,  0.000, 14.825, 14.300,  0.525,  0.800,  1.000,  0.800,0.00000,  0.000,
mon_rep231013,2023-10-13T11:22:39,2651.270,  0.400,1,0,247, 25.000, 14.525,  0.000,-23.077, 13.525, 13.800,  0.000, 14.825, 14.300,  0.525,  0.800,  1.000,  0.800,0.00000,  0.000,
mon_rep231013,2023-10-13T11:22:39,2651.670,  0.400,1,0,247, 25.000, 14.525,  0.000,-23.077, 13.525, 13.800,  0.000, 14.825, 14.300,  0.525,  0.800,  1.000,  0.800,0.00000,  0.000,
mon_rep231013,2023-10-13T11:22:40,2652.070,  0.400,1,0,247, 25.000, 14.525,  0.000,-23.077, 13.525, 13.800,  0.000, 14.825, 14.300,  0.525,  0.800,  1.000,  0.800,0.00000,  0.000,
mon_rep231013,2023-10-13T11:22:40,2652.470,  0.400,1,0,247, 25.000, 14.525,  0.000,-23.077, 13.525, 13.800,  0.000, 14.825, 14.300,  0.525,  0.800,  1.000,  0.800,0.00000,  0.000,
mon_rep231013,2023-10-13T11:22:40,2652.870,  0.400,1,0,247, 25.000, 14.525,  0.000,-23.077, 13.525, 13.800,  0.000, 14.825, 14.300,  0.525,  0.800,  1.000,  0.800,0.00000,  0.000,
mon_rep231013,2023-10-13T11:22:41,2653.270,  0.400,1,0,247, 25.000, 14.525,  0.000,-23.077, 13.525, 13.800,  0.000, 14.825, 14.300,  0.525,  0.800,  1.000,  0.800,0.00000,  0.000,
mon_rep231013,2023-10-13T11:22:41,2653.670,  0.400,1,0,247, 25.000, 14.525,  0.000,-23.077, 13.525, 13.800,  0.000, 14.825, 14.300,  0.525,  0.800,  1.000,  0.800,0.00000,  0.000,
mon_rep231013,2023-10-13T11:22:42,2654.070,  0.400,1,0,247, 25.000, 14.525,  0.000,-23.077, 13.525, 13.800,  0.000, 14.825, 14.300,  0.525,  0.800,  1.000,  0.800,0.00000,  0.000,
mon_rep231013,2023-10-13T11:22:42,2654.470,  0.400,1,0,247, 25.000, 14.525,  0.000,-23.077, 13.525, 13.800,  0.000, 14.825, 14.300,  0.525,  0.800,  1.000,  0.800,0.00000,  0.000,
mon_rep231013,2023-10-13T11:22:42,2654.870,  0.400,1,0,247, 25.000, 14.525,  0.000,-23.077, 13.525, 13.800,  0.000, 14.825, 14.300,  0.525,  0.800,  1.000,  0.800,0.00000,  0.000,
mon_rep231013,2023-10-13T11:22:43,2655.270,  0.400,1,0,247, 25.000, 14.525,  0.000,-23.077, 13.525, 13.800,  0.000, 14.825, 14.300,  0.525,  0.800,  1.000,  0.800,0.00000,  0.000,
mon_rep231013,2023-10-13T11:22:43,2655.670,  0.400,1,0,247, 25.000, 14.525,  0.000,-23.077, 13.525, 13.800,  0.000, 14.825, 14.300,  0.525,  0.800,  1.000,  0.800,0.00000,  0.000,
mon_rep231013,2023-10-13T11:22:44,2656.070,  0.400,1,0,247, 25.000, 14.525,  0.000,-23.077, 13.525, 13.800,  0.000, 14.825, 14.300,  0.525,  0.800,  1.000,  0.800,0.00000,  0.000,
mon_rep231013,2023-10-13T11:22:44,2656.470,  0.400,1,0,247, 25.000, 14.525,  0.000,-23.077, 13.525, 13.800,  0.000, 14.825, 14.300,  0.525,  0.800,  1.000,  0.800,0.00000,  0.000,
mon_rep231013,2023-10-13T11:22:44,2656.870,  0.400,1,0,247, 25.000, 14.525,  0.000,-23.077, 13.525, 13.800,  0.000, 14.825, 14.300,  0.525,  0.800,  1.000,  0.800,0.00000,  0.000,
mon_rep231013,2023-10-13T11:22:45,2657.270,  0.400,1,0,247, 25.000, 14.525,  0.000,-23.077, 13.525, 13.800,  0.000, 14.825, 14.300,  0.525,  0.800,  1.000,  0.800,0.00000,  0.000,
mon_rep231013,2023-10-13T11:22:45,2657.670,  0.400,1,0,247, 25.000, 14.525,  0.000,-23.077, 13.525, 13.800,  0.000, 14.825, 14.300,  0.525,  0.800,  1.000,  0.800,0.00000,  0.000,
mon_rep231013,2023-10-13T11:22:46,2658.070,  0.400,1,0,247, 25.000, 14.525,  0.000,-23.077, 13.525, 13.800,  0.000, 14.825, 14.300,  0.525,  0.800,  1.000,  0.800,0.00000,  0.000,
mon_rep231013,2023-10-13T11:22:46,2658.470,  0.400,1,0,247, 25.000, 14.525,  0.000,-23.077, 13.525, 13.800,  0.000, 14.825, 14.300,  0.525,  0.800,  1.000,  0.800,0.00000,  0.000,
mon_rep231013,2023-10-13T11:22:46,2658.870,  0.400,1,0,247, 25.000, 14.525,  0.000,-23.077, 13.525, 13.800,  0.000, 14.825, 14.300,  0.525,  0.800,  1.000,  0.800,0.00000,  0.000,
mon_rep231013,2023-10-13T11:22:47,2659.270,  0.400,1,0,247, 25.000, 14.525,  0.000,-23.077, 13.525, 13.800,  0.000, 14.825, 14.300,  0.525,  0.800,  1.000,  0.800,0.00000,  0.000,
mon_rep231013,2023-10-13T11:22:47,2659.670,  0.400,1,0,247, 25.000, 14.525,  0.000,-23.077, 13.525, 13.800,  0.000, 14.825, 14.300,  0.525,  0.800,  1.000,  0.800,0.00000,  0.000,
mon_rep231013,2023-10-13T11:22:48,2660.070,  0.400,1,0,247, 25.000, 14.525,  0.000,-23.077, 13.525, 13.800,  0.000, 14.825, 14.300,  0.525,  0.800,  1.000,  0.800,0.00000,  0.000,
mon_rep231013,2023-10-13T11:22:48,2660.470,  0.400,1,0,247, 25.000, 14.525,  0.000,-23.077, 13.525, 13.800,  0.000, 14.825, 14.300,  0.525,  0.800,  1.000,  0.800,0.00000,  0.000,
mon_rep231013,2023-10-13T11:22:48,2660.870,  0.400,1,0,247, 25.000, 14.525,  0.000,-23.077, 13.525, 13.800,  0.000, 14.825, 14.300,  0.525,  0.800,  1.000,  0.800,0.00000,  0.000,
mon_rep231013,2023-10-13T11:22:49,2661.270,  0.400,1,0,247, 25.000, 14.525,  0.000,-23.077, 13.525, 13.800,  0.000, 14.825, 14.300,  0.525,  0.800,  1.000,  0.800,0.00000,  0.000,
mon_rep231013,2023-10-13T11:22:49,2661.670,  0.400,1,0,247, 25.000, 14.525,  0.000,-23.077, 13.525, 13.800,  0.000, 14.825, 14.300,  0.525,  0.800,  1.000,  0.800,0.00000,  0.000,
mon_rep231013,2023-10-13T11:22:50,2662.070,  0.400,1,0,247, 25.000, 14.525,  0.000,-23.077, 13.525, 13.800,  0.000, 14.825, 14.300,  0.525,  0.800,  1.000,  0.800,0.00000,  0.000,
mon_rep231013,2023-10-13T11:22:50,2662.470,  0.400,1,0,247, 25.000, 14.525,  0.000,-23.077, 13.525, 13.800,  0.000, 14.825, 14.300,  0.525,  0.800,  1.000,  0.800,0.00000,  0.000,
mon_rep231013,2023-10-13T11:22:50,2662.870,  0.400,1,0,247, 25.000, 14.525,  0.000,-23.077, 13.525, 13.800,  0.000, 14.825, 14.300,  0.525,  0.800,  1.000,  0.800,0.00000,  0.000,
mon_rep231013,2023-10-13T11:22:51,2663.270,  0.400,1,0,247, 25.000, 14.525,  0.000,-23.077, 13.525, 13.800,  0.000, 14.825, 14.300,  0.525,  0.800,  1.000,  0.800,0.00000,  0.000,
mon_rep231013,2023-10-13T11:22:51,2663.670,  0.400,1,0,247, 25.000, 14.525,  0.000,-23.077, 13.525, 13.800,  0.000, 14.825, 14.300,  0.525,  0.800,  1.000,  0.800,0.00000,  0.000,
mon_rep231013,2023-10-13T11:22:52,2664.070,  0.400,1,0,247, 25.000, 14.525,  0.000,-23.077, 13.525, 13.800,  0.000, 14.825, 14.300,  0.525,  0.800,  1.000,  0.800,0.00000,  0.000,
mon_rep231013,2023-10-13T11:22:52,2664.470,  0.400,1,0,247, 25.000, 14.525,  0.000,-23.077, 13.525, 13.800,  0.000, 14.825, 14.300,  0.525,  0.800,  1.000,  0.800,0.00000,  0.000,
mon_rep231013,2023-10-13T11:22:52,2664.870,  0.400,1,0,247, 25.000, 14.525,  0.000,-23.077, 13.525, 13.800,  0.000, 14.825, 14.300,  0.525,  0.800,  1.000,  0.800,0.00000,  0.000,
mon_rep231013,2023-10-13T11:22:53,2665.270,  0.400,1,0,247, 25.000, 14.525,  0.000,-23.077, 13.525, 13.800,  0.000, 14.825, 14.300,  0.525,  0.800,  1.000,  0.800,0.00000,  0.000,
mon_rep231013,2023-10-13T11:22:53,2665.670,  0.400,1,0,247, 25.000, 14.525,  0.000,-23.077, 13.525, 13.800,  0.000, 14.825, 14.300,  0.525,  0.800,  1.000,  0.800,0.00000,  0.000,
mon_rep231013,2023-10-13T11:22:54,2666.070,  0.400,1,0,247, 25.000, 14.525,  0.000,-23.077, 13.525, 13.800,  0.000, 14.825, 14.300,  0.525,  0.800,  1.000,  0.800,0.00000,  0.000,
mon_rep231013,2023-10-13T11:22:54,2666.470,  0.400,1,0,247, 25.000, 14.525,  0.000,-23.077, 13.525, 13.800,  0.000, 14.825, 14.300,  0.525,  0.800,  1.000,  0.800,0.00000,  0.000,
mon_rep231013,2023-10-13T11:22:54,2666.870,  0.400,1,0,247, 25.000, 14.525,  0.000,-23.077, 13.525, 13.800,  0.000, 14.825, 14.300,  0.525,  0.800,  1.000,  0.800,0.00000,  0.000,
mon_rep231013,2023-10-13T11:22:55,2667.270,  0.400,1,0,247, 25.000, 14.525,  0.000,-23.077, 13.525, 13.800,  0.000, 14.825, 14.300,  0.525,  0.800,  1.000,  0.800,0.00000,  0.000,
mon_rep231013,2023-10-13T11:22:55,2667.670,  0.400,1,0,247, 25.000, 14.525,  0.000,-23.077, 13.525, 13.800,  0.000, 14.825, 14.300,  0.525,  0.800,  1.000,  0.800,0.00000,  0.000,
mon_rep231013,2023-10-13T11:22:56,2668.070,  0.400,1,0,247, 25.000, 14.525,  0.000,-23.077, 13.525, 13.800,  0.000, 14.825, 14.300,  0.525,  0.800,  1.000,  0.800,0.00000,  0.000,
mon_rep231013,2023-10-13T11:22:56,2668.470,  0.400,1,0,247, 25.000, 14.525,  0.000,-23.077, 13.525, 13.800,  0.000, 14.825, 14.300,  0.525,  0.800,  1.000,  0.800,0.00000,  0.000,
mon_rep231013,2023-10-13T11:22:56,2668.870,  0.400,1,0,247, 25.000, 14.525,  0.000,-23.077, 13.525, 13.800,  0.000, 14.825, 14.300,  0.525,  0.800,  1.000,  0.800,0.00000,  0.000,
mon_rep231013,2023-10-13T11:22:57,2669.270,  0.400,1,0,247, 25.000, 14.525,  0.000,-23.077, 13.525, 13.800,  0.000, 14.825, 14.300,  0.525,  0.800,  1.000,  0.800,0.00000,  0.000,
mon_rep231013,2023-10-13T11:22:57,2669.670,  0.400,1,0,247, 25.000, 14.525,  0.000,-23.077, 13.525, 13.800,  0.000, 14.825, 14.300,  0.525,  0.800,  1.000,  0.800,0.00000,  0.000,
mon_rep231013,2023-10-13T11:22:58,2670.070,  0.400,1,0,247, 25.000, 14.525,  0.000,-23.077, 13.525, 13.800,  0.000, 14.825, 14.300,  0.525,  0.800,  1.000,  0.800,0.00000,  0.000,
mon_rep231013,2023-10-13T11:22:58,2670.470,  0.400,1,0,247, 25.000, 14.525,  0.000,-23.077, 13.525, 13.800,  0.000, 14.825, 14.300,  0.525,  0.800,  1.000,  0.800,0.00000,  0.000,
mon_rep231013,2023-10-13T11:22:58,2670.870,  0.400,1,0,247, 25.000, 14.525,  0.000,-23.077, 13.525, 13.800,  0.000, 14.825, 14.300,  0.525,  0.800,  1.000,  0.800,0.00000,  0.000,
mon_rep231013,2023-10-13T11:22:59,2671.270,  0.400,1,0,247, 25.000, 14.525,  0.000,-23.077, 13.525, 13.800,  0.000, 14.825, 14.300,  0.525,  0.800,  1.000,  0.800,0.00000,  0.000,
mon_rep231013,2023-10-13T11:22:59,2671.670,  0.400,1,0,247, 25.000, 14.525,  0.000,-23.077, 13.525, 13.800,  0.000, 14.825, 14.300,  0.525,  0.800,  1.000,  0.800,0.00000,  0.000,
mon_rep231013,2023-10-13T11:23:00,2672.070,  0.400,1,0,247, 25.000, 14.525,  0.000,-23.077, 13.525, 13.800,  0.000, 14.825, 14.300,  0.525,  0.800,  1.000,  0.800,0.00000,  0.000,
mon_rep231013,2023-10-13T11:23:00,2672.470,  0.400,1,0,247, 25.000, 14.525,  0.000,-23.077, 13.525, 13.800,  0.000, 14.825, 14.300,  0.525,  0.800,  1.000,  0.800,0.00000,  0.000,
mon_rep231013,2023-10-13T11:23:00,2672.870,  0.400,1,0,247, 25.000, 14.525,  0.000,-23.077, 13.525, 13.800,  0.000, 14.825, 14.300,  0.525,  0.800,  1.000,  0.800,0.00000,  0.000,
mon_rep231013,2023-10-13T11:23:01,2673.270,  0.400,1,0,247, 25.000, 14.525,  0.000,-23.077, 13.525, 13.800,  0.000, 14.825, 14.300,  0.525,  0.800,  1.000,  0.800,0.00000,  0.000,
mon_rep231013,2023-10-13T11:23:01,2673.670,  0.400,1,0,247, 25.000, 14.525,  0.000,-23.077, 13.525, 13.800,  0.000, 14.825, 14.300,  0.525,  0.800,  1.000,  0.800,0.00000,  0.000,
mon_rep231013,2023-10-13T11:23:02,2674.070,  0.400,1,0,247, 25.000, 14.525,  0.000,-23.077, 13.525, 13.800,  0.000, 14.825, 14.300,  0.525,  0.800,  1.000,  0.800,0.00000,  0.000,
mon_rep231013,2023-10-13T11:23:02,2674.470,  0.400,1,0,247, 25.000, 14.525,  0.000,-23.077, 13.525, 13.800,  0.000, 14.825, 14.300,  0.525,  0.800,  1.000,  0.800,0.00000,  0.000,
mon_rep231013,2023-10-13T11:23:02,2674.870,  0.400,1,0,247, 25.000, 14.525,  0.000,-23.077, 13.525, 13.800,  0.000, 14.825, 14.300,  0.525,  0.800,  1.000,  0.800,0.00000,  0.000,
mon_rep231013,2023-10-13T11:23:03,2675.270,  0.400,1,0,247, 25.000, 14.525,  0.000,-23.077, 13.525, 13.800,  0.000, 14.825, 14.300,  0.525,  0.800,  1.000,  0.800,0.00000,  0.000,
mon_rep231013,2023-10-13T11:23:03,2675.670,  0.400,1,0,247, 25.000, 14.525,  0.000,-23.077, 13.525, 13.800,  0.000, 14.825, 14.300,  0.525,  0.800,  1.000,  0.800,0.00000,  0.000,
mon_rep231013,2023-10-13T11:23:04,2676.070,  0.400,1,0,247, 25.000, 14.525,  0.000,-23.077, 13.525, 13.800,  0.000, 14.825, 14.300,  0.525,  0.800,  1.000,  0.800,0.00000,  0.000,
mon_rep231013,2023-10-13T11:23:04,2676.470,  0.400,1,0,247, 25.000, 14.525,  0.000,-23.077, 13.525, 13.800,  0.000, 14.825, 14.300,  0.525,  0.800,  1.000,  0.800,0.00000,  0.000,
mon_rep231013,2023-10-13T11:23:04,2676.870,  0.400,1,0,247, 25.000, 14.525,  0.000,-23.077, 13.525, 13.800,  0.000, 14.825, 14.300,  0.525,  0.800,  1.000,  0.800,0.00000,  0.000,
mon_rep231013,2023-10-13T11:23:05,2677.270,  0.400,1,0,247, 25.000, 14.525,  0.000,-23.077, 13.525, 13.800,  0.000, 14.825, 14.300,  0.525,  0.800,  1.000,  0.800,0.00000,  0.000,
mon_rep231013,2023-10-13T11:23:05,2677.670,  0.400,1,0,247, 25.000, 14.525,  0.000,-23.077, 13.525, 13.800,  0.000, 14.825, 14.300,  0.525,  0.800,  1.000,  0.800,0.00000,  0.000,
mon_rep231013,2023-10-13T11:23:06,2678.070,  0.400,1,0,247, 25.000, 14.525,  0.000,-23.077, 13.525, 13.800,  0.000, 14.825, 14.300,  0.525,  0.800,  1.000,  0.800,0.00000,  0.000,
mon_rep231013,2023-10-13T11:23:06,2678.470,  0.400,1,0,247, 25.000, 14.525,  0.000,-23.077, 13.525, 13.800,  0.000, 14.825, 14.300,  0.525,  0.800,  1.000,  0.800,0.00000,  0.000,
mon_rep231013,2023-10-13T11:23:06,2678.870,  0.400,1,0,247, 25.000, 14.525,  0.000,-23.077, 13.525, 13.800,  0.000, 14.825, 14.300,  0.525,  0.800,  1.000,  0.800,0.00000,  0.000,
mon_rep231013,2023-10-13T11:23:07,2679.270,  0.400,1,0,247, 25.000, 14.525,  0.000,-23.077, 13.525, 13.800,  0.000, 14.825, 14.300,  0.525,  0.800,  1.000,  0.800,0.00000,  0.000,
mon_rep231013,2023-10-13T11:23:07,2679.670,  0.400,1,0,247, 25.000, 14.525,  0.000,-23.077, 13.525, 13.800,  0.000, 14.825, 14.300,  0.525,  0.800,  1.000,  0.800,0.00000,  0.000,
mon_rep231013,2023-10-13T11:23:08,2680.070,  0.400,1,0,247, 25.000, 14.525,  0.000,-23.077, 13.525, 13.800,  0.000, 14.825, 14.300,  0.525,  0.800,  1.000,  0.800,0.00000,  0.000,
mon_rep231013,2023-10-13T11:23:08,2680.470,  0.400,1,0,247, 25.000, 14.525,  0.000,-23.077, 13.525, 13.800,  0.000, 14.825, 14.300,  0.525,  0.800,  1.000,  0.800,0.00000,  0.000,
mon_rep231013,2023-10-13T11:23:08,2680.870,  0.400,1,0,247, 25.000, 14.525,  0.000,-23.077, 13.525, 13.800,  0.000, 14.825, 14.300,  0.525,  0.800,  1.000,  0.800,0.00000,  0.000,
mon_rep231013,2023-10-13T11:23:09,2681.270,  0.400,1,0,247, 25.000, 14.525,  0.000,-23.077, 13.525, 13.800,  0.000, 14.825, 14.300,  0.525,  0.800,  1.000,  0.800,0.00000,  0.000,
mon_rep231013,2023-10-13T11:23:09,2681.670,  0.400,1,0,247, 25.000, 14.525,  0.000,-23.077, 13.525, 13.800,  0.000, 14.825, 14.300,  0.525,  0.800,  1.000,  0.800,0.00000,  0.000,
mon_rep231013,2023-10-13T11:23:10,2682.070,  0.400,1,0,247, 25.000, 14.525,  0.000,-23.077, 13.525, 13.800,  0.000, 14.825, 14.300,  0.525,  0.800,  1.000,  0.800,0.00000,  0.000,
mon_rep231013,2023-10-13T11:23:10,2682.470,  0.400,1,0,247, 25.000, 14.525,  0.000,-23.077, 13.525, 13.800,  0.000, 14.825, 14.300,  0.525,  0.800,  1.000,  0.800,0.00000,  0.000,
mon_rep231013,2023-10-13T11:23:10,2682.870,  0.400,1,0,247, 25.000, 14.525,  0.000,-23.077, 13.525, 13.800,  0.000, 14.825, 14.300,  0.525,  0.800,  1.000,  0.800,0.00000,  0.000,
mon_rep231013,2023-10-13T11:23:11,2683.270,  0.400,1,0,247, 25.000, 14.525,  0.000,-23.077, 13.525, 13.800,  0.000, 14.825, 14.300,  0.525,  0.800,  1.000,  0.800,0.00000,  0.000,
mon_rep231013,2023-10-13T11:23:11,2683.670,  0.400,1,0,247, 25.000, 14.525,  0.000,-23.077, 13.525, 13.800,  0.000, 14.825, 14.300,  0.525,  0.800,  1.000,  0.800,0.00000,  0.000,
mon_rep231013,2023-10-13T11:23:12,2684.070,  0.400,1,0,247, 25.000, 14.525,  0.000,-23.077, 13.525, 13.800,  0.000, 14.825, 14.300,  0.525,  0.800,  1.000,  0.800,0.00000,  0.000,
mon_rep231013,2023-10-13T11:23:12,2684.470,  0.400,1,0,247, 25.000, 14.525,  0.000,-23.077, 13.525, 13.800,  0.000, 14.825, 14.300,  0.525,  0.800,  1.000,  0.800,0.00000,  0.000,
mon_rep231013,2023-10-13T11:23:12,2684.870,  0.400,1,0,247, 25.000, 14.525,  0.000,-23.077, 13.525, 13.800,  0.000, 14.825, 14.300,  0.525,  0.800,  1.000,  0.800,0.00000,  0.000,
mon_rep231013,2023-10-13T11:23:13,2685.270,  0.400,1,0,247, 25.000, 14.525,  0.000,-23.077, 13.525, 13.800,  0.000, 14.825, 14.300,  0.525,  0.800,  1.000,  0.800,0.00000,  0.000,
mon_rep231013,2023-10-13T11:23:13,2685.670,  0.400,1,0,247, 25.000, 14.525,  0.000,-23.077, 13.525, 13.800,  0.000, 14.825, 14.300,  0.525,  0.800,  1.000,  0.800,0.00000,  0.000,
mon_rep231013,2023-10-13T11:23:14,2686.070,  0.400,1,0,247, 25.000, 14.525,  0.000,-23.077, 13.525, 13.800,  0.000, 14.825, 14.300,  0.525,  0.800,  1.000,  0.800,0.00000,  0.000,
mon_rep231013,2023-10-13T11:23:14,2686.470,  0.400,1,0,247, 25.000, 14.525,  0.000,-23.077, 13.525, 13.800,  0.000, 14.825, 14.300,  0.525,  0.800,  1.000,  0.800,0.00000,  0.000,
mon_rep231013,2023-10-13T11:23:14,2686.870,  0.400,1,0,247, 25.000, 14.525,  0.000,-23.077, 13.525, 13.800,  0.000, 14.825, 14.300,  0.525,  0.800,  1.000,  0.800,0.00000,  0.000,
mon_rep231013,2023-10-13T11:23:15,2687.270,  0.400,1,0,247, 25.000, 14.525,  0.000,-23.077, 13.525, 13.800,  0.000, 14.825, 14.300,  0.525,  0.800,  1.000,  0.800,0.00000,  0.000,
mon_rep231013,2023-10-13T11:23:15,2687.670,  0.400,1,0,247, 25.000, 14.525,  0.000,-23.077, 13.525, 13.800,  0.000, 14.825, 14.300,  0.525,  0.800,  1.000,  0.800,0.00000,  0.000,
mon_rep231013,2023-10-13T11:23:16,2688.070,  0.400,1,0,247, 25.000, 14.525,  0.000,-23.077, 13.525, 13.800,  0.000, 14.825, 14.300,  0.525,  0.800,  1.000,  0.800,0.00000,  0.000,
mon_rep231013,2023-10-13T11:23:16,2688.470,  0.400,1,0,247, 25.000, 14.525,  0.000,-23.077, 13.525, 13.800,  0.000, 14.825, 14.300,  0.525,  0.800,  1.000,  0.800,0.00000,  0.000,
mon_rep231013,2023-10-13T11:23:16,2688.870,  0.400,1,0,247, 25.000, 14.525,  0.000,-23.077, 13.525, 13.800,  0.000, 14.825, 14.300,  0.525,  0.800,  1.000,  0.800,0.00000,  0.000,
mon_rep231013,2023-10-13T11:23:17,2689.270,  0.400,1,0,247, 25.000, 14.525,  0.000,-23.077, 13.525, 13.800,  0.000, 14.825, 14.300,  0.525,  0.800,  1.000,  0.800,0.00000,  0.000,
mon_rep231013,2023-10-13T11:23:17,2689.670,  0.400,1,0,247, 25.000, 14.525,  0.000,-23.077, 13.525, 13.800,  0.000, 14.825, 14.300,  0.525,  0.800,  1.000,  0.800,0.00000,  0.000,
mon_rep231013,2023-10-13T11:23:18,2690.070,  0.400,1,0,247, 25.000, 14.525,  0.000,-23.077, 13.525, 13.800,  0.000, 14.825, 14.300,  0.525,  0.800,  1.000,  0.800,0.00000,  0.000,
mon_rep231013,2023-10-13T11:23:18,2690.470,  0.400,1,0,247, 25.000, 14.525,  0.000,-23.077, 13.525, 13.800,  0.000, 14.825, 14.300,  0.525,  0.800,  1.000,  0.800,0.00000,  0.000,
mon_rep231013,2023-10-13T11:23:18,2690.870,  0.400,1,0,247, 25.000, 14.525,  0.000,-23.077, 13.525, 13.800,  0.000, 14.825, 14.300,  0.525,  0.800,  1.000,  0.800,0.00000,  0.000,
mon_rep231013,2023-10-13T11:23:19,2691.270,  0.400,1,0,247, 25.000, 14.525,  0.000,-23.077, 13.525, 13.800,  0.000, 14.825, 14.300,  0.525,  0.800,  1.000,  0.800,0.00000,  0.000,
mon_rep231013,2023-10-13T11:23:19,2691.670,  0.400,1,0,247, 25.000, 14.525,  0.000,-23.077, 13.525, 13.800,  0.000, 14.825, 14.300,  0.525,  0.800,  1.000,  0.800,0.00000,  0.000,
mon_rep231013,2023-10-13T11:23:20,2692.070,  0.400,1,0,247, 25.000, 14.525,  0.000,-23.077, 13.525, 13.800,  0.000, 14.825, 14.300,  0.525,  0.800,  1.000,  0.800,0.00000,  0.000,
mon_rep231013,2023-10-13T11:23:20,2692.470,  0.400,1,0,247, 25.000, 14.525,  0.000,-23.077, 13.525, 13.800,  0.000, 14.825, 14.300,  0.525,  0.800,  1.000,  0.800,0.00000,  0.000,
mon_rep231013,2023-10-13T11:23:20,2692.870,  0.400,1,0,247, 25.000, 14.525,  0.000,-23.077, 13.525, 13.800,  0.000, 14.825, 14.300,  0.525,  0.800,  1.000,  0.800,0.00000,  0.000,
mon_rep231013,2023-10-13T11:23:21,2693.270,  0.400,1,0,247, 25.000, 14.525,  0.000,-23.077, 13.525, 13.800,  0.000, 14.825, 14.300,  0.525,  0.800,  1.000,  0.800,0.00000,  0.000,
mon_rep231013,2023-10-13T11:23:21,2693.670,  0.400,1,0,247, 25.000, 14.525,  0.000,-23.077, 13.525, 13.800,  0.000, 14.825, 14.300,  0.525,  0.800,  1.000,  0.800,0.00000,  0.000,
mon_rep231013,2023-10-13T11:23:22,2694.070,  0.400,1,0,247, 25.000, 14.525,  0.000,-23.077, 13.525, 13.800,  0.000, 14.825, 14.300,  0.525,  0.800,  1.000,  0.800,0.00000,  0.000,
mon_rep231013,2023-10-13T11:23:22,2694.470,  0.400,1,0,247, 25.000, 14.525,  0.000,-23.077, 13.525, 13.800,  0.000, 14.825, 14.300,  0.525,  0.800,  1.000,  0.800,0.00000,  0.000,
mon_rep231013,2023-10-13T11:23:22,2694.870,  0.400,1,0,247, 25.000, 14.525,  0.000,-23.077, 13.525, 13.800,  0.000, 14.825, 14.300,  0.525,  0.800,  1.000,  0.800,0.00000,  0.000,
mon_rep231013,2023-10-13T11:23:23,2695.270,  0.400,1,0,247, 25.000, 14.525,  0.000,-23.077, 13.525, 13.800,  0.000, 14.825, 14.300,  0.525,  0.800,  1.000,  0.800,0.00000,  0.000,
mon_rep231013,2023-10-13T11:23:23,2695.670,  0.400,1,0,247, 25.000, 14.525,  0.000,-23.077, 13.525, 13.800,  0.000, 14.825, 14.300,  0.525,  0.800,  1.000,  0.800,0.00000,  0.000,
mon_rep231013,2023-10-13T11:23:24,2696.070,  0.400,1,0,247, 25.000, 14.525,  0.000,-23.077, 13.525, 13.800,  0.000, 14.825, 14.300,  0.525,  0.800,  1.000,  0.800,0.00000,  0.000,
mon_rep231013,2023-10-13T11:23:24,2696.470,  0.400,1,0,247, 25.000, 14.525,  0.000,-23.077, 13.525, 13.800,  0.000, 14.825, 14.300,  0.525,  0.800,  1.000,  0.800,0.00000,  0.000,
mon_rep231013,2023-10-13T11:23:24,2696.870,  0.400,1,0,247, 25.000, 14.525,  0.000,-23.077, 13.525, 13.800,  0.000, 14.825, 14.300,  0.525,  0.800,  1.000,  0.800,0.00000,  0.000,
mon_rep231013,2023-10-13T11:23:25,2697.270,  0.400,1,0,247, 25.000, 14.525,  0.000,-23.077, 13.525, 13.800,  0.000, 14.825, 14.300,  0.525,  0.800,  1.000,  0.800,0.00000,  0.000,
mon_rep231013,2023-10-13T11:23:25,2697.670,  0.400,1,0,247, 25.000, 14.525,  0.000,-23.077, 13.525, 13.800,  0.000, 14.825, 14.300,  0.525,  0.800,  1.000,  0.800,0.00000,  0.000,
mon_rep231013,2023-10-13T11:23:26,2698.070,  0.400,1,0,247, 25.000, 14.525,  0.000,-23.077, 13.525, 13.800,  0.000, 14.825, 14.300,  0.525,  0.800,  1.000,  0.800,0.00000,  0.000,
mon_rep231013,2023-10-13T11:23:26,2698.470,  0.400,1,0,247, 25.000, 14.525,  0.000,-23.077, 13.525, 13.800,  0.000, 14.825, 14.300,  0.525,  0.800,  1.000,  0.800,0.00000,  0.000,
mon_rep231013,2023-10-13T11:23:26,2698.870,  0.400,1,0,247, 25.000, 14.525,  0.000,-23.077, 13.525, 13.800,  0.000, 14.825, 14.300,  0.525,  0.800,  1.000,  0.800,0.00000,  0.000,
mon_rep231013,2023-10-13T11:23:27,2699.270,  0.400,1,0,247, 25.000, 14.525,  0.000,-23.077, 13.525, 13.800,  0.000, 14.825, 14.300,  0.525,  0.800,  1.000,  0.800,0.00000,  0.000,
mon_rep231013,2023-10-13T11:23:27,2699.670,  0.400,1,0,247, 25.000, 14.525,  0.000,-23.077, 13.525, 13.800,  0.000, 14.825, 14.300,  0.525,  0.800,  1.000,  0.800,0.00000,  0.000,
mon_rep231013,2023-10-13T11:23:28,2700.070,  0.400,1,0,247, 25.000, 14.525,  0.000,-23.077, 13.525, 13.800,  0.000, 14.825, 14.300,  0.525,  0.800,  1.000,  0.800,0.00000,  0.000,
mon_rep231013,2023-10-13T11:23:28,2700.470,  0.400,1,0,247, 25.000, 14.525,  0.000,-23.077, 13.525, 13.800,  0.000, 14.825, 14.300,  0.525,  0.800,  1.000,  0.800,0.00000,  0.000,
mon_rep231013,2023-10-13T11:23:28,2700.870,  0.400,1,0,247, 25.000, 14.525,  0.000,-23.077, 13.525, 13.800,  0.000, 14.825, 14.300,  0.525,  0.800,  1.000,  0.800,0.00000,  0.000,
mon_rep231013,2023-10-13T11:23:29,2701.270,  0.400,1,0,247, 25.000, 14.525,  0.000,-23.077, 13.525, 13.800,  0.000, 14.825, 14.300,  0.525,  0.800,  1.000,  0.800,0.00000,  0.000,
mon_rep231013,2023-10-13T11:23:29,2701.670,  0.400,1,0,247, 25.000, 14.525,  0.000,-23.077, 13.525, 13.800,  0.000, 14.825, 14.300,  0.525,  0.800,  1.000,  0.800,0.00000,  0.000,
mon_rep231013,2023-10-13T11:23:30,2702.070,  0.400,1,0,247, 25.000, 14.525,  0.000,-23.077, 13.525, 13.800,  0.000, 14.825, 14.300,  0.525,  0.800,  1.000,  0.800,0.00000,  0.000,
mon_rep231013,2023-10-13T11:23:30,2702.470,  0.400,1,0,247, 25.000, 14.525,  0.000,-23.077, 13.525, 13.800,  0.000, 14.825, 14.300,  0.525,  0.800,  1.000,  0.800,0.00000,  0.000,
mon_rep231013,2023-10-13T11:23:30,2702.870,  0.400,1,0,247, 25.000, 14.525,  0.000,-23.077, 13.525, 13.800,  0.000, 14.825, 14.300,  0.525,  0.800,  1.000,  0.800,0.00000,  0.000,
mon_rep231013,2023-10-13T11:23:31,2703.270,  0.400,1,0,247, 25.000, 14.525,  0.000,-23.077, 13.525, 13.800,  0.000, 14.825, 14.300,  0.525,  0.800,  1.000,  0.800,0.00000,  0.000,
mon_rep231013,2023-10-13T11:23:31,2703.670,  0.400,1,0,247, 25.000, 14.525,  0.000,-23.077, 13.525, 13.800,  0.000, 14.825, 14.300,  0.525,  0.800,  1.000,  0.800,0.00000,  0.000,
mon_rep231013,2023-10-13T11:23:32,2704.070,  0.400,1,0,247, 25.000, 14.525,  0.000,-23.077, 13.525, 13.800,  0.000, 14.825, 14.300,  0.525,  0.800,  1.000,  0.800,0.00000,  0.000,
mon_rep231013,2023-10-13T11:23:32,2704.470,  0.400,1,0,247, 25.000, 14.525,  0.000,-23.077, 13.525, 13.800,  0.000, 14.825, 14.300,  0.525,  0.800,  1.000,  0.800,0.00000,  0.000,
mon_rep231013,2023-10-13T11:23:32,2704.870,  0.400,1,0,247, 25.000, 14.525,  0.000,-23.077, 13.525, 13.800,  0.000, 14.825, 14.300,  0.525,  0.800,  1.000,  0.800,0.00000,  0.000,
mon_rep231013,2023-10-13T11:23:33,2705.270,  0.400,1,0,247, 25.000, 14.525,  0.000,-23.077, 13.525, 13.800,  0.000, 14.825, 14.300,  0.525,  0.800,  1.000,  0.800,0.00000,  0.000,
mon_rep231013,2023-10-13T11:23:33,2705.670,  0.400,1,0,247, 25.000, 14.525,  0.000,-23.077, 13.525, 13.800,  0.000, 14.825, 14.300,  0.525,  0.800,  1.000,  0.800,0.00000,  0.000,
mon_rep231013,2023-10-13T11:23:34,2706.070,  0.400,1,0,247, 25.000, 14.525,  0.000,-23.077, 13.525, 13.800,  0.000, 14.825, 14.300,  0.525,  0.800,  1.000,  0.800,0.00000,  0.000,
mon_rep231013,2023-10-13T11:23:34,2706.470,  0.400,1,0,247, 25.000, 14.525,  0.000,-23.077, 13.525, 13.800,  0.000, 14.825, 14.300,  0.525,  0.800,  1.000,  0.800,0.00000,  0.000,
mon_rep231013,2023-10-13T11:23:34,2706.870,  0.400,1,0,247, 25.000, 14.525,  0.000,-23.077, 13.525, 13.800,  0.000, 14.825, 14.300,  0.525,  0.800,  1.000,  0.800,0.00000,  0.000,
mon_rep231013,2023-10-13T11:23:35,2707.270,  0.400,1,0,247, 25.000, 14.525,  0.000,-23.077, 13.525, 13.800,  0.000, 14.825, 14.300,  0.525,  0.800,  1.000,  0.800,0.00000,  0.000,
mon_rep231013,2023-10-13T11:23:35,2707.670,  0.400,1,0,247, 25.000, 14.525,  0.000,-23.077, 13.525, 13.800,  0.000, 14.825, 14.300,  0.525,  0.800,  1.000,  0.800,0.00000,  0.000,
mon_rep231013,2023-10-13T11:23:36,2708.070,  0.400,1,0,247, 25.000, 14.525,  0.000,-23.077, 13.525, 13.800,  0.000, 14.825, 14.300,  0.525,  0.800,  1.000,  0.800,0.00000,  0.000,
mon_rep231013,2023-10-13T11:23:36,2708.470,  0.400,1,0,247, 25.000, 14.525,  0.000,-23.077, 13.525, 13.800,  0.000, 14.825, 14.300,  0.525,  0.800,  1.000,  0.800,0.00000,  0.000,
mon_rep231013,2023-10-13T11:23:36,2708.870,  0.400,1,0,247, 25.000, 14.525,  0.000,-23.077, 13.525, 13.800,  0.000, 14.825, 14.300,  0.525,  0.800,  1.000,  0.800,0.00000,  0.000,
mon_rep231013,2023-10-13T11:23:37,2709.270,  0.400,1,0,247, 25.000, 14.525,  0.000,-23.077, 13.525, 13.800,  0.000, 14.825, 14.300,  0.525,  0.800,  1.000,  0.800,0.00000,  0.000,
mon_rep231013,2023-10-13T11:23:37,2709.670,  0.400,1,0,247, 25.000, 14.525,  0.000,-23.077, 13.525, 13.800,  0.000, 14.825, 14.300,  0.525,  0.800,  1.000,  0.800,0.00000,  0.000,
mon_rep231013,2023-10-13T11:23:38,2710.070,  0.400,1,0,247, 25.000, 14.525,  0.000,-23.077, 13.525, 13.800,  0.000, 14.825, 14.300,  0.525,  0.800,  1.000,  0.800,0.00000,  0.000,
mon_rep231013,2023-10-13T11:23:38,2710.470,  0.400,1,0,247, 25.000, 14.525,  0.000,-23.077, 13.525, 13.800,  0.000, 14.825, 14.300,  0.525,  0.800,  1.000,  0.800,0.00000,  0.000,
mon_rep231013,2023-10-13T11:23:38,2710.870,  0.400,1,0,247, 25.000, 14.525,  0.000,-23.077, 13.525, 13.800,  0.000, 14.825, 14.300,  0.525,  0.800,  1.000,  0.800,0.00000,  0.000,
mon_rep231013,2023-10-13T11:23:39,2711.270,  0.400,1,0,247, 25.000, 14.525,  0.000,-23.077, 13.525, 13.800,  0.000, 14.825, 14.300,  0.525,  0.800,  1.000,  0.800,0.00000,  0.000,
mon_rep231013,2023-10-13T11:23:39,2711.670,  0.400,1,0,247, 25.000, 14.525,  0.000,-23.077, 13.525, 13.800,  0.000, 14.825, 14.300,  0.525,  0.800,  1.000,  0.800,0.00000,  0.000,
mon_rep231013,2023-10-13T11:23:40,2712.070,  0.400,1,0,247, 25.000, 14.525,  0.000,-23.077, 13.525, 13.800,  0.000, 14.825, 14.300,  0.525,  0.800,  1.000,  0.800,0.00000,  0.000,
mon_rep231013,2023-10-13T11:23:40,2712.470,  0.400,1,0,247, 25.000, 14.525,  0.000,-23.077, 13.525, 13.800,  0.000, 14.825, 14.300,  0.525,  0.800,  1.000,  0.800,0.00000,  0.000,
mon_rep231013,2023-10-13T11:23:40,2712.870,  0.400,1,0,247, 25.000, 14.525,  0.000,-23.077, 13.525, 13.800,  0.000, 14.825, 14.300,  0.525,  0.800,  1.000,  0.800,0.00000,  0.000,
mon_rep231013,2023-10-13T11:23:41,2713.270,  0.400,1,0,247, 25.000, 14.525,  0.000,-23.077, 13.525, 13.800,  0.000, 14.825, 14.300,  0.525,  0.800,  1.000,  0.800,0.00000,  0.000,
mon_rep231013,2023-10-13T11:23:41,2713.670,  0.400,1,0,247, 25.000, 14.525,  0.000,-23.077, 13.525, 13.800,  0.000, 14.825, 14.300,  0.525,  0.800,  1.000,  0.800,0.00000,  0.000,
mon_rep231013,2023-10-13T11:23:42,2714.070,  0.400,1,0,247, 25.000, 14.525,  0.000,-23.077, 13.525, 13.800,  0.000, 14.825, 14.300,  0.525,  0.800,  1.000,  0.800,0.00000,  0.000,
mon_rep231013,2023-10-13T11:23:42,2714.470,  0.400,1,0,247, 25.000, 14.525,  0.000,-23.077, 13.525, 13.800,  0.000, 14.825, 14.300,  0.525,  0.800,  1.000,  0.800,0.00000,  0.000,
mon_rep231013,2023-10-13T11:23:42,2714.870,  0.400,1,0,247, 25.000, 14.525,  0.000,-23.077, 13.525, 13.800,  0.000, 14.825, 14.300,  0.525,  0.800,  1.000,  0.800,0.00000,  0.000,
mon_rep231013,2023-10-13T11:23:43,2715.270,  0.400,1,0,247, 25.000, 14.525,  0.000,-23.077, 13.525, 13.800,  0.000, 14.825, 14.300,  0.525,  0.800,  1.000,  0.800,0.00000,  0.000,
mon_rep231013,2023-10-13T11:23:43,2715.670,  0.400,1,0,247, 25.000, 14.525,  0.000,-23.077, 13.525, 13.800,  0.000, 14.825, 14.300,  0.525,  0.800,  1.000,  0.800,0.00000,  0.000,
mon_rep231013,2023-10-13T11:23:44,2716.070,  0.400,1,0,247, 25.000, 14.525,  0.000,-23.077, 13.525, 13.800,  0.000, 14.825, 14.300,  0.525,  0.800,  1.000,  0.800,0.00000,  0.000,
mon_rep231013,2023-10-13T11:23:44,2716.470,  0.400,1,0,247, 25.000, 14.525,  0.000,-23.077, 13.525, 13.800,  0.000, 14.825, 14.300,  0.525,  0.800,  1.000,  0.800,0.00000,  0.000,
mon_rep231013,2023-10-13T11:23:44,2716.870,  0.400,1,0,247, 25.000, 14.525,  0.000,-23.077, 13.525, 13.800,  0.000, 14.825, 14.300,  0.525,  0.800,  1.000,  0.800,0.00000,  0.000,
mon_rep231013,2023-10-13T11:23:45,2717.270,  0.400,1,0,247, 25.000, 14.525,  0.000,-23.077, 13.525, 13.800,  0.000, 14.825, 14.300,  0.525,  0.800,  1.000,  0.800,0.00000,  0.000,
mon_rep231013,2023-10-13T11:23:45,2717.670,  0.400,1,0,247, 25.000, 14.525,  0.000,-23.077, 13.525, 13.800,  0.000, 14.825, 14.300,  0.525,  0.800,  1.000,  0.800,0.00000,  0.000,
mon_rep231013,2023-10-13T11:23:46,2718.070,  0.400,1,0,247, 25.000, 14.525,  0.000,-23.077, 13.525, 13.800,  0.000, 14.825, 14.300,  0.525,  0.800,  1.000,  0.800,0.00000,  0.000,
mon_rep231013,2023-10-13T11:23:46,2718.470,  0.400,1,0,247, 25.000, 14.525,  0.000,-23.077, 13.525, 13.800,  0.000, 14.825, 14.300,  0.525,  0.800,  1.000,  0.800,0.00000,  0.000,
mon_rep231013,2023-10-13T11:23:46,2718.870,  0.400,1,0,247, 25.000, 14.525,  0.000,-23.077, 13.525, 13.800,  0.000, 14.825, 14.300,  0.525,  0.800,  1.000,  0.800,0.00000,  0.000,
mon_rep231013,2023-10-13T11:23:47,2719.270,  0.400,1,0,247, 25.000, 14.525,  0.000,-23.077, 13.525, 13.800,  0.000, 14.825, 14.300,  0.525,  0.800,  1.000,  0.800,0.00000,  0.000,
mon_rep231013,2023-10-13T11:23:47,2719.670,  0.400,1,0,247, 25.000, 14.525,  0.000,-23.077, 13.525, 13.800,  0.000, 14.825, 14.300,  0.525,  0.800,  1.000,  0.800,0.00000,  0.000,
mon_rep231013,2023-10-13T11:23:48,2720.070,  0.400,1,0,247, 25.000, 14.525,  0.000,-23.077, 13.525, 13.800,  0.000, 14.825, 14.300,  0.525,  0.800,  1.000,  0.800,0.00000,  0.000,
mon_rep231013,2023-10-13T11:23:48,2720.470,  0.400,1,0,247, 25.000, 14.525,  0.000,-23.077, 13.525, 13.800,  0.000, 14.825, 14.300,  0.525,  0.800,  1.000,  0.800,0.00000,  0.000,
mon_rep231013,2023-10-13T11:23:48,2720.870,  0.400,1,0,247, 25.000, 14.525,  0.000,-23.077, 13.525, 13.800,  0.000, 14.825, 14.300,  0.525,  0.800,  1.000,  0.800,0.00000,  0.000,
mon_rep231013,2023-10-13T11:23:49,2721.270,  0.400,1,0,247, 25.000, 14.525,  0.000,-23.077, 13.525, 13.800,  0.000, 14.825, 14.300,  0.525,  0.800,  1.000,  0.800,0.00000,  0.000,
mon_rep231013,2023-10-13T11:23:49,2721.670,  0.400,1,0,247, 25.000, 14.525,  0.000,-23.077, 13.525, 13.800,  0.000, 14.825, 14.300,  0.525,  0.800,  1.000,  0.800,0.00000,  0.000,
mon_rep231013,2023-10-13T11:23:50,2722.070,  0.400,1,0,247, 25.000, 14.525,  0.000,-23.077, 13.525, 13.800,  0.000, 14.825, 14.300,  0.525,  0.800,  1.000,  0.800,0.00000,  0.000,
mon_rep231013,2023-10-13T11:23:50,2722.470,  0.400,1,0,247, 25.000, 14.525,  0.000,-23.077, 13.525, 13.800,  0.000, 14.825, 14.300,  0.525,  0.800,  1.000,  0.800,0.00000,  0.000,
mon_rep231013,2023-10-13T11:23:50,2722.870,  0.400,1,0,247, 25.000, 14.525,  0.000,-23.077, 13.525, 13.800,  0.000, 14.825, 14.300,  0.525,  0.800,  1.000,  0.800,0.00000,  0.000,
mon_rep231013,2023-10-13T11:23:51,2723.270,  0.400,1,0,247, 25.000, 14.525,  0.000,-23.077, 13.525, 13.800,  0.000, 14.825, 14.300,  0.525,  0.800,  1.000,  0.800,0.00000,  0.000,
mon_rep231013,2023-10-13T11:23:51,2723.670,  0.400,1,0,247, 25.000, 14.525,  0.000,-23.077, 13.525, 13.800,  0.000, 14.825, 14.300,  0.525,  0.800,  1.000,  0.800,0.00000,  0.000,
mon_rep231013,2023-10-13T11:23:52,2724.070,  0.400,1,0,247, 25.000, 14.525,  0.000,-23.077, 13.525, 13.800,  0.000, 14.825, 14.300,  0.525,  0.800,  1.000,  0.800,0.00000,  0.000,
mon_rep231013,2023-10-13T11:23:52,2724.470,  0.400,1,0,247, 25.000, 14.525,  0.000,-23.077, 13.525, 13.800,  0.000, 14.825, 14.300,  0.525,  0.800,  1.000,  0.800,0.00000,  0.000,
mon_rep231013,2023-10-13T11:23:52,2724.870,  0.400,1,0,247, 25.000, 14.525,  0.000,-23.077, 13.525, 13.800,  0.000, 14.825, 14.300,  0.525,  0.800,  1.000,  0.800,0.00000,  0.000,
mon_rep231013,2023-10-13T11:23:53,2725.270,  0.400,1,0,247, 25.000, 14.525,  0.000,-23.077, 13.525, 13.800,  0.000, 14.825, 14.300,  0.525,  0.800,  1.000,  0.800,0.00000,  0.000,
mon_rep231013,2023-10-13T11:23:53,2725.670,  0.400,1,0,247, 25.000, 14.525,  0.000,-23.077, 13.525, 13.800,  0.000, 14.825, 14.300,  0.525,  0.800,  1.000,  0.800,0.00000,  0.000,
mon_rep231013,2023-10-13T11:23:54,2726.070,  0.400,1,0,247, 25.000, 14.525,  0.000,-23.077, 13.525, 13.800,  0.000, 14.825, 14.300,  0.525,  0.800,  1.000,  0.800,0.00000,  0.000,
mon_rep231013,2023-10-13T11:23:54,2726.470,  0.400,1,0,247, 25.000, 14.525,  0.000,-23.077, 13.525, 13.800,  0.000, 14.825, 14.300,  0.525,  0.800,  1.000,  0.800,0.00000,  0.000,
mon_rep231013,2023-10-13T11:23:54,2726.870,  0.400,1,0,247, 25.000, 14.525,  0.000,-23.077, 13.525, 13.800,  0.000, 14.825, 14.300,  0.525,  0.800,  1.000,  0.800,0.00000,  0.000,
mon_rep231013,2023-10-13T11:23:55,2727.270,  0.400,1,0,247, 25.000, 14.525,  0.000,-23.077, 13.525, 13.800,  0.000, 14.825, 14.300,  0.525,  0.800,  1.000,  0.800,0.00000,  0.000,
mon_rep231013,2023-10-13T11:23:55,2727.670,  0.400,1,0,247, 25.000, 14.525,  0.000,-23.077, 13.525, 13.800,  0.000, 14.825, 14.300,  0.525,  0.800,  1.000,  0.800,0.00000,  0.000,
mon_rep231013,2023-10-13T11:23:56,2728.070,  0.400,1,0,247, 25.000, 14.525,  0.000,-23.077, 13.525, 13.800,  0.000, 14.825, 14.300,  0.525,  0.800,  1.000,  0.800,0.00000,  0.000,
mon_rep231013,2023-10-13T11:23:56,2728.470,  0.400,1,0,247, 25.000, 14.525,  0.000,-23.077, 13.525, 13.800,  0.000, 14.825, 14.300,  0.525,  0.800,  1.000,  0.800,0.00000,  0.000,
mon_rep231013,2023-10-13T11:23:56,2728.870,  0.400,1,0,247, 25.000, 14.525,  0.000,-23.077, 13.525, 13.800,  0.000, 14.825, 14.300,  0.525,  0.800,  1.000,  0.800,0.00000,  0.000,
mon_rep231013,2023-10-13T11:23:57,2729.270,  0.400,1,0,247, 25.000, 14.525,  0.000,-23.077, 13.525, 13.800,  0.000, 14.825, 14.300,  0.525,  0.800,  1.000,  0.800,0.00000,  0.000,
mon_rep231013,2023-10-13T11:23:57,2729.670,  0.400,1,0,247, 25.000, 14.525,  0.000,-23.077, 13.525, 13.800,  0.000, 14.825, 14.300,  0.525,  0.800,  1.000,  0.800,0.00000,  0.000,
mon_rep231013,2023-10-13T11:23:58,2730.070,  0.400,1,0,247, 25.000, 14.525,  0.000,-23.077, 13.525, 13.800,  0.000, 14.825, 14.300,  0.525,  0.800,  1.000,  0.800,0.00000,  0.000,
mon_rep231013,2023-10-13T11:23:58,2730.470,  0.400,1,0,247, 25.000, 14.525,  0.000,-23.077, 13.525, 13.800,  0.000, 14.825, 14.300,  0.525,  0.800,  1.000,  0.800,0.00000,  0.000,
mon_rep231013,2023-10-13T11:23:58,2730.870,  0.400,1,0,247, 25.000, 14.525,  0.000,-23.077, 13.525, 13.800,  0.000, 14.825, 14.300,  0.525,  0.800,  1.000,  0.800,0.00000,  0.000,
mon_rep231013,2023-10-13T11:23:59,2731.270,  0.400,1,0,247, 25.000, 14.525,  0.000,-23.077, 13.525, 13.800,  0.000, 14.825, 14.300,  0.525,  0.800,  1.000,  0.800,0.00000,  0.000,
mon_rep231013,2023-10-13T11:23:59,2731.670,  0.400,1,0,247, 25.000, 14.525,  0.000,-23.077, 13.525, 13.800,  0.000, 14.825, 14.300,  0.525,  0.800,  1.000,  0.800,0.00000,  0.000,
mon_rep231013,2023-10-13T11:24:00,2732.070,  0.400,1,0,247, 25.000, 14.525,  0.000,-23.077, 13.525, 13.800,  0.000, 14.825, 14.300,  0.525,  0.800,  1.000,  0.800,0.00000,  0.000,
mon_rep231013,2023-10-13T11:24:00,2732.470,  0.400,1,0,247, 25.000, 14.525,  0.000,-23.077, 13.525, 13.800,  0.000, 14.825, 14.300,  0.525,  0.800,  1.000,  0.800,0.00000,  0.000,
mon_rep231013,2023-10-13T11:24:00,2732.870,  0.400,1,0,247, 25.000, 14.525,  0.000,-23.077, 13.525, 13.800,  0.000, 14.825, 14.300,  0.525,  0.800,  1.000,  0.800,0.00000,  0.000,
mon_rep231013,2023-10-13T11:24:01,2733.270,  0.400,1,0,247, 25.000, 14.525,  0.000,-23.077, 13.525, 13.800,  0.000, 14.825, 14.300,  0.525,  0.800,  1.000,  0.800,0.00000,  0.000,
mon_rep231013,2023-10-13T11:24:01,2733.670,  0.400,1,0,247, 25.000, 14.525,  0.000,-23.077, 13.525, 13.800,  0.000, 14.825, 14.300,  0.525,  0.800,  1.000,  0.800,0.00000,  0.000,
mon_rep231013,2023-10-13T11:24:02,2734.070,  0.400,1,0,247, 25.000, 14.525,  0.000,-23.077, 13.525, 13.800,  0.000, 14.825, 14.300,  0.525,  0.800,  1.000,  0.800,0.00000,  0.000,
mon_rep231013,2023-10-13T11:24:02,2734.470,  0.400,1,0,247, 25.000, 14.525,  0.000,-23.077, 13.525, 13.800,  0.000, 14.825, 14.300,  0.525,  0.800,  1.000,  0.800,0.00000,  0.000,
mon_rep231013,2023-10-13T11:24:02,2734.870,  0.400,1,0,247, 25.000, 14.525,  0.000,-23.077, 13.525, 13.800,  0.000, 14.825, 14.300,  0.525,  0.800,  1.000,  0.800,0.00000,  0.000,
mon_rep231013,2023-10-13T11:24:03,2735.270,  0.400,1,0,247, 25.000, 14.525,  0.000,-23.077, 13.525, 13.800,  0.000, 14.825, 14.300,  0.525,  0.800,  1.000,  0.800,0.00000,  0.000,
mon_rep231013,2023-10-13T11:24:03,2735.670,  0.400,1,0,247, 25.000, 14.525,  0.000,-23.077, 13.525, 13.800,  0.000, 14.825, 14.300,  0.525,  0.800,  1.000,  0.800,0.00000,  0.000,
mon_rep231013,2023-10-13T11:24:04,2736.070,  0.400,1,0,247, 25.000, 14.525,  0.000,-23.077, 13.525, 13.800,  0.000, 14.825, 14.300,  0.525,  0.800,  1.000,  0.800,0.00000,  0.000,
mon_rep231013,2023-10-13T11:24:04,2736.470,  0.400,1,0,247, 25.000, 14.525,  0.000,-23.077, 13.525, 13.800,  0.000, 14.825, 14.300,  0.525,  0.800,  1.000,  0.800,0.00000,  0.000,
mon_rep231013,2023-10-13T11:24:04,2736.870,  0.400,1,0,247, 25.000, 14.525,  0.000,-23.077, 13.525, 13.800,  0.000, 14.825, 14.300,  0.525,  0.800,  1.000,  0.800,0.00000,  0.000,
mon_rep231013,2023-10-13T11:24:05,2737.270,  0.400,1,0,247, 25.000, 14.525,  0.000,-23.077, 13.525, 13.800,  0.000, 14.825, 14.300,  0.525,  0.800,  1.000,  0.800,0.00000,  0.000,
mon_rep231013,2023-10-13T11:24:05,2737.670,  0.400,1,0,247, 25.000, 14.525,  0.000,-23.077, 13.525, 13.800,  0.000, 14.825, 14.300,  0.525,  0.800,  1.000,  0.800,0.00000,  0.000,
mon_rep231013,2023-10-13T11:24:06,2738.070,  0.400,1,0,247, 25.000, 14.525,  0.000,-23.077, 13.525, 13.800,  0.000, 14.825, 14.300,  0.525,  0.800,  1.000,  0.800,0.00000,  0.000,
mon_rep231013,2023-10-13T11:24:06,2738.470,  0.400,1,0,247, 25.000, 14.525,  0.000,-23.077, 13.525, 13.800,  0.000, 14.825, 14.300,  0.525,  0.800,  1.000,  0.800,0.00000,  0.000,
mon_rep231013,2023-10-13T11:24:06,2738.870,  0.400,1,0,247, 25.000, 14.525,  0.000,-23.077, 13.525, 13.800,  0.000, 14.825, 14.300,  0.525,  0.800,  1.000,  0.800,0.00000,  0.000,
mon_rep231013,2023-10-13T11:24:07,2739.270,  0.400,1,0,247, 25.000, 14.525,  0.000,-23.077, 13.525, 13.800,  0.000, 14.825, 14.300,  0.525,  0.800,  1.000,  0.800,0.00000,  0.000,
mon_rep231013,2023-10-13T11:24:07,2739.670,  0.400,1,0,247, 25.000, 14.525,  0.000,-23.077, 13.525, 13.800,  0.000, 14.825, 14.300,  0.525,  0.800,  1.000,  0.800,0.00000,  0.000,
mon_rep231013,2023-10-13T11:24:08,2740.070,  0.400,1,0,247, 25.000, 14.525,  0.000,-23.077, 13.525, 13.800,  0.000, 14.825, 14.300,  0.525,  0.800,  1.000,  0.800,0.00000,  0.000,
mon_rep231013,2023-10-13T11:24:08,2740.470,  0.400,1,0,247, 25.000, 14.525,  0.000,-23.077, 13.525, 13.800,  0.000, 14.825, 14.300,  0.525,  0.800,  1.000,  0.800,0.00000,  0.000,
mon_rep231013,2023-10-13T11:24:08,2740.870,  0.400,1,0,247, 25.000, 14.525,  0.000,-23.077, 13.525, 13.800,  0.000, 14.825, 14.300,  0.525,  0.800,  1.000,  0.800,0.00000,  0.000,
mon_rep231013,2023-10-13T11:24:09,2741.270,  0.400,1,0,247, 25.000, 14.525,  0.000,-23.077, 13.525, 13.800,  0.000, 14.825, 14.300,  0.525,  0.800,  1.000,  0.800,0.00000,  0.000,
mon_rep231013,2023-10-13T11:24:09,2741.670,  0.400,1,0,247, 25.000, 14.525,  0.000,-23.077, 13.525, 13.800,  0.000, 14.825, 14.300,  0.525,  0.800,  1.000,  0.800,0.00000,  0.000,
mon_rep231013,2023-10-13T11:24:10,2742.070,  0.400,1,0,247, 25.000, 14.525,  0.000,-23.077, 13.525, 13.800,  0.000, 14.825, 14.300,  0.525,  0.800,  1.000,  0.800,0.00000,  0.000,
mon_rep231013,2023-10-13T11:24:10,2742.470,  0.400,1,0,247, 25.000, 14.525,  0.000,-23.077, 13.525, 13.800,  0.000, 14.825, 14.300,  0.525,  0.800,  1.000,  0.800,0.00000,  0.000,
mon_rep231013,2023-10-13T11:24:10,2742.870,  0.400,1,0,247, 25.000, 14.525,  0.000,-23.077, 13.525, 13.800,  0.000, 14.825, 14.300,  0.525,  0.800,  1.000,  0.800,0.00000,  0.000,
mon_rep231013,2023-10-13T11:24:11,2743.270,  0.400,1,0,247, 25.000, 14.525,  0.000,-23.077, 13.525, 13.800,  0.000, 14.825, 14.300,  0.525,  0.800,  1.000,  0.800,0.00000,  0.000,
mon_rep231013,2023-10-13T11:24:11,2743.670,  0.400,1,0,247, 25.000, 14.525,  0.000,-23.077, 13.525, 13.800,  0.000, 14.825, 14.300,  0.525,  0.800,  1.000,  0.800,0.00000,  0.000,
mon_rep231013,2023-10-13T11:24:12,2744.070,  0.400,1,0,247, 25.000, 14.525,  0.000,-23.077, 13.525, 13.800,  0.000, 14.825, 14.300,  0.525,  0.800,  1.000,  0.800,0.00000,  0.000,
mon_rep231013,2023-10-13T11:24:12,2744.470,  0.400,1,0,247, 25.000, 14.525,  0.000,-23.077, 13.525, 13.800,  0.000, 14.825, 14.300,  0.525,  0.800,  1.000,  0.800,0.00000,  0.000,
mon_rep231013,2023-10-13T11:24:12,2744.870,  0.400,1,0,247, 25.000, 14.525,  0.000,-23.077, 13.525, 13.800,  0.000, 14.825, 14.300,  0.525,  0.800,  1.000,  0.800,0.00000,  0.000,
mon_rep231013,2023-10-13T11:24:13,2745.270,  0.400,1,0,247, 25.000, 14.525,  0.000,-23.077, 13.525, 13.800,  0.000, 14.825, 14.300,  0.525,  0.800,  1.000,  0.800,0.00000,  0.000,
mon_rep231013,2023-10-13T11:24:13,2745.670,  0.400,1,0,247, 25.000, 14.525,  0.000,-23.077, 13.525, 13.800,  0.000, 14.825, 14.300,  0.525,  0.800,  1.000,  0.800,0.00000,  0.000,
mon_rep231013,2023-10-13T11:24:14,2746.070,  0.400,1,0,247, 25.000, 14.525,  0.000,-23.077, 13.525, 13.800,  0.000, 14.825, 14.300,  0.525,  0.800,  1.000,  0.800,0.00000,  0.000,
mon_rep231013,2023-10-13T11:24:14,2746.470,  0.400,1,0,247, 25.000, 14.525,  0.000,-23.077, 13.525, 13.800,  0.000, 14.825, 14.300,  0.525,  0.800,  1.000,  0.800,0.00000,  0.000,
mon_rep231013,2023-10-13T11:24:14,2746.870,  0.400,1,0,247, 25.000, 14.525,  0.000,-23.077, 13.525, 13.800,  0.000, 14.825, 14.300,  0.525,  0.800,  1.000,  0.800,0.00000,  0.000,
mon_rep231013,2023-10-13T11:24:15,2747.270,  0.400,1,0,247, 25.000, 14.525,  0.000,-23.077, 13.525, 13.800,  0.000, 14.825, 14.300,  0.525,  0.800,  1.000,  0.800,0.00000,  0.000,
mon_rep231013,2023-10-13T11:24:15,2747.670,  0.400,1,0,247, 25.000, 14.525,  0.000,-23.077, 13.525, 13.800,  0.000, 14.825, 14.300,  0.525,  0.800,  1.000,  0.800,0.00000,  0.000,
mon_rep231013,2023-10-13T11:24:16,2748.070,  0.400,1,0,247, 25.000, 14.525,  0.000,-23.077, 13.525, 13.800,  0.000, 14.825, 14.300,  0.525,  0.800,  1.000,  0.800,0.00000,  0.000,
mon_rep231013,2023-10-13T11:24:16,2748.470,  0.400,1,0,247, 25.000, 14.525,  0.000,-23.077, 13.525, 13.800,  0.000, 14.825, 14.300,  0.525,  0.800,  1.000,  0.800,0.00000,  0.000,
mon_rep231013,2023-10-13T11:24:16,2748.870,  0.400,1,0,247, 25.000, 14.525,  0.000,-23.077, 13.525, 13.800,  0.000, 14.825, 14.300,  0.525,  0.800,  1.000,  0.800,0.00000,  0.000,
mon_rep231013,2023-10-13T11:24:17,2749.270,  0.400,1,0,247, 25.000, 14.525,  0.000,-23.077, 13.525, 13.800,  0.000, 14.825, 14.300,  0.525,  0.800,  1.000,  0.800,0.00000,  0.000,
mon_rep231013,2023-10-13T11:24:17,2749.670,  0.400,1,0,247, 25.000, 14.525,  0.000,-23.077, 13.525, 13.800,  0.000, 14.825, 14.300,  0.525,  0.800,  1.000,  0.800,0.00000,  0.000,
mon_rep231013,2023-10-13T11:24:18,2750.070,  0.400,1,0,247, 25.000, 14.525,  0.000,-23.077, 13.525, 13.800,  0.000, 14.825, 14.300,  0.525,  0.800,  1.000,  0.800,0.00000,  0.000,
mon_rep231013,2023-10-13T11:24:18,2750.470,  0.400,1,0,247, 25.000, 14.525,  0.000,-23.077, 13.525, 13.800,  0.000, 14.825, 14.300,  0.525,  0.800,  1.000,  0.800,0.00000,  0.000,
mon_rep231013,2023-10-13T11:24:18,2750.870,  0.400,1,0,247, 25.000, 14.525,  0.000,-23.077, 13.525, 13.800,  0.000, 14.825, 14.300,  0.525,  0.800,  1.000,  0.800,0.00000,  0.000,
mon_rep231013,2023-10-13T11:24:19,2751.270,  0.400,1,0,247, 25.000, 14.525,  0.000,-23.077, 13.525, 13.800,  0.000, 14.825, 14.300,  0.525,  0.800,  1.000,  0.800,0.00000,  0.000,
mon_rep231013,2023-10-13T11:24:19,2751.670,  0.400,1,0,247, 25.000, 14.525,  0.000,-23.077, 13.525, 13.800,  0.000, 14.825, 14.300,  0.525,  0.800,  1.000,  0.800,0.00000,  0.000,
mon_rep231013,2023-10-13T11:24:20,2752.070,  0.400,1,0,247, 25.000, 14.525,  0.000,-23.077, 13.525, 13.800,  0.000, 14.825, 14.300,  0.525,  0.800,  1.000,  0.800,0.00000,  0.000,
mon_rep231013,2023-10-13T11:24:20,2752.470,  0.400,1,0,247, 25.000, 14.525,  0.000,-23.077, 13.525, 13.800,  0.000, 14.825, 14.300,  0.525,  0.800,  1.000,  0.800,0.00000,  0.000,
mon_rep231013,2023-10-13T11:24:20,2752.870,  0.400,1,0,247, 25.000, 14.525,  0.000,-23.077, 13.525, 13.800,  0.000, 14.825, 14.300,  0.525,  0.800,  1.000,  0.800,0.00000,  0.000,
mon_rep231013,2023-10-13T11:24:21,2753.270,  0.400,1,0,247, 25.000, 14.525,  0.000,-23.077, 13.525, 13.800,  0.000, 14.825, 14.300,  0.525,  0.800,  1.000,  0.800,0.00000,  0.000,
mon_rep231013,2023-10-13T11:24:21,2753.670,  0.400,1,0,247, 25.000, 14.525,  0.000,-23.077, 13.525, 13.800,  0.000, 14.825, 14.300,  0.525,  0.800,  1.000,  0.800,0.00000,  0.000,
mon_rep231013,2023-10-13T11:24:22,2754.070,  0.400,1,0,247, 25.000, 14.525,  0.000,-23.077, 13.525, 13.800,  0.000, 14.825, 14.300,  0.525,  0.800,  1.000,  0.800,0.00000,  0.000,
mon_rep231013,2023-10-13T11:24:22,2754.470,  0.400,1,0,247, 25.000, 14.525,  0.000,-23.077, 13.525, 13.800,  0.000, 14.825, 14.300,  0.525,  0.800,  1.000,  0.800,0.00000,  0.000,
mon_rep231013,2023-10-13T11:24:22,2754.870,  0.400,1,0,247, 25.000, 14.525,  0.000,-23.077, 13.525, 13.800,  0.000, 14.825, 14.300,  0.525,  0.800,  1.000,  0.800,0.00000,  0.000,
mon_rep231013,2023-10-13T11:24:23,2755.270,  0.400,1,0,247, 25.000, 14.525,  0.000,-23.077, 13.525, 13.800,  0.000, 14.825, 14.300,  0.525,  0.800,  1.000,  0.800,0.00000,  0.000,
mon_rep231013,2023-10-13T11:24:23,2755.670,  0.400,1,0,247, 25.000, 14.525,  0.000,-23.077, 13.525, 13.800,  0.000, 14.825, 14.300,  0.525,  0.800,  1.000,  0.800,0.00000,  0.000,
mon_rep231013,2023-10-13T11:24:24,2756.070,  0.400,1,0,247, 25.000, 14.525,  0.000,-23.077, 13.525, 13.800,  0.000, 14.825, 14.300,  0.525,  0.800,  1.000,  0.800,0.00000,  0.000,
mon_rep231013,2023-10-13T11:24:24,2756.470,  0.400,1,0,247, 25.000, 14.525,  0.000,-23.077, 13.525, 13.800,  0.000, 14.825, 14.300,  0.525,  0.800,  1.000,  0.800,0.00000,  0.000,
mon_rep231013,2023-10-13T11:24:24,2756.870,  0.400,1,0,247, 25.000, 14.525,  0.000,-23.077, 13.525, 13.800,  0.000, 14.825, 14.300,  0.525,  0.800,  1.000,  0.800,0.00000,  0.000,
mon_rep231013,2023-10-13T11:24:25,2757.270,  0.400,1,0,247, 25.000, 14.525,  0.000,-23.077, 13.525, 13.800,  0.000, 14.825, 14.300,  0.525,  0.800,  1.000,  0.800,0.00000,  0.000,
mon_rep231013,2023-10-13T11:24:25,2757.670,  0.400,1,0,247, 25.000, 14.525,  0.000,-23.077, 13.525, 13.800,  0.000, 14.825, 14.300,  0.525,  0.800,  1.000,  0.800,0.00000,  0.000,
mon_rep231013,2023-10-13T11:24:26,2758.070,  0.400,1,0,247, 25.000, 14.525,  0.000,-23.077, 13.525, 13.800,  0.000, 14.825, 14.300,  0.525,  0.800,  1.000,  0.800,0.00000,  0.000,
mon_rep231013,2023-10-13T11:24:26,2758.470,  0.400,1,0,247, 25.000, 14.525,  0.000,-23.077, 13.525, 13.800,  0.000, 14.825, 14.300,  0.525,  0.800,  1.000,  0.800,0.00000,  0.000,
mon_rep231013,2023-10-13T11:24:26,2758.870,  0.400,1,0,247, 25.000, 14.525,  0.000,-23.077, 13.525, 13.800,  0.000, 14.825, 14.300,  0.525,  0.800,  1.000,  0.800,0.00000,  0.000,
mon_rep231013,2023-10-13T11:24:27,2759.270,  0.400,1,0,247, 25.000, 14.525,  0.000,-23.077, 13.525, 13.800,  0.000, 14.825, 14.300,  0.525,  0.800,  1.000,  0.800,0.00000,  0.000,
mon_rep231013,2023-10-13T11:24:27,2759.670,  0.400,1,0,247, 25.000, 14.525,  0.000,-23.077, 13.525, 13.800,  0.000, 14.825, 14.300,  0.525,  0.800,  1.000,  0.800,0.00000,  0.000,
mon_rep231013,2023-10-13T11:24:28,2760.070,  0.400,1,0,247, 25.000, 14.525,  0.000,-23.077, 13.525, 13.800,  0.000, 14.825, 14.300,  0.525,  0.800,  1.000,  0.800,0.00000,  0.000,
mon_rep231013,2023-10-13T11:24:28,2760.470,  0.400,1,0,247, 25.000, 14.525,  0.000,-23.077, 13.525, 13.800,  0.000, 14.825, 14.300,  0.525,  0.800,  1.000,  0.800,0.00000,  0.000,
mon_rep231013,2023-10-13T11:24:28,2760.870,  0.400,1,0,247, 25.000, 14.525,  0.000,-23.077, 13.525, 13.800,  0.000, 14.825, 14.300,  0.525,  0.800,  1.000,  0.800,0.00000,  0.000,
mon_rep231013,2023-10-13T11:24:29,2761.270,  0.400,1,0,247, 25.000, 14.525,  0.000,-23.077, 13.525, 13.800,  0.000, 14.825, 14.300,  0.525,  0.800,  1.000,  0.800,0.00000,  0.000,
mon_rep231013,2023-10-13T11:24:29,2761.670,  0.400,1,0,247, 25.000, 14.525,  0.000,-23.077, 13.525, 13.800,  0.000, 14.825, 14.300,  0.525,  0.800,  1.000,  0.800,0.00000,  0.000,
mon_rep231013,2023-10-13T11:24:30,2762.070,  0.400,1,0,247, 25.000, 14.525,  0.000,-23.077, 13.525, 13.800,  0.000, 14.825, 14.300,  0.525,  0.800,  1.000,  0.800,0.00000,  0.000,
mon_rep231013,2023-10-13T11:24:30,2762.470,  0.400,1,0,247, 25.000, 14.525,  0.000,-23.077, 13.525, 13.800,  0.000, 14.825, 14.300,  0.525,  0.800,  1.000,  0.800,0.00000,  0.000,
mon_rep231013,2023-10-13T11:24:30,2762.870,  0.400,1,0,247, 25.000, 14.525,  0.000,-23.077, 13.525, 13.800,  0.000, 14.825, 14.300,  0.525,  0.800,  1.000,  0.800,0.00000,  0.000,
mon_rep231013,2023-10-13T11:24:31,2763.270,  0.400,1,0,247, 25.000, 14.525,  0.000,-23.077, 13.525, 13.800,  0.000, 14.825, 14.300,  0.525,  0.800,  1.000,  0.800,0.00000,  0.000,
mon_rep231013,2023-10-13T11:24:31,2763.670,  0.400,1,0,247, 25.000, 14.525,  0.000,-23.077, 13.525, 13.800,  0.000, 14.825, 14.300,  0.525,  0.800,  1.000,  0.800,0.00000,  0.000,
mon_rep231013,2023-10-13T11:24:32,2764.070,  0.400,1,0,247, 25.000, 14.525,  0.000,-23.077, 13.525, 13.800,  0.000, 14.825, 14.300,  0.525,  0.800,  1.000,  0.800,0.00000,  0.000,
mon_rep231013,2023-10-13T11:24:32,2764.470,  0.400,1,0,247, 25.000, 14.525,  0.000,-23.077, 13.525, 13.800,  0.000, 14.825, 14.300,  0.525,  0.800,  1.000,  0.800,0.00000,  0.000,
mon_rep231013,2023-10-13T11:24:32,2764.870,  0.400,1,0,247, 25.000, 14.525,  0.000,-23.077, 13.525, 13.800,  0.000, 14.825, 14.300,  0.525,  0.800,  1.000,  0.800,0.00000,  0.000,
mon_rep231013,2023-10-13T11:24:33,2765.270,  0.400,1,0,247, 25.000, 14.525,  0.000,-23.077, 13.525, 13.800,  0.000, 14.825, 14.300,  0.525,  0.800,  1.000,  0.800,0.00000,  0.000,
mon_rep231013,2023-10-13T11:24:33,2765.670,  0.400,1,0,247, 25.000, 14.525,  0.000,-23.077, 13.525, 13.800,  0.000, 14.825, 14.300,  0.525,  0.800,  1.000,  0.800,0.00000,  0.000,
mon_rep231013,2023-10-13T11:24:34,2766.070,  0.400,1,0,247, 25.000, 14.525,  0.000,-23.077, 13.525, 13.800,  0.000, 14.825, 14.300,  0.525,  0.800,  1.000,  0.800,0.00000,  0.000,
mon_rep231013,2023-10-13T11:24:34,2766.470,  0.400,1,0,247, 25.000, 14.525,  0.000,-23.077, 13.525, 13.800,  0.000, 14.825, 14.300,  0.525,  0.800,  1.000,  0.800,0.00000,  0.000,
mon_rep231013,2023-10-13T11:24:34,2766.870,  0.400,1,0,247, 25.000, 14.525,  0.000,-23.077, 13.525, 13.800,  0.000, 14.825, 14.300,  0.525,  0.800,  1.000,  0.800,0.00000,  0.000,
mon_rep231013,2023-10-13T11:24:35,2767.270,  0.400,1,0,247, 25.000, 14.525,  0.000,-23.077, 13.525, 13.800,  0.000, 14.825, 14.300,  0.525,  0.800,  1.000,  0.800,0.00000,  0.000,
mon_rep231013,2023-10-13T11:24:35,2767.670,  0.400,1,0,247, 25.000, 14.525,  0.000,-23.077, 13.525, 13.800,  0.000, 14.825, 14.300,  0.525,  0.800,  1.000,  0.800,0.00000,  0.000,
mon_rep231013,2023-10-13T11:24:36,2768.070,  0.400,1,0,247, 25.000, 14.525,  0.000,-23.077, 13.525, 13.800,  0.000, 14.825, 14.300,  0.525,  0.800,  1.000,  0.800,0.00000,  0.000,
mon_rep231013,2023-10-13T11:24:36,2768.470,  0.400,1,0,247, 25.000, 14.525,  0.000,-23.077, 13.525, 13.800,  0.000, 14.825, 14.300,  0.525,  0.800,  1.000,  0.800,0.00000,  0.000,
mon_rep231013,2023-10-13T11:24:36,2768.870,  0.400,1,0,247, 25.000, 14.525,  0.000,-23.077, 13.525, 13.800,  0.000, 14.825, 14.300,  0.525,  0.800,  1.000,  0.800,0.00000,  0.000,
mon_rep231013,2023-10-13T11:24:37,2769.270,  0.400,1,0,247, 25.000, 14.525,  0.000,-23.077, 13.525, 13.800,  0.000, 14.825, 14.300,  0.525,  0.800,  1.000,  0.800,0.00000,  0.000,
mon_rep231013,2023-10-13T11:24:37,2769.670,  0.400,1,0,247, 25.000, 14.525,  0.000,-23.077, 13.525, 13.800,  0.000, 14.825, 14.300,  0.525,  0.800,  1.000,  0.800,0.00000,  0.000,
mon_rep231013,2023-10-13T11:24:38,2770.070,  0.400,1,0,247, 25.000, 14.525,  0.000,-23.077, 13.525, 13.800,  0.000, 14.825, 14.300,  0.525,  0.800,  1.000,  0.800,0.00000,  0.000,
mon_rep231013,2023-10-13T11:24:38,2770.470,  0.400,1,0,247, 25.000, 14.525,  0.000,-23.077, 13.525, 13.800,  0.000, 14.825, 14.300,  0.525,  0.800,  1.000,  0.800,0.00000,  0.000,
mon_rep231013,2023-10-13T11:24:38,2770.870,  0.400,1,0,247, 25.000, 14.525,  0.000,-23.077, 13.525, 13.800,  0.000, 14.825, 14.300,  0.525,  0.800,  1.000,  0.800,0.00000,  0.000,
mon_rep231013,2023-10-13T11:24:39,2771.270,  0.400,1,0,247, 25.000, 14.525,  0.000,-23.077, 13.525, 13.800,  0.000, 14.825, 14.300,  0.525,  0.800,  1.000,  0.800,0.00000,  0.000,
mon_rep231013,2023-10-13T11:24:39,2771.670,  0.400,1,0,247, 25.000, 14.525,  0.000,-23.077, 13.525, 13.800,  0.000, 14.825, 14.300,  0.525,  0.800,  1.000,  0.800,0.00000,  0.000,
mon_rep231013,2023-10-13T11:24:40,2772.070,  0.400,1,0,247, 25.000, 14.525,  0.000,-23.077, 13.525, 13.800,  0.000, 14.825, 14.300,  0.525,  0.800,  1.000,  0.800,0.00000,  0.000,
mon_rep231013,2023-10-13T11:24:40,2772.470,  0.400,1,0,247, 25.000, 14.525,  0.000,-23.077, 13.525, 13.800,  0.000, 14.825, 14.300,  0.525,  0.800,  1.000,  0.800,0.00000,  0.000,
mon_rep231013,2023-10-13T11:24:40,2772.870,  0.400,1,0,247, 25.000, 14.525,  0.000,-23.077, 13.525, 13.800,  0.000, 14.825, 14.300,  0.525,  0.800,  1.000,  0.800,0.00000,  0.000,
mon_rep231013,2023-10-13T11:24:41,2773.270,  0.400,1,0,247, 25.000, 14.525,  0.000,-23.077, 13.525, 13.800,  0.000, 14.825, 14.300,  0.525,  0.800,  1.000,  0.800,0.00000,  0.000,
mon_rep231013,2023-10-13T11:24:41,2773.670,  0.400,1,0,247, 25.000, 14.525,  0.000,-23.077, 13.525, 13.800,  0.000, 14.825, 14.300,  0.525,  0.800,  1.000,  0.800,0.00000,  0.000,
mon_rep231013,2023-10-13T11:24:42,2774.070,  0.400,1,0,247, 25.000, 14.525,  0.000,-23.077, 13.525, 13.800,  0.000, 14.825, 14.300,  0.525,  0.800,  1.000,  0.800,0.00000,  0.000,
mon_rep231013,2023-10-13T11:24:42,2774.470,  0.400,1,0,247, 25.000, 14.525,  0.000,-23.077, 13.525, 13.800,  0.000, 14.825, 14.300,  0.525,  0.800,  1.000,  0.800,0.00000,  0.000,
mon_rep231013,2023-10-13T11:24:42,2774.870,  0.400,1,0,247, 25.000, 14.525,  0.000,-23.077, 13.525, 13.800,  0.000, 14.825, 14.300,  0.525,  0.800,  1.000,  0.800,0.00000,  0.000,
mon_rep231013,2023-10-13T11:24:43,2775.270,  0.400,1,0,247, 25.000, 14.525,  0.000,-23.077, 13.525, 13.800,  0.000, 14.825, 14.300,  0.525,  0.800,  1.000,  0.800,0.00000,  0.000,
mon_rep231013,2023-10-13T11:24:43,2775.670,  0.400,1,0,247, 25.000, 14.525,  0.000,-23.077, 13.525, 13.800,  0.000, 14.825, 14.300,  0.525,  0.800,  1.000,  0.800,0.00000,  0.000,
mon_rep231013,2023-10-13T11:24:44,2776.070,  0.400,1,0,247, 25.000, 14.525,  0.000,-23.077, 13.525, 13.800,  0.000, 14.825, 14.300,  0.525,  0.800,  1.000,  0.800,0.00000,  0.000,
mon_rep231013,2023-10-13T11:24:44,2776.470,  0.400,1,0,247, 25.000, 14.525,  0.000,-23.077, 13.525, 13.800,  0.000, 14.825, 14.300,  0.525,  0.800,  1.000,  0.800,0.00000,  0.000,
mon_rep231013,2023-10-13T11:24:44,2776.870,  0.400,1,0,247, 25.000, 14.525,  0.000,-23.077, 13.525, 13.800,  0.000, 14.825, 14.300,  0.525,  0.800,  1.000,  0.800,0.00000,  0.000,
mon_rep231013,2023-10-13T11:24:45,2777.270,  0.400,1,0,247, 25.000, 14.525,  0.000,-23.077, 13.525, 13.800,  0.000, 14.825, 14.300,  0.525,  0.800,  1.000,  0.800,0.00000,  0.000,
mon_rep231013,2023-10-13T11:24:45,2777.670,  0.400,1,0,247, 25.000, 14.525,  0.000,-23.077, 13.525, 13.800,  0.000, 14.825, 14.300,  0.525,  0.800,  1.000,  0.800,0.00000,  0.000,
mon_rep231013,2023-10-13T11:24:46,2778.070,  0.400,1,0,247, 25.000, 14.525,  0.000,-23.077, 13.525, 13.800,  0.000, 14.825, 14.300,  0.525,  0.800,  1.000,  0.800,0.00000,  0.000,
mon_rep231013,2023-10-13T11:24:46,2778.470,  0.400,1,0,247, 25.000, 14.525,  0.000,-23.077, 13.525, 13.800,  0.000, 14.825, 14.300,  0.525,  0.800,  1.000,  0.800,0.00000,  0.000,
mon_rep231013,2023-10-13T11:24:46,2778.870,  0.400,1,0,247, 25.000, 14.525,  0.000,-23.077, 13.525, 13.800,  0.000, 14.825, 14.300,  0.525,  0.800,  1.000,  0.800,0.00000,  0.000,
mon_rep231013,2023-10-13T11:24:47,2779.270,  0.400,1,0,247, 25.000, 14.525,  0.000,-23.077, 13.525, 13.800,  0.000, 14.825, 14.300,  0.525,  0.800,  1.000,  0.800,0.00000,  0.000,
mon_rep231013,2023-10-13T11:24:47,2779.670,  0.400,1,0,247, 25.000, 14.525,  0.000,-23.077, 13.525, 13.800,  0.000, 14.825, 14.300,  0.525,  0.800,  1.000,  0.800,0.00000,  0.000,
mon_rep231013,2023-10-13T11:24:48,2780.070,  0.400,1,0,247, 25.000, 14.525,  0.000,-23.077, 13.525, 13.800,  0.000, 14.825, 14.300,  0.525,  0.800,  1.000,  0.800,0.00000,  0.000,
mon_rep231013,2023-10-13T11:24:48,2780.470,  0.400,1,0,247, 25.000, 14.525,  0.000,-23.077, 13.525, 13.800,  0.000, 14.825, 14.300,  0.525,  0.800,  1.000,  0.800,0.00000,  0.000,
mon_rep231013,2023-10-13T11:24:48,2780.870,  0.400,1,0,247, 25.000, 14.525,  0.000,-23.077, 13.525, 13.800,  0.000, 14.825, 14.300,  0.525,  0.800,  1.000,  0.800,0.00000,  0.000,
mon_rep231013,2023-10-13T11:24:49,2781.270,  0.400,1,0,247, 25.000, 14.525,  0.000,-23.077, 13.525, 13.800,  0.000, 14.825, 14.300,  0.525,  0.800,  1.000,  0.800,0.00000,  0.000,
mon_rep231013,2023-10-13T11:24:49,2781.670,  0.400,1,0,247, 25.000, 14.525,  0.000,-23.077, 13.525, 13.800,  0.000, 14.825, 14.300,  0.525,  0.800,  1.000,  0.800,0.00000,  0.000,
mon_rep231013,2023-10-13T11:24:50,2782.070,  0.400,1,0,247, 25.000, 14.525,  0.000,-23.077, 13.525, 13.800,  0.000, 14.825, 14.300,  0.525,  0.800,  1.000,  0.800,0.00000,  0.000,
mon_rep231013,2023-10-13T11:24:50,2782.470,  0.400,1,0,247, 25.000, 14.525,  0.000,-23.077, 13.525, 13.800,  0.000, 14.825, 14.300,  0.525,  0.800,  1.000,  0.800,0.00000,  0.000,
mon_rep231013,2023-10-13T11:24:50,2782.870,  0.400,1,0,247, 25.000, 14.525,  0.000,-23.077, 13.525, 13.800,  0.000, 14.825, 14.300,  0.525,  0.800,  1.000,  0.800,0.00000,  0.000,
mon_rep231013,2023-10-13T11:24:51,2783.270,  0.400,1,0,247, 25.000, 14.525,  0.000,-23.077, 13.525, 13.800,  0.000, 14.825, 14.300,  0.525,  0.800,  1.000,  0.800,0.00000,  0.000,
mon_rep231013,2023-10-13T11:24:51,2783.670,  0.400,1,0,247, 25.000, 14.525,  0.000,-23.077, 13.525, 13.800,  0.000, 14.825, 14.300,  0.525,  0.800,  1.000,  0.800,0.00000,  0.000,
mon_rep231013,2023-10-13T11:24:52,2784.070,  0.400,1,0,247, 25.000, 14.525,  0.000,-23.077, 13.525, 13.800,  0.000, 14.825, 14.300,  0.525,  0.800,  1.000,  0.800,0.00000,  0.000,
mon_rep231013,2023-10-13T11:24:52,2784.470,  0.400,1,0,247, 25.000, 14.525,  0.000,-23.077, 13.525, 13.800,  0.000, 14.825, 14.300,  0.525,  0.800,  1.000,  0.800,0.00000,  0.000,
mon_rep231013,2023-10-13T11:24:52,2784.870,  0.400,1,0,247, 25.000, 14.525,  0.000,-23.077, 13.525, 13.800,  0.000, 14.825, 14.300,  0.525,  0.800,  1.000,  0.800,0.00000,  0.000,
mon_rep231013,2023-10-13T11:24:53,2785.270,  0.400,1,0,247, 25.000, 14.525,  0.000,-23.077, 13.525, 13.800,  0.000, 14.825, 14.300,  0.525,  0.800,  1.000,  0.800,0.00000,  0.000,
mon_rep231013,2023-10-13T11:24:53,2785.670,  0.400,1,0,247, 25.000, 14.525,  0.000,-23.077, 13.525, 13.800,  0.000, 14.825, 14.300,  0.525,  0.800,  1.000,  0.800,0.00000,  0.000,
mon_rep231013,2023-10-13T11:24:54,2786.070,  0.400,1,0,247, 25.000, 14.525,  0.000,-23.077, 13.525, 13.800,  0.000, 14.825, 14.300,  0.525,  0.800,  1.000,  0.800,0.00000,  0.000,
mon_rep231013,2023-10-13T11:24:54,2786.470,  0.400,1,0,247, 25.000, 14.525,  0.000,-23.077, 13.525, 13.800,  0.000, 14.825, 14.300,  0.525,  0.800,  1.000,  0.800,0.00000,  0.000,
mon_rep231013,2023-10-13T11:24:54,2786.870,  0.400,1,0,247, 25.000, 14.525,  0.000,-23.077, 13.525, 13.800,  0.000, 14.825, 14.300,  0.525,  0.800,  1.000,  0.800,0.00000,  0.000,
mon_rep231013,2023-10-13T11:24:55,2787.270,  0.400,1,0,247, 25.000, 14.525,  0.000,-23.077, 13.525, 13.800,  0.000, 14.825, 14.300,  0.525,  0.800,  1.000,  0.800,0.00000,  0.000,
mon_rep231013,2023-10-13T11:24:55,2787.670,  0.400,1,0,247, 25.000, 14.525,  0.000,-23.077, 13.525, 13.800,  0.000, 14.825, 14.300,  0.525,  0.800,  1.000,  0.800,0.00000,  0.000,
mon_rep231013,2023-10-13T11:24:56,2788.070,  0.400,1,0,247, 25.000, 14.525,  0.000,-23.077, 13.525, 13.800,  0.000, 14.825, 14.300,  0.525,  0.800,  1.000,  0.800,0.00000,  0.000,
mon_rep231013,2023-10-13T11:24:56,2788.470,  0.400,1,0,247, 25.000, 14.525,  0.000,-23.077, 13.525, 13.800,  0.000, 14.825, 14.300,  0.525,  0.800,  1.000,  0.800,0.00000,  0.000,
mon_rep231013,2023-10-13T11:24:56,2788.870,  0.400,1,0,247, 25.000, 14.525,  0.000,-23.077, 13.525, 13.800,  0.000, 14.825, 14.300,  0.525,  0.800,  1.000,  0.800,0.00000,  0.000,
mon_rep231013,2023-10-13T11:24:57,2789.270,  0.400,1,0,247, 25.000, 14.525,  0.000,-23.077, 13.525, 13.800,  0.000, 14.825, 14.300,  0.525,  0.800,  1.000,  0.800,0.00000,  0.000,
mon_rep231013,2023-10-13T11:24:57,2789.670,  0.400,1,0,247, 25.000, 14.525,  0.000,-23.077, 13.525, 13.800,  0.000, 14.825, 14.300,  0.525,  0.800,  1.000,  0.800,0.00000,  0.000,
mon_rep231013,2023-10-13T11:24:58,2790.070,  0.400,1,0,247, 25.000, 14.525,  0.000,-23.077, 13.525, 13.800,  0.000, 14.825, 14.300,  0.525,  0.800,  1.000,  0.800,0.00000,  0.000,
mon_rep231013,2023-10-13T11:24:58,2790.470,  0.400,1,0,247, 25.000, 14.525,  0.000,-23.077, 13.525, 13.800,  0.000, 14.825, 14.300,  0.525,  0.800,  1.000,  0.800,0.00000,  0.000,
mon_rep231013,2023-10-13T11:24:58,2790.870,  0.400,1,0,247, 25.000, 14.525,  0.000,-23.077, 13.525, 13.800,  0.000, 14.825, 14.300,  0.525,  0.800,  1.000,  0.800,0.00000,  0.000,
mon_rep231013,2023-10-13T11:24:59,2791.270,  0.400,1,0,247, 25.000, 14.525,  0.000,-23.077, 13.525, 13.800,  0.000, 14.825, 14.300,  0.525,  0.800,  1.000,  0.800,0.00000,  0.000,
mon_rep231013,2023-10-13T11:24:59,2791.670,  0.400,1,0,247, 25.000, 14.525,  0.000,-23.077, 13.525, 13.800,  0.000, 14.825, 14.300,  0.525,  0.800,  1.000,  0.800,0.00000,  0.000,
mon_rep231013,2023-10-13T11:25:00,2792.070,  0.400,1,0,247, 25.000, 14.525,  0.000,-23.077, 13.525, 13.800,  0.000, 14.825, 14.300,  0.525,  0.800,  1.000,  0.800,0.00000,  0.000,
mon_rep231013,2023-10-13T11:25:00,2792.470,  0.400,1,0,247, 25.000, 14.525,  0.000,-23.077, 13.525, 13.800,  0.000, 14.825, 14.300,  0.525,  0.800,  1.000,  0.800,0.00000,  0.000,
mon_rep231013,2023-10-13T11:25:00,2792.870,  0.400,1,0,247, 25.000, 14.525,  0.000,-23.077, 13.525, 13.800,  0.000, 14.825, 14.300,  0.525,  0.800,  1.000,  0.800,0.00000,  0.000,
mon_rep231013,2023-10-13T11:25:01,2793.270,  0.400,1,0,247, 25.000, 14.525,  0.000,-23.077, 13.525, 13.800,  0.000, 14.825, 14.300,  0.525,  0.800,  1.000,  0.800,0.00000,  0.000,
mon_rep231013,2023-10-13T11:25:01,2793.670,  0.400,1,0,247, 25.000, 14.525,  0.000,-23.077, 13.525, 13.800,  0.000, 14.825, 14.300,  0.525,  0.800,  1.000,  0.800,0.00000,  0.000,
mon_rep231013,2023-10-13T11:25:02,2794.070,  0.400,1,0,247, 25.000, 14.525,  0.000,-23.077, 13.525, 13.800,  0.000, 14.825, 14.300,  0.525,  0.800,  1.000,  0.800,0.00000,  0.000,
mon_rep231013,2023-10-13T11:25:02,2794.470,  0.400,1,0,247, 25.000, 14.525,  0.000,-23.077, 13.525, 13.800,  0.000, 14.825, 14.300,  0.525,  0.800,  1.000,  0.800,0.00000,  0.000,
mon_rep231013,2023-10-13T11:25:02,2794.870,  0.400,1,0,247, 25.000, 14.525,  0.000,-23.077, 13.525, 13.800,  0.000, 14.825, 14.300,  0.525,  0.800,  1.000,  0.800,0.00000,  0.000,
mon_rep231013,2023-10-13T11:25:03,2795.270,  0.400,1,0,247, 25.000, 14.525,  0.000,-23.077, 13.525, 13.800,  0.000, 14.825, 14.300,  0.525,  0.800,  1.000,  0.800,0.00000,  0.000,
mon_rep231013,2023-10-13T11:25:03,2795.670,  0.400,1,0,247, 25.000, 14.525,  0.000,-23.077, 13.525, 13.800,  0.000, 14.825, 14.300,  0.525,  0.800,  1.000,  0.800,0.00000,  0.000,
mon_rep231013,2023-10-13T11:25:04,2796.070,  0.400,1,0,247, 25.000, 14.525,  0.000,-23.077, 13.525, 13.800,  0.000, 14.825, 14.300,  0.525,  0.800,  1.000,  0.800,0.00000,  0.000,
mon_rep231013,2023-10-13T11:25:04,2796.470,  0.400,1,0,247, 25.000, 14.525,  0.000,-23.077, 13.525, 13.800,  0.000, 14.825, 14.300,  0.525,  0.800,  1.000,  0.800,0.00000,  0.000,
mon_rep231013,2023-10-13T11:25:04,2796.870,  0.400,1,0,247, 25.000, 14.525,  0.000,-23.077, 13.525, 13.800,  0.000, 14.825, 14.300,  0.525,  0.800,  1.000,  0.800,0.00000,  0.000,
mon_rep231013,2023-10-13T11:25:05,2797.270,  0.400,1,0,247, 25.000, 14.525,  0.000,-23.077, 13.525, 13.800,  0.000, 14.825, 14.300,  0.525,  0.800,  1.000,  0.800,0.00000,  0.000,
mon_rep231013,2023-10-13T11:25:05,2797.670,  0.400,1,0,247, 25.000, 14.525,  0.000,-23.077, 13.525, 13.800,  0.000, 14.825, 14.300,  0.525,  0.800,  1.000,  0.800,0.00000,  0.000,
mon_rep231013,2023-10-13T11:25:06,2798.070,  0.400,1,0,247, 25.000, 14.525,  0.000,-23.077, 13.525, 13.800,  0.000, 14.825, 14.300,  0.525,  0.800,  1.000,  0.800,0.00000,  0.000,
mon_rep231013,2023-10-13T11:25:06,2798.470,  0.400,1,0,247, 25.000, 14.525,  0.000,-23.077, 13.525, 13.800,  0.000, 14.825, 14.300,  0.525,  0.800,  1.000,  0.800,0.00000,  0.000,
mon_rep231013,2023-10-13T11:25:06,2798.870,  0.400,1,0,247, 25.000, 14.525,  0.000,-23.077, 13.525, 13.800,  0.000, 14.825, 14.300,  0.525,  0.800,  1.000,  0.800,0.00000,  0.000,
mon_rep231013,2023-10-13T11:25:07,2799.270,  0.400,1,0,247, 25.000, 14.525,  0.000,-23.077, 13.525, 13.800,  0.000, 14.825, 14.300,  0.525,  0.800,  1.000,  0.800,0.00000,  0.000,
mon_rep231013,2023-10-13T11:25:07,2799.670,  0.400,1,0,247, 25.000, 14.525,  0.000,-23.077, 13.525, 13.800,  0.000, 14.825, 14.300,  0.525,  0.800,  1.000,  0.800,0.00000,  0.000,
mon_rep231013,2023-10-13T11:25:08,2800.070,  0.400,1,0,247, 25.000, 14.525,  0.000,-23.077, 13.525, 13.800,  0.000, 14.825, 14.300,  0.525,  0.800,  1.000,  0.800,0.00000,  0.000,
mon_rep231013,2023-10-13T11:25:08,2800.470,  0.400,1,0,247, 25.000, 14.525,  0.000,-23.077, 13.525, 13.800,  0.000, 14.825, 14.300,  0.525,  0.800,  1.000,  0.800,0.00000,  0.000,
mon_rep231013,2023-10-13T11:25:08,2800.870,  0.400,1,0,247, 25.000, 14.525,  0.000,-23.077, 13.525, 13.800,  0.000, 14.825, 14.300,  0.525,  0.800,  1.000,  0.800,0.00000,  0.000,
mon_rep231013,2023-10-13T11:25:09,2801.270,  0.400,1,0,247, 25.000, 14.525,  0.000,-23.077, 13.525, 13.800,  0.000, 14.825, 14.300,  0.525,  0.800,  1.000,  0.800,0.00000,  0.000,
mon_rep231013,2023-10-13T11:25:09,2801.670,  0.400,1,0,247, 25.000, 14.525,  0.000,-23.077, 13.525, 13.800,  0.000, 14.825, 14.300,  0.525,  0.800,  1.000,  0.800,0.00000,  0.000,
mon_rep231013,2023-10-13T11:25:10,2802.070,  0.400,1,0,247, 25.000, 14.525,  0.000,-23.077, 13.525, 13.800,  0.000, 14.825, 14.300,  0.525,  0.800,  1.000,  0.800,0.00000,  0.000,
mon_rep231013,2023-10-13T11:25:10,2802.470,  0.400,1,0,247, 25.000, 14.525,  0.000,-23.077, 13.525, 13.800,  0.000, 14.825, 14.300,  0.525,  0.800,  1.000,  0.800,0.00000,  0.000,
mon_rep231013,2023-10-13T11:25:10,2802.870,  0.400,1,0,247, 25.000, 14.525,  0.000,-23.077, 13.525, 13.800,  0.000, 14.825, 14.300,  0.525,  0.800,  1.000,  0.800,0.00000,  0.000,
mon_rep231013,2023-10-13T11:25:11,2803.270,  0.400,1,0,247, 25.000, 14.525,  0.000,-23.077, 13.525, 13.800,  0.000, 14.825, 14.300,  0.525,  0.800,  1.000,  0.800,0.00000,  0.000,
mon_rep231013,2023-10-13T11:25:11,2803.670,  0.400,1,0,247, 25.000, 14.525,  0.000,-23.077, 13.525, 13.800,  0.000, 14.825, 14.300,  0.525,  0.800,  1.000,  0.800,0.00000,  0.000,
mon_rep231013,2023-10-13T11:25:12,2804.070,  0.400,1,0,247, 25.000, 14.525,  0.000,-23.077, 13.525, 13.800,  0.000, 14.825, 14.300,  0.525,  0.800,  1.000,  0.800,0.00000,  0.000,
mon_rep231013,2023-10-13T11:25:12,2804.470,  0.400,1,0,247, 25.000, 14.525,  0.000,-23.077, 13.525, 13.800,  0.000, 14.825, 14.300,  0.525,  0.800,  1.000,  0.800,0.00000,  0.000,
mon_rep231013,2023-10-13T11:25:12,2804.870,  0.400,1,0,247, 25.000, 14.525,  0.000,-23.077, 13.525, 13.800,  0.000, 14.825, 14.300,  0.525,  0.800,  1.000,  0.800,0.00000,  0.000,
mon_rep231013,2023-10-13T11:25:13,2805.270,  0.400,1,0,247, 25.000, 14.525,  0.000,-23.077, 13.525, 13.800,  0.000, 14.825, 14.300,  0.525,  0.800,  1.000,  0.800,0.00000,  0.000,
mon_rep231013,2023-10-13T11:25:13,2805.670,  0.400,1,0,247, 25.000, 14.525,  0.000,-23.077, 13.525, 13.800,  0.000, 14.825, 14.300,  0.525,  0.800,  1.000,  0.800,0.00000,  0.000,
mon_rep231013,2023-10-13T11:25:14,2806.070,  0.400,1,0,247, 25.000, 14.525,  0.000,-23.077, 13.525, 13.800,  0.000, 14.825, 14.300,  0.525,  0.800,  1.000,  0.800,0.00000,  0.000,
mon_rep231013,2023-10-13T11:25:14,2806.470,  0.400,1,0,247, 25.000, 14.525,  0.000,-23.077, 13.525, 13.800,  0.000, 14.825, 14.300,  0.525,  0.800,  1.000,  0.800,0.00000,  0.000,
mon_rep231013,2023-10-13T11:25:14,2806.870,  0.400,1,0,247, 25.000, 14.525,  0.000,-23.077, 13.525, 13.800,  0.000, 14.825, 14.300,  0.525,  0.800,  1.000,  0.800,0.00000,  0.000,
mon_rep231013,2023-10-13T11:25:15,2807.270,  0.400,1,0,247, 25.000, 14.525,  0.000,-23.077, 13.525, 13.800,  0.000, 14.825, 14.300,  0.525,  0.800,  1.000,  0.800,0.00000,  0.000,
mon_rep231013,2023-10-13T11:25:15,2807.670,  0.400,1,0,247, 25.000, 14.525,  0.000,-23.077, 13.525, 13.800,  0.000, 14.825, 14.300,  0.525,  0.800,  1.000,  0.800,0.00000,  0.000,
mon_rep231013,2023-10-13T11:25:16,2808.070,  0.400,1,0,247, 25.000, 14.525,  0.000,-23.077, 13.525, 13.800,  0.000, 14.825, 14.300,  0.525,  0.800,  1.000,  0.800,0.00000,  0.000,
mon_rep231013,2023-10-13T11:25:16,2808.470,  0.400,1,0,247, 25.000, 14.525,  0.000,-23.077, 13.525, 13.800,  0.000, 14.825, 14.300,  0.525,  0.800,  1.000,  0.800,0.00000,  0.000,
mon_rep231013,2023-10-13T11:25:16,2808.870,  0.400,1,0,247, 25.000, 14.525,  0.000,-23.077, 13.525, 13.800,  0.000, 14.825, 14.300,  0.525,  0.800,  1.000,  0.800,0.00000,  0.000,
mon_rep231013,2023-10-13T11:25:17,2809.270,  0.400,1,0,247, 25.000, 14.525,  0.000,-23.077, 13.525, 13.800,  0.000, 14.825, 14.300,  0.525,  0.800,  1.000,  0.800,0.00000,  0.000,
mon_rep231013,2023-10-13T11:25:17,2809.670,  0.400,1,0,247, 25.000, 14.525,  0.000,-23.077, 13.525, 13.800,  0.000, 14.825, 14.300,  0.525,  0.800,  1.000,  0.800,0.00000,  0.000,
mon_rep231013,2023-10-13T11:25:18,2810.070,  0.400,1,0,247, 25.000, 14.525,  0.000,-23.077, 13.525, 13.800,  0.000, 14.825, 14.300,  0.525,  0.800,  1.000,  0.800,0.00000,  0.000,
mon_rep231013,2023-10-13T11:25:18,2810.470,  0.400,1,0,247, 25.000, 14.525,  0.000,-23.077, 13.525, 13.800,  0.000, 14.825, 14.300,  0.525,  0.800,  1.000,  0.800,0.00000,  0.000,
mon_rep231013,2023-10-13T11:25:18,2810.870,  0.400,1,0,247, 25.000, 14.525,  0.000,-23.077, 13.525, 13.800,  0.000, 14.825, 14.300,  0.525,  0.800,  1.000,  0.800,0.00000,  0.000,
mon_rep231013,2023-10-13T11:25:19,2811.270,  0.400,1,0,247, 25.000, 14.525,  0.000,-23.077, 13.525, 13.800,  0.000, 14.825, 14.300,  0.525,  0.800,  1.000,  0.800,0.00000,  0.000,
mon_rep231013,2023-10-13T11:25:19,2811.670,  0.400,1,0,247, 25.000, 14.525,  0.000,-23.077, 13.525, 13.800,  0.000, 14.825, 14.300,  0.525,  0.800,  1.000,  0.800,0.00000,  0.000,
mon_rep231013,2023-10-13T11:25:20,2812.070,  0.400,1,0,247, 25.000, 14.525,  0.000,-23.077, 13.525, 13.800,  0.000, 14.825, 14.300,  0.525,  0.800,  1.000,  0.800,0.00000,  0.000,
mon_rep231013,2023-10-13T11:25:20,2812.470,  0.400,1,0,247, 25.000, 14.525,  0.000,-23.077, 13.525, 13.800,  0.000, 14.825, 14.300,  0.525,  0.800,  1.000,  0.800,0.00000,  0.000,
mon_rep231013,2023-10-13T11:25:20,2812.870,  0.400,1,0,247, 25.000, 14.525,  0.000,-23.077, 13.525, 13.800,  0.000, 14.825, 14.300,  0.525,  0.800,  1.000,  0.800,0.00000,  0.000,
mon_rep231013,2023-10-13T11:25:21,2813.270,  0.400,1,0,247, 25.000, 14.525,  0.000,-23.077, 13.525, 13.800,  0.000, 14.825, 14.300,  0.525,  0.800,  1.000,  0.800,0.00000,  0.000,
mon_rep231013,2023-10-13T11:25:21,2813.670,  0.400,1,0,247, 25.000, 14.525,  0.000,-23.077, 13.525, 13.800,  0.000, 14.825, 14.300,  0.525,  0.800,  1.000,  0.800,0.00000,  0.000,
mon_rep231013,2023-10-13T11:25:22,2814.070,  0.400,1,0,247, 25.000, 14.525,  0.000,-23.077, 13.525, 13.800,  0.000, 14.825, 14.300,  0.525,  0.800,  1.000,  0.800,0.00000,  0.000,
mon_rep231013,2023-10-13T11:25:22,2814.470,  0.400,1,0,247, 25.000, 14.525,  0.000,-23.077, 13.525, 13.800,  0.000, 14.825, 14.300,  0.525,  0.800,  1.000,  0.800,0.00000,  0.000,
mon_rep231013,2023-10-13T11:25:22,2814.870,  0.400,1,0,247, 25.000, 14.525,  0.000,-23.077, 13.525, 13.800,  0.000, 14.825, 14.300,  0.525,  0.800,  1.000,  0.800,0.00000,  0.000,
mon_rep231013,2023-10-13T11:25:23,2815.270,  0.400,1,0,247, 25.000, 14.525,  0.000,-23.077, 13.525, 13.800,  0.000, 14.825, 14.300,  0.525,  0.800,  1.000,  0.800,0.00000,  0.000,
mon_rep231013,2023-10-13T11:25:23,2815.670,  0.400,1,0,247, 25.000, 14.525,  0.000,-23.077, 13.525, 13.800,  0.000, 14.825, 14.300,  0.525,  0.800,  1.000,  0.800,0.00000,  0.000,
mon_rep231013,2023-10-13T11:25:24,2816.070,  0.400,1,0,247, 25.000, 14.525,  0.000,-23.077, 13.525, 13.800,  0.000, 14.825, 14.300,  0.525,  0.800,  1.000,  0.800,0.00000,  0.000,
mon_rep231013,2023-10-13T11:25:24,2816.470,  0.400,1,0,247, 25.000, 14.525,  0.000,-23.077, 13.525, 13.800,  0.000, 14.825, 14.300,  0.525,  0.800,  1.000,  0.800,0.00000,  0.000,
mon_rep231013,2023-10-13T11:25:24,2816.870,  0.400,1,0,247, 25.000, 14.525,  0.000,-23.077, 13.525, 13.800,  0.000, 14.825, 14.300,  0.525,  0.800,  1.000,  0.800,0.00000,  0.000,
mon_rep231013,2023-10-13T11:25:25,2817.270,  0.400,1,0,247, 25.000, 14.525,  0.000,-23.077, 13.525, 13.800,  0.000, 14.825, 14.300,  0.525,  0.800,  1.000,  0.800,0.00000,  0.000,
mon_rep231013,2023-10-13T11:25:25,2817.670,  0.400,1,0,247, 25.000, 14.525,  0.000,-23.077, 13.525, 13.800,  0.000, 14.825, 14.300,  0.525,  0.800,  1.000,  0.800,0.00000,  0.000,
mon_rep231013,2023-10-13T11:25:26,2818.070,  0.400,1,0,247, 25.000, 14.525,  0.000,-23.077, 13.525, 13.800,  0.000, 14.825, 14.300,  0.525,  0.800,  1.000,  0.800,0.00000,  0.000,
mon_rep231013,2023-10-13T11:25:26,2818.470,  0.400,1,0,247, 25.000, 14.525,  0.000,-23.077, 13.525, 13.800,  0.000, 14.825, 14.300,  0.525,  0.800,  1.000,  0.800,0.00000,  0.000,
mon_rep231013,2023-10-13T11:25:26,2818.870,  0.400,1,0,247, 25.000, 14.525,  0.000,-23.077, 13.525, 13.800,  0.000, 14.825, 14.300,  0.525,  0.800,  1.000,  0.800,0.00000,  0.000,
mon_rep231013,2023-10-13T11:25:27,2819.270,  0.400,1,0,247, 25.000, 14.525,  0.000,-23.077, 13.525, 13.800,  0.000, 14.825, 14.300,  0.525,  0.800,  1.000,  0.800,0.00000,  0.000,
mon_rep231013,2023-10-13T11:25:27,2819.670,  0.400,1,0,247, 25.000, 14.525,  0.000,-23.077, 13.525, 13.800,  0.000, 14.825, 14.300,  0.525,  0.800,  1.000,  0.800,0.00000,  0.000,
mon_rep231013,2023-10-13T11:25:28,2820.070,  0.400,1,0,247, 25.000, 14.525,  0.000,-23.077, 13.525, 13.800,  0.000, 14.825, 14.300,  0.525,  0.800,  1.000,  0.800,0.00000,  0.000,
mon_rep231013,2023-10-13T11:25:28,2820.470,  0.400,1,0,247, 25.000, 14.525,  0.000,-23.077, 13.525, 13.800,  0.000, 14.825, 14.300,  0.525,  0.800,  1.000,  0.800,0.00000,  0.000,
mon_rep231013,2023-10-13T11:25:28,2820.870,  0.400,1,0,247, 25.000, 14.525,  0.000,-23.077, 13.525, 13.800,  0.000, 14.825, 14.300,  0.525,  0.800,  1.000,  0.800,0.00000,  0.000,
mon_rep231013,2023-10-13T11:25:29,2821.270,  0.400,1,0,247, 25.000, 14.525,  0.000,-23.077, 13.525, 13.800,  0.000, 14.825, 14.300,  0.525,  0.800,  1.000,  0.800,0.00000,  0.000,
mon_rep231013,2023-10-13T11:25:29,2821.670,  0.400,1,0,247, 25.000, 14.525,  0.000,-23.077, 13.525, 13.800,  0.000, 14.825, 14.300,  0.525,  0.800,  1.000,  0.800,0.00000,  0.000,
mon_rep231013,2023-10-13T11:25:30,2822.070,  0.400,1,0,247, 25.000, 14.525,  0.000,-23.077, 13.525, 13.800,  0.000, 14.825, 14.300,  0.525,  0.800,  1.000,  0.800,0.00000,  0.000,
mon_rep231013,2023-10-13T11:25:30,2822.470,  0.400,1,0,247, 25.000, 14.525,  0.000,-23.077, 13.525, 13.800,  0.000, 14.825, 14.300,  0.525,  0.800,  1.000,  0.800,0.00000,  0.000,
mon_rep231013,2023-10-13T11:25:30,2822.870,  0.400,1,0,247, 25.000, 14.525,  0.000,-23.077, 13.525, 13.800,  0.000, 14.825, 14.300,  0.525,  0.800,  1.000,  0.800,0.00000,  0.000,
mon_rep231013,2023-10-13T11:25:31,2823.270,  0.400,1,0,247, 25.000, 14.525,  0.000,-23.077, 13.525, 13.800,  0.000, 14.825, 14.300,  0.525,  0.800,  1.000,  0.800,0.00000,  0.000,
mon_rep231013,2023-10-13T11:25:31,2823.670,  0.400,1,0,247, 25.000, 14.525,  0.000,-23.077, 13.525, 13.800,  0.000, 14.825, 14.300,  0.525,  0.800,  1.000,  0.800,0.00000,  0.000,
mon_rep231013,2023-10-13T11:25:32,2824.070,  0.400,1,0,247, 25.000, 14.525,  0.000,-23.077, 13.525, 13.800,  0.000, 14.825, 14.300,  0.525,  0.800,  1.000,  0.800,0.00000,  0.000,
mon_rep231013,2023-10-13T11:25:32,2824.470,  0.400,1,0,247, 25.000, 14.525,  0.000,-23.077, 13.525, 13.800,  0.000, 14.825, 14.300,  0.525,  0.800,  1.000,  0.800,0.00000,  0.000,
mon_rep231013,2023-10-13T11:25:32,2824.870,  0.400,1,0,247, 25.000, 14.525,  0.000,-23.077, 13.525, 13.800,  0.000, 14.825, 14.300,  0.525,  0.800,  1.000,  0.800,0.00000,  0.000,
mon_rep231013,2023-10-13T11:25:33,2825.270,  0.400,1,0,247, 25.000, 14.525,  0.000,-23.077, 13.525, 13.800,  0.000, 14.825, 14.300,  0.525,  0.800,  1.000,  0.800,0.00000,  0.000,
mon_rep231013,2023-10-13T11:25:33,2825.670,  0.400,1,0,247, 25.000, 14.525,  0.000,-23.077, 13.525, 13.800,  0.000, 14.825, 14.300,  0.525,  0.800,  1.000,  0.800,0.00000,  0.000,
mon_rep231013,2023-10-13T11:25:34,2826.070,  0.400,1,0,247, 25.000, 14.525,  0.000,-23.077, 13.525, 13.800,  0.000, 14.825, 14.300,  0.525,  0.800,  1.000,  0.800,0.00000,  0.000,
mon_rep231013,2023-10-13T11:25:34,2826.470,  0.400,1,0,247, 25.000, 14.525,  0.000,-23.077, 13.525, 13.800,  0.000, 14.825, 14.300,  0.525,  0.800,  1.000,  0.800,0.00000,  0.000,
mon_rep231013,2023-10-13T11:25:34,2826.870,  0.400,1,0,247, 25.000, 14.525,  0.000,-23.077, 13.525, 13.800,  0.000, 14.825, 14.300,  0.525,  0.800,  1.000,  0.800,0.00000,  0.000,
mon_rep231013,2023-10-13T11:25:35,2827.270,  0.400,1,0,247, 25.000, 14.525,  0.000,-23.077, 13.525, 13.800,  0.000, 14.825, 14.300,  0.525,  0.800,  1.000,  0.800,0.00000,  0.000,
mon_rep231013,2023-10-13T11:25:35,2827.670,  0.400,1,0,247, 25.000, 14.525,  0.000,-23.077, 13.525, 13.800,  0.000, 14.825, 14.300,  0.525,  0.800,  1.000,  0.800,0.00000,  0.000,
mon_rep231013,2023-10-13T11:25:36,2828.070,  0.400,1,0,247, 25.000, 14.525,  0.000,-23.077, 13.525, 13.800,  0.000, 14.825, 14.300,  0.525,  0.800,  1.000,  0.800,0.00000,  0.000,
mon_rep231013,2023-10-13T11:25:36,2828.470,  0.400,1,0,247, 25.000, 14.525,  0.000,-23.077, 13.525, 13.800,  0.000, 14.825, 14.300,  0.525,  0.800,  1.000,  0.800,0.00000,  0.000,
mon_rep231013,2023-10-13T11:25:36,2828.870,  0.400,1,0,247, 25.000, 14.525,  0.000,-23.077, 13.525, 13.800,  0.000, 14.825, 14.300,  0.525,  0.800,  1.000,  0.800,0.00000,  0.000,
mon_rep231013,2023-10-13T11:25:37,2829.270,  0.400,1,0,247, 25.000, 14.525,  0.000,-23.077, 13.525, 13.800,  0.000, 14.825, 14.300,  0.525,  0.800,  1.000,  0.800,0.00000,  0.000,
mon_rep231013,2023-10-13T11:25:37,2829.670,  0.400,1,0,247, 25.000, 14.525,  0.000,-23.077, 13.525, 13.800,  0.000, 14.825, 14.300,  0.525,  0.800,  1.000,  0.800,0.00000,  0.000,
mon_rep231013,2023-10-13T11:25:38,2830.070,  0.400,1,0,247, 25.000, 14.525,  0.000,-23.077, 13.525, 13.800,  0.000, 14.825, 14.300,  0.525,  0.800,  1.000,  0.800,0.00000,  0.000,
mon_rep231013,2023-10-13T11:25:38,2830.470,  0.400,1,0,247, 25.000, 14.525,  0.000,-23.077, 13.525, 13.800,  0.000, 14.825, 14.300,  0.525,  0.800,  1.000,  0.800,0.00000,  0.000,
mon_rep231013,2023-10-13T11:25:38,2830.870,  0.400,1,0,247, 25.000, 14.525,  0.000,-23.077, 13.525, 13.800,  0.000, 14.825, 14.300,  0.525,  0.800,  1.000,  0.800,0.00000,  0.000,
mon_rep231013,2023-10-13T11:25:39,2831.270,  0.400,1,0,247, 25.000, 14.525,  0.000,-23.077, 13.525, 13.800,  0.000, 14.825, 14.300,  0.525,  0.800,  1.000,  0.800,0.00000,  0.000,
mon_rep231013,2023-10-13T11:25:39,2831.670,  0.400,1,0,247, 25.000, 14.525,  0.000,-23.077, 13.525, 13.800,  0.000, 14.825, 14.300,  0.525,  0.800,  1.000,  0.800,0.00000,  0.000,
mon_rep231013,2023-10-13T11:25:40,2832.070,  0.400,1,0,247, 25.000, 14.525,  0.000,-23.077, 13.525, 13.800,  0.000, 14.825, 14.300,  0.525,  0.800,  1.000,  0.800,0.00000,  0.000,
mon_rep231013,2023-10-13T11:25:40,2832.470,  0.400,1,0,247, 25.000, 14.525,  0.000,-23.077, 13.525, 13.800,  0.000, 14.825, 14.300,  0.525,  0.800,  1.000,  0.800,0.00000,  0.000,
mon_rep231013,2023-10-13T11:25:40,2832.870,  0.400,1,0,247, 25.000, 14.525,  0.000,-23.077, 13.525, 13.800,  0.000, 14.825, 14.300,  0.525,  0.800,  1.000,  0.800,0.00000,  0.000,
mon_rep231013,2023-10-13T11:25:41,2833.270,  0.400,1,0,247, 25.000, 14.525,  0.000,-23.077, 13.525, 13.800,  0.000, 14.825, 14.300,  0.525,  0.800,  1.000,  0.800,0.00000,  0.000,
mon_rep231013,2023-10-13T11:25:41,2833.670,  0.400,1,0,247, 25.000, 14.525,  0.000,-23.077, 13.525, 13.800,  0.000, 14.825, 14.300,  0.525,  0.800,  1.000,  0.800,0.00000,  0.000,
mon_rep231013,2023-10-13T11:25:42,2834.070,  0.400,1,0,247, 25.000, 14.525,  0.000,-23.077, 13.525, 13.800,  0.000, 14.825, 14.300,  0.525,  0.800,  1.000,  0.800,0.00000,  0.000,
mon_rep231013,2023-10-13T11:25:42,2834.470,  0.400,1,0,247, 25.000, 14.525,  0.000,-23.077, 13.525, 13.800,  0.000, 14.825, 14.300,  0.525,  0.800,  1.000,  0.800,0.00000,  0.000,
mon_rep231013,2023-10-13T11:25:42,2834.870,  0.400,1,0,247, 25.000, 14.525,  0.000,-23.077, 13.525, 13.800,  0.000, 14.825, 14.300,  0.525,  0.800,  1.000,  0.800,0.00000,  0.000,
mon_rep231013,2023-10-13T11:25:43,2835.270,  0.400,1,0,247, 25.000, 14.525,  0.000,-23.077, 13.525, 13.800,  0.000, 14.825, 14.300,  0.525,  0.800,  1.000,  0.800,0.00000,  0.000,
mon_rep231013,2023-10-13T11:25:43,2835.670,  0.400,1,0,247, 25.000, 14.525,  0.000,-23.077, 13.525, 13.800,  0.000, 14.825, 14.300,  0.525,  0.800,  1.000,  0.800,0.00000,  0.000,
mon_rep231013,2023-10-13T11:25:44,2836.070,  0.400,1,0,247, 25.000, 14.525,  0.000,-23.077, 13.525, 13.800,  0.000, 14.825, 14.300,  0.525,  0.800,  1.000,  0.800,0.00000,  0.000,
mon_rep231013,2023-10-13T11:25:44,2836.470,  0.400,1,0,247, 25.000, 14.525,  0.000,-23.077, 13.525, 13.800,  0.000, 14.825, 14.300,  0.525,  0.800,  1.000,  0.800,0.00000,  0.000,
mon_rep231013,2023-10-13T11:25:44,2836.870,  0.400,1,0,247, 25.000, 14.525,  0.000,-23.077, 13.525, 13.800,  0.000, 14.825, 14.300,  0.525,  0.800,  1.000,  0.800,0.00000,  0.000,
mon_rep231013,2023-10-13T11:25:45,2837.270,  0.400,1,0,247, 25.000, 14.525,  0.000,-23.077, 13.525, 13.800,  0.000, 14.825, 14.300,  0.525,  0.800,  1.000,  0.800,0.00000,  0.000,
mon_rep231013,2023-10-13T11:25:45,2837.670,  0.400,1,0,247, 25.000, 14.525,  0.000,-23.077, 13.525, 13.800,  0.000, 14.825, 14.300,  0.525,  0.800,  1.000,  0.800,0.00000,  0.000,
mon_rep231013,2023-10-13T11:25:46,2838.070,  0.400,1,0,247, 25.000, 14.525,  0.000,-23.077, 13.525, 13.800,  0.000, 14.825, 14.300,  0.525,  0.800,  1.000,  0.800,0.00000,  0.000,
mon_rep231013,2023-10-13T11:25:46,2838.470,  0.400,1,0,247, 25.000, 14.525,  0.000,-23.077, 13.525, 13.800,  0.000, 14.825, 14.300,  0.525,  0.800,  1.000,  0.800,0.00000,  0.000,
mon_rep231013,2023-10-13T11:25:46,2838.870,  0.400,1,0,247, 25.000, 14.525,  0.000,-23.077, 13.525, 13.800,  0.000, 14.825, 14.300,  0.525,  0.800,  1.000,  0.800,0.00000,  0.000,
mon_rep231013,2023-10-13T11:25:47,2839.270,  0.400,1,0,247, 25.000, 14.525,  0.000,-23.077, 13.525, 13.800,  0.000, 14.825, 14.300,  0.525,  0.800,  1.000,  0.800,0.00000,  0.000,
mon_rep231013,2023-10-13T11:25:47,2839.670,  0.400,1,0,247, 25.000, 14.525,  0.000,-23.077, 13.525, 13.800,  0.000, 14.825, 14.300,  0.525,  0.800,  1.000,  0.800,0.00000,  0.000,
mon_rep231013,2023-10-13T11:25:48,2840.070,  0.400,1,0,247, 25.000, 14.525,  0.000,-23.077, 13.525, 13.800,  0.000, 14.825, 14.300,  0.525,  0.800,  1.000,  0.800,0.00000,  0.000,
mon_rep231013,2023-10-13T11:25:48,2840.470,  0.400,1,0,247, 25.000, 14.525,  0.000,-23.077, 13.525, 13.800,  0.000, 14.825, 14.300,  0.525,  0.800,  1.000,  0.800,0.00000,  0.000,
mon_rep231013,2023-10-13T11:25:48,2840.870,  0.400,1,0,247, 25.000, 14.525,  0.000,-23.077, 13.525, 13.800,  0.000, 14.825, 14.300,  0.525,  0.800,  1.000,  0.800,0.00000,  0.000,
mon_rep231013,2023-10-13T11:25:49,2841.270,  0.400,1,0,247, 25.000, 14.525,  0.000,-23.077, 13.525, 13.800,  0.000, 14.825, 14.300,  0.525,  0.800,  1.000,  0.800,0.00000,  0.000,
mon_rep231013,2023-10-13T11:25:49,2841.670,  0.400,1,0,247, 25.000, 14.525,  0.000,-23.077, 13.525, 13.800,  0.000, 14.825, 14.300,  0.525,  0.800,  1.000,  0.800,0.00000,  0.000,
mon_rep231013,2023-10-13T11:25:50,2842.070,  0.400,1,0,247, 25.000, 14.525,  0.000,-23.077, 13.525, 13.800,  0.000, 14.825, 14.300,  0.525,  0.800,  1.000,  0.800,0.00000,  0.000,
mon_rep231013,2023-10-13T11:25:50,2842.470,  0.400,1,0,247, 25.000, 14.525,  0.000,-23.077, 13.525, 13.800,  0.000, 14.825, 14.300,  0.525,  0.800,  1.000,  0.800,0.00000,  0.000,
mon_rep231013,2023-10-13T11:25:50,2842.870,  0.400,1,0,247, 25.000, 14.525,  0.000,-23.077, 13.525, 13.800,  0.000, 14.825, 14.300,  0.525,  0.800,  1.000,  0.800,0.00000,  0.000,
mon_rep231013,2023-10-13T11:25:51,2843.270,  0.400,1,0,247, 25.000, 14.525,  0.000,-23.077, 13.525, 13.800,  0.000, 14.825, 14.300,  0.525,  0.800,  1.000,  0.800,0.00000,  0.000,
mon_rep231013,2023-10-13T11:25:51,2843.670,  0.400,1,0,247, 25.000, 14.525,  0.000,-23.077, 13.525, 13.800,  0.000, 14.825, 14.300,  0.525,  0.800,  1.000,  0.800,0.00000,  0.000,
mon_rep231013,2023-10-13T11:25:52,2844.070,  0.400,1,0,247, 25.000, 14.525,  0.000,-23.077, 13.525, 13.800,  0.000, 14.825, 14.300,  0.525,  0.800,  1.000,  0.800,0.00000,  0.000,
mon_rep231013,2023-10-13T11:25:52,2844.470,  0.400,1,0,247, 25.000, 14.525,  0.000,-23.077, 13.525, 13.800,  0.000, 14.825, 14.300,  0.525,  0.800,  1.000,  0.800,0.00000,  0.000,
mon_rep231013,2023-10-13T11:25:52,2844.870,  0.400,1,0,247, 25.000, 14.525,  0.000,-23.077, 13.525, 13.800,  0.000, 14.825, 14.300,  0.525,  0.800,  1.000,  0.800,0.00000,  0.000,
mon_rep231013,2023-10-13T11:25:53,2845.270,  0.400,1,0,247, 25.000, 14.525,  0.000,-23.077, 13.525, 13.800,  0.000, 14.825, 14.300,  0.525,  0.800,  1.000,  0.800,0.00000,  0.000,
mon_rep231013,2023-10-13T11:25:53,2845.670,  0.400,1,0,247, 25.000, 14.525,  0.000,-23.077, 13.525, 13.800,  0.000, 14.825, 14.300,  0.525,  0.800,  1.000,  0.800,0.00000,  0.000,
mon_rep231013,2023-10-13T11:25:54,2846.070,  0.400,1,0,247, 25.000, 14.525,  0.000,-23.077, 13.525, 13.800,  0.000, 14.825, 14.300,  0.525,  0.800,  1.000,  0.800,0.00000,  0.000,
mon_rep231013,2023-10-13T11:25:54,2846.470,  0.400,1,0,247, 25.000, 14.525,  0.000,-23.077, 13.525, 13.800,  0.000, 14.825, 14.300,  0.525,  0.800,  1.000,  0.800,0.00000,  0.000,
mon_rep231013,2023-10-13T11:25:54,2846.870,  0.400,1,0,247, 25.000, 14.525,  0.000,-23.077, 13.525, 13.800,  0.000, 14.825, 14.300,  0.525,  0.800,  1.000,  0.800,0.00000,  0.000,
mon_rep231013,2023-10-13T11:25:55,2847.270,  0.400,1,0,247, 25.000, 14.525,  0.000,-23.077, 13.525, 13.800,  0.000, 14.825, 14.300,  0.525,  0.800,  1.000,  0.800,0.00000,  0.000,
mon_rep231013,2023-10-13T11:25:55,2847.670,  0.400,1,0,247, 25.000, 14.525,  0.000,-23.077, 13.525, 13.800,  0.000, 14.825, 14.300,  0.525,  0.800,  1.000,  0.800,0.00000,  0.000,
mon_rep231013,2023-10-13T11:25:56,2848.070,  0.400,1,0,247, 25.000, 14.525,  0.000,-23.077, 13.525, 13.800,  0.000, 14.825, 14.300,  0.525,  0.800,  1.000,  0.800,0.00000,  0.000,
mon_rep231013,2023-10-13T11:25:56,2848.470,  0.400,1,0,247, 25.000, 14.525,  0.000,-23.077, 13.525, 13.800,  0.000, 14.825, 14.300,  0.525,  0.800,  1.000,  0.800,0.00000,  0.000,
mon_rep231013,2023-10-13T11:25:56,2848.870,  0.400,1,0,247, 25.000, 14.525,  0.000,-23.077, 13.525, 13.800,  0.000, 14.825, 14.300,  0.525,  0.800,  1.000,  0.800,0.00000,  0.000,
mon_rep231013,2023-10-13T11:25:57,2849.270,  0.400,1,0,247, 25.000, 14.525,  0.000,-23.077, 13.525, 13.800,  0.000, 14.825, 14.300,  0.525,  0.800,  1.000,  0.800,0.00000,  0.000,
mon_rep231013,2023-10-13T11:25:57,2849.670,  0.400,1,0,247, 25.000, 14.525,  0.000,-23.077, 13.525, 13.800,  0.000, 14.825, 14.300,  0.525,  0.800,  1.000,  0.800,0.00000,  0.000,
mon_rep231013,2023-10-13T11:25:58,2850.070,  0.400,1,0,247, 25.000, 14.525,  0.000,-23.077, 13.525, 13.800,  0.000, 14.825, 14.300,  0.525,  0.800,  1.000,  0.800,0.00000,  0.000,
mon_rep231013,2023-10-13T11:25:58,2850.470,  0.400,1,0,247, 25.000, 14.525,  0.000,-23.077, 13.525, 13.800,  0.000, 14.825, 14.300,  0.525,  0.800,  1.000,  0.800,0.00000,  0.000,
mon_rep231013,2023-10-13T11:25:58,2850.870,  0.400,1,0,247, 25.000, 14.525,  0.000,-23.077, 13.525, 13.800,  0.000, 14.825, 14.300,  0.525,  0.800,  1.000,  0.800,0.00000,  0.000,
mon_rep231013,2023-10-13T11:25:59,2851.270,  0.400,1,0,247, 25.000, 14.525,  0.000,-23.077, 13.525, 13.800,  0.000, 14.825, 14.300,  0.525,  0.800,  1.000,  0.800,0.00000,  0.000,
mon_rep231013,2023-10-13T11:25:59,2851.670,  0.400,1,0,247, 25.000, 14.525,  0.000,-23.077, 13.525, 13.800,  0.000, 14.825, 14.300,  0.525,  0.800,  1.000,  0.800,0.00000,  0.000,
mon_rep231013,2023-10-13T11:26:00,2852.070,  0.400,1,0,247, 25.000, 14.525,  0.000,-23.077, 13.525, 13.800,  0.000, 14.825, 14.300,  0.525,  0.800,  1.000,  0.800,0.00000,  0.000,
mon_rep231013,2023-10-13T11:26:00,2852.470,  0.400,1,0,247, 25.000, 14.525,  0.000,-23.077, 13.525, 13.800,  0.000, 14.825, 14.300,  0.525,  0.800,  1.000,  0.800,0.00000,  0.000,
mon_rep231013,2023-10-13T11:26:00,2852.870,  0.400,1,0,247, 25.000, 14.525,  0.000,-23.077, 13.525, 13.800,  0.000, 14.825, 14.300,  0.525,  0.800,  1.000,  0.800,0.00000,  0.000,
mon_rep231013,2023-10-13T11:26:01,2853.270,  0.400,1,0,247, 25.000, 14.525,  0.000,-23.077, 13.525, 13.800,  0.000, 14.825, 14.300,  0.525,  0.800,  1.000,  0.800,0.00000,  0.000,
mon_rep231013,2023-10-13T11:26:01,2853.670,  0.400,1,0,247, 25.000, 14.525,  0.000,-23.077, 13.525, 13.800,  0.000, 14.825, 14.300,  0.525,  0.800,  1.000,  0.800,0.00000,  0.000,
mon_rep231013,2023-10-13T11:26:02,2854.070,  0.400,1,0,247, 25.000, 14.525,  0.000,-23.077, 13.525, 13.800,  0.000, 14.825, 14.300,  0.525,  0.800,  1.000,  0.800,0.00000,  0.000,
mon_rep231013,2023-10-13T11:26:02,2854.470,  0.400,1,0,247, 25.000, 14.525,  0.000,-23.077, 13.525, 13.800,  0.000, 14.825, 14.300,  0.525,  0.800,  1.000,  0.800,0.00000,  0.000,
mon_rep231013,2023-10-13T11:26:02,2854.870,  0.400,1,0,247, 25.000, 14.525,  0.000,-23.077, 13.525, 13.800,  0.000, 14.825, 14.300,  0.525,  0.800,  1.000,  0.800,0.00000,  0.000,
mon_rep231013,2023-10-13T11:26:03,2855.270,  0.400,1,0,247, 25.000, 14.525,  0.000,-23.077, 13.525, 13.800,  0.000, 14.825, 14.300,  0.525,  0.800,  1.000,  0.800,0.00000,  0.000,
mon_rep231013,2023-10-13T11:26:03,2855.670,  0.400,1,0,247, 25.000, 14.525,  0.000,-23.077, 13.525, 13.800,  0.000, 14.825, 14.300,  0.525,  0.800,  1.000,  0.800,0.00000,  0.000,
mon_rep231013,2023-10-13T11:26:04,2856.070,  0.400,1,0,247, 25.000, 14.525,  0.000,-23.077, 13.525, 13.800,  0.000, 14.825, 14.300,  0.525,  0.800,  1.000,  0.800,0.00000,  0.000,
mon_rep231013,2023-10-13T11:26:04,2856.470,  0.400,1,0,247, 25.000, 14.525,  0.000,-23.077, 13.525, 13.800,  0.000, 14.825, 14.300,  0.525,  0.800,  1.000,  0.800,0.00000,  0.000,
mon_rep231013,2023-10-13T11:26:04,2856.870,  0.400,1,0,247, 25.000, 14.525,  0.000,-23.077, 13.525, 13.800,  0.000, 14.825, 14.300,  0.525,  0.800,  1.000,  0.800,0.00000,  0.000,
mon_rep231013,2023-10-13T11:26:05,2857.270,  0.400,1,0,247, 25.000, 14.525,  0.000,-23.077, 13.525, 13.800,  0.000, 14.825, 14.300,  0.525,  0.800,  1.000,  0.800,0.00000,  0.000,
mon_rep231013,2023-10-13T11:26:05,2857.670,  0.400,1,0,247, 25.000, 14.525,  0.000,-23.077, 13.525, 13.800,  0.000, 14.825, 14.300,  0.525,  0.800,  1.000,  0.800,0.00000,  0.000,
mon_rep231013,2023-10-13T11:26:06,2858.070,  0.400,1,0,247, 25.000, 14.525,  0.000,-23.077, 13.525, 13.800,  0.000, 14.825, 14.300,  0.525,  0.800,  1.000,  0.800,0.00000,  0.000,
mon_rep231013,2023-10-13T11:26:06,2858.470,  0.400,1,0,247, 25.000, 14.525,  0.000,-23.077, 13.525, 13.800,  0.000, 14.825, 14.300,  0.525,  0.800,  1.000,  0.800,0.00000,  0.000,
mon_rep231013,2023-10-13T11:26:06,2858.870,  0.400,1,0,247, 25.000, 14.525,  0.000,-23.077, 13.525, 13.800,  0.000, 14.825, 14.300,  0.525,  0.800,  1.000,  0.800,0.00000,  0.000,
mon_rep231013,2023-10-13T11:26:07,2859.270,  0.400,1,0,247, 25.000, 14.525,  0.000,-23.077, 13.525, 13.800,  0.000, 14.825, 14.300,  0.525,  0.800,  1.000,  0.800,0.00000,  0.000,
mon_rep231013,2023-10-13T11:26:07,2859.670,  0.400,1,0,247, 25.000, 14.525,  0.000,-23.077, 13.525, 13.800,  0.000, 14.825, 14.300,  0.525,  0.800,  1.000,  0.800,0.00000,  0.000,
mon_rep231013,2023-10-13T11:26:08,2860.070,  0.400,1,0,247, 25.000, 14.525,  0.000,-23.077, 13.525, 13.800,  0.000, 14.825, 14.300,  0.525,  0.800,  1.000,  0.800,0.00000,  0.000,
mon_rep231013,2023-10-13T11:26:08,2860.470,  0.400,1,0,247, 25.000, 14.525,  0.000,-23.077, 13.525, 13.800,  0.000, 14.825, 14.300,  0.525,  0.800,  1.000,  0.800,0.00000,  0.000,
mon_rep231013,2023-10-13T11:26:08,2860.870,  0.400,1,0,247, 25.000, 14.525,  0.000,-23.077, 13.525, 13.800,  0.000, 14.825, 14.300,  0.525,  0.800,  1.000,  0.800,0.00000,  0.000,
mon_rep231013,2023-10-13T11:26:09,2861.270,  0.400,1,0,247, 25.000, 14.525,  0.000,-23.077, 13.525, 13.800,  0.000, 14.825, 14.300,  0.525,  0.800,  1.000,  0.800,0.00000,  0.000,
mon_rep231013,2023-10-13T11:26:09,2861.670,  0.400,1,0,247, 25.000, 14.525,  0.000,-23.077, 13.525, 13.800,  0.000, 14.825, 14.300,  0.525,  0.800,  1.000,  0.800,0.00000,  0.000,
mon_rep231013,2023-10-13T11:26:10,2862.070,  0.400,1,0,247, 25.000, 14.525,  0.000,-23.077, 13.525, 13.800,  0.000, 14.825, 14.300,  0.525,  0.800,  1.000,  0.800,0.00000,  0.000,
mon_rep231013,2023-10-13T11:26:10,2862.470,  0.400,1,0,247, 25.000, 14.525,  0.000,-23.077, 13.525, 13.800,  0.000, 14.825, 14.300,  0.525,  0.800,  1.000,  0.800,0.00000,  0.000,
mon_rep231013,2023-10-13T11:26:10,2862.870,  0.400,1,0,247, 25.000, 14.525,  0.000,-23.077, 13.525, 13.800,  0.000, 14.825, 14.300,  0.525,  0.800,  1.000,  0.800,0.00000,  0.000,
mon_rep231013,2023-10-13T11:26:11,2863.270,  0.400,1,0,247, 25.000, 14.525,  0.000,-23.077, 13.525, 13.800,  0.000, 14.825, 14.300,  0.525,  0.800,  1.000,  0.800,0.00000,  0.000,
mon_rep231013,2023-10-13T11:26:11,2863.670,  0.400,1,0,247, 25.000, 14.525,  0.000,-23.077, 13.525, 13.800,  0.000, 14.825, 14.300,  0.525,  0.800,  1.000,  0.800,0.00000,  0.000,
mon_rep231013,2023-10-13T11:26:12,2864.070,  0.400,1,0,247, 25.000, 14.525,  0.000,-23.077, 13.525, 13.800,  0.000, 14.825, 14.300,  0.525,  0.800,  1.000,  0.800,0.00000,  0.000,
mon_rep231013,2023-10-13T11:26:12,2864.470,  0.400,1,0,247, 25.000, 14.525,  0.000,-23.077, 13.525, 13.800,  0.000, 14.825, 14.300,  0.525,  0.800,  1.000,  0.800,0.00000,  0.000,
mon_rep231013,2023-10-13T11:26:12,2864.870,  0.400,1,0,247, 25.000, 14.525,  0.000,-23.077, 13.525, 13.800,  0.000, 14.825, 14.300,  0.525,  0.800,  1.000,  0.800,0.00000,  0.000,
mon_rep231013,2023-10-13T11:26:13,2865.270,  0.400,1,0,247, 25.000, 14.525,  0.000,-23.077, 13.525, 13.800,  0.000, 14.825, 14.300,  0.525,  0.800,  1.000,  0.800,0.00000,  0.000,
mon_rep231013,2023-10-13T11:26:13,2865.670,  0.400,1,0,247, 25.000, 14.525,  0.000,-23.077, 13.525, 13.800,  0.000, 14.825, 14.300,  0.525,  0.800,  1.000,  0.800,0.00000,  0.000,
mon_rep231013,2023-10-13T11:26:14,2866.070,  0.400,1,0,247, 25.000, 14.525,  0.000,-23.077, 13.525, 13.800,  0.000, 14.825, 14.300,  0.525,  0.800,  1.000,  0.800,0.00000,  0.000,
mon_rep231013,2023-10-13T11:26:14,2866.470,  0.400,1,0,247, 25.000, 14.525,  0.000,-23.077, 13.525, 13.800,  0.000, 14.825, 14.300,  0.525,  0.800,  1.000,  0.800,0.00000,  0.000,
mon_rep231013,2023-10-13T11:26:14,2866.870,  0.400,1,0,247, 25.000, 14.525,  0.000,-23.077, 13.525, 13.800,  0.000, 14.825, 14.300,  0.525,  0.800,  1.000,  0.800,0.00000,  0.000,
mon_rep231013,2023-10-13T11:26:15,2867.270,  0.400,1,0,247, 25.000, 14.525,  0.000,-23.077, 13.525, 13.800,  0.000, 14.825, 14.300,  0.525,  0.800,  1.000,  0.800,0.00000,  0.000,
mon_rep231013,2023-10-13T11:26:15,2867.670,  0.400,1,0,247, 25.000, 14.525,  0.000,-23.077, 13.525, 13.800,  0.000, 14.825, 14.300,  0.525,  0.800,  1.000,  0.800,0.00000,  0.000,
mon_rep231013,2023-10-13T11:26:16,2868.070,  0.400,1,0,247, 25.000, 14.525,  0.000,-23.077, 13.525, 13.800,  0.000, 14.825, 14.300,  0.525,  0.800,  1.000,  0.800,0.00000,  0.000,
mon_rep231013,2023-10-13T11:26:16,2868.470,  0.400,1,0,247, 25.000, 14.525,  0.000,-23.077, 13.525, 13.800,  0.000, 14.825, 14.300,  0.525,  0.800,  1.000,  0.800,0.00000,  0.000,
mon_rep231013,2023-10-13T11:26:16,2868.870,  0.400,1,0,247, 25.000, 14.525,  0.000,-23.077, 13.525, 13.800,  0.000, 14.825, 14.300,  0.525,  0.800,  1.000,  0.800,0.00000,  0.000,
mon_rep231013,2023-10-13T11:26:17,2869.270,  0.400,1,0,247, 25.000, 14.525,  0.000,-23.077, 13.525, 13.800,  0.000, 14.825, 14.300,  0.525,  0.800,  1.000,  0.800,0.00000,  0.000,
mon_rep231013,2023-10-13T11:26:17,2869.670,  0.400,1,0,247, 25.000, 14.525,  0.000,-23.077, 13.525, 13.800,  0.000, 14.825, 14.300,  0.525,  0.800,  1.000,  0.800,0.00000,  0.000,
mon_rep231013,2023-10-13T11:26:18,2870.070,  0.400,1,0,247, 25.000, 14.525,  0.000,-23.077, 13.525, 13.800,  0.000, 14.825, 14.300,  0.525,  0.800,  1.000,  0.800,0.00000,  0.000,
mon_rep231013,2023-10-13T11:26:18,2870.470,  0.400,1,0,247, 25.000, 14.525,  0.000,-23.077, 13.525, 13.800,  0.000, 14.825, 14.300,  0.525,  0.800,  1.000,  0.800,0.00000,  0.000,
mon_rep231013,2023-10-13T11:26:18,2870.870,  0.400,1,0,247, 25.000, 14.525,  0.000,-23.077, 13.525, 13.800,  0.000, 14.825, 14.300,  0.525,  0.800,  1.000,  0.800,0.00000,  0.000,
mon_rep231013,2023-10-13T11:26:19,2871.270,  0.400,1,0,247, 25.000, 14.525,  0.000,-23.077, 13.525, 13.800,  0.000, 14.825, 14.300,  0.525,  0.800,  1.000,  0.800,0.00000,  0.000,
mon_rep231013,2023-10-13T11:26:19,2871.670,  0.400,1,0,247, 25.000, 14.525,  0.000,-23.077, 13.525, 13.800,  0.000, 14.825, 14.300,  0.525,  0.800,  1.000,  0.800,0.00000,  0.000,
mon_rep231013,2023-10-13T11:26:20,2872.070,  0.400,1,0,247, 25.000, 14.525,  0.000,-23.077, 13.525, 13.800,  0.000, 14.825, 14.300,  0.525,  0.800,  1.000,  0.800,0.00000,  0.000,
mon_rep231013,2023-10-13T11:26:20,2872.470,  0.400,1,0,247, 25.000, 14.525,  0.000,-23.077, 13.525, 13.800,  0.000, 14.825, 14.300,  0.525,  0.800,  1.000,  0.800,0.00000,  0.000,
mon_rep231013,2023-10-13T11:26:20,2872.870,  0.400,1,0,247, 25.000, 14.525,  0.000,-23.077, 13.525, 13.800,  0.000, 14.825, 14.300,  0.525,  0.800,  1.000,  0.800,0.00000,  0.000,
mon_rep231013,2023-10-13T11:26:21,2873.270,  0.400,1,0,247, 25.000, 14.525,  0.000,-23.077, 13.525, 13.800,  0.000, 14.825, 14.300,  0.525,  0.800,  1.000,  0.800,0.00000,  0.000,
mon_rep231013,2023-10-13T11:26:21,2873.670,  0.400,1,0,247, 25.000, 14.525,  0.000,-23.077, 13.525, 13.800,  0.000, 14.825, 14.300,  0.525,  0.800,  1.000,  0.800,0.00000,  0.000,
mon_rep231013,2023-10-13T11:26:22,2874.070,  0.400,1,0,247, 25.000, 14.525,  0.000,-23.077, 13.525, 13.800,  0.000, 14.825, 14.300,  0.525,  0.800,  1.000,  0.800,0.00000,  0.000,
mon_rep231013,2023-10-13T11:26:22,2874.470,  0.400,1,0,247, 25.000, 14.525,  0.000,-23.077, 13.525, 13.800,  0.000, 14.825, 14.300,  0.525,  0.800,  1.000,  0.800,0.00000,  0.000,
mon_rep231013,2023-10-13T11:26:22,2874.870,  0.400,1,0,247, 25.000, 14.525,  0.000,-23.077, 13.525, 13.800,  0.000, 14.825, 14.300,  0.525,  0.800,  1.000,  0.800,0.00000,  0.000,
mon_rep231013,2023-10-13T11:26:23,2875.270,  0.400,1,0,247, 25.000, 14.525,  0.000,-23.077, 13.525, 13.800,  0.000, 14.825, 14.300,  0.525,  0.800,  1.000,  0.800,0.00000,  0.000,
mon_rep231013,2023-10-13T11:26:23,2875.670,  0.400,1,0,247, 25.000, 14.525,  0.000,-23.077, 13.525, 13.800,  0.000, 14.825, 14.300,  0.525,  0.800,  1.000,  0.800,0.00000,  0.000,
mon_rep231013,2023-10-13T11:26:24,2876.070,  0.400,1,0,247, 25.000, 14.525,  0.000,-23.077, 13.525, 13.800,  0.000, 14.825, 14.300,  0.525,  0.800,  1.000,  0.800,0.00000,  0.000,
mon_rep231013,2023-10-13T11:26:24,2876.470,  0.400,1,0,247, 25.000, 14.525,  0.000,-23.077, 13.525, 13.800,  0.000, 14.825, 14.300,  0.525,  0.800,  1.000,  0.800,0.00000,  0.000,
mon_rep231013,2023-10-13T11:26:24,2876.870,  0.400,1,0,247, 25.000, 14.525,  0.000,-23.077, 13.525, 13.800,  0.000, 14.825, 14.300,  0.525,  0.800,  1.000,  0.800,0.00000,  0.000,
mon_rep231013,2023-10-13T11:26:25,2877.270,  0.400,1,0,247, 25.000, 14.525,  0.000,-23.077, 13.525, 13.800,  0.000, 14.825, 14.300,  0.525,  0.800,  1.000,  0.800,0.00000,  0.000,
mon_rep231013,2023-10-13T11:26:25,2877.670,  0.400,1,0,247, 25.000, 14.525,  0.000,-23.077, 13.525, 13.800,  0.000, 14.825, 14.300,  0.525,  0.800,  1.000,  0.800,0.00000,  0.000,
mon_rep231013,2023-10-13T11:26:26,2878.070,  0.400,1,0,247, 25.000, 14.525,  0.000,-23.077, 13.525, 13.800,  0.000, 14.825, 14.300,  0.525,  0.800,  1.000,  0.800,0.00000,  0.000,
mon_rep231013,2023-10-13T11:26:26,2878.470,  0.400,1,0,247, 25.000, 14.525,  0.000,-23.077, 13.525, 13.800,  0.000, 14.825, 14.300,  0.525,  0.800,  1.000,  0.800,0.00000,  0.000,
mon_rep231013,2023-10-13T11:26:26,2878.870,  0.400,1,0,247, 25.000, 14.525,  0.000,-23.077, 13.525, 13.800,  0.000, 14.825, 14.300,  0.525,  0.800,  1.000,  0.800,0.00000,  0.000,
mon_rep231013,2023-10-13T11:26:27,2879.270,  0.400,1,0,247, 25.000, 14.525,  0.000,-23.077, 13.525, 13.800,  0.000, 14.825, 14.300,  0.525,  0.800,  1.000,  0.800,0.00000,  0.000,
mon_rep231013,2023-10-13T11:26:27,2879.670,  0.400,1,0,247, 25.000, 14.525,  0.000,-23.077, 13.525, 13.800,  0.000, 14.825, 14.300,  0.525,  0.800,  1.000,  0.800,0.00000,  0.000,
mon_rep231013,2023-10-13T11:26:28,2880.070,  0.400,1,0,247, 25.000, 14.525,  0.000,-23.077, 13.525, 13.800,  0.000, 14.825, 14.300,  0.525,  0.800,  1.000,  0.800,0.00000,  0.000,
mon_rep231013,2023-10-13T11:26:28,2880.470,  0.400,1,0,247, 25.000, 14.525,  0.000,-23.077, 13.525, 13.800,  0.000, 14.825, 14.300,  0.525,  0.800,  1.000,  0.800,0.00000,  0.000,
mon_rep231013,2023-10-13T11:26:28,2880.870,  0.400,1,0,247, 25.000, 14.525,  0.000,-23.077, 13.525, 13.800,  0.000, 14.825, 14.300,  0.525,  0.800,  1.000,  0.800,0.00000,  0.000,
mon_rep231013,2023-10-13T11:26:29,2881.270,  0.400,1,0,247, 25.000, 14.525,  0.000,-23.077, 13.525, 13.800,  0.000, 14.825, 14.300,  0.525,  0.800,  1.000,  0.800,0.00000,  0.000,
mon_rep231013,2023-10-13T11:26:29,2881.670,  0.400,1,0,247, 25.000, 14.525,  0.000,-23.077, 13.525, 13.800,  0.000, 14.825, 14.300,  0.525,  0.800,  1.000,  0.800,0.00000,  0.000,
mon_rep231013,2023-10-13T11:26:30,2882.070,  0.400,1,0,247, 25.000, 14.525,  0.000,-23.077, 13.525, 13.800,  0.000, 14.825, 14.300,  0.525,  0.800,  1.000,  0.800,0.00000,  0.000,
mon_rep231013,2023-10-13T11:26:30,2882.470,  0.400,1,0,247, 25.000, 14.525,  0.000,-23.077, 13.525, 13.800,  0.000, 14.825, 14.300,  0.525,  0.800,  1.000,  0.800,0.00000,  0.000,
mon_rep231013,2023-10-13T11:26:30,2882.870,  0.400,1,0,247, 25.000, 14.525,  0.000,-23.077, 13.525, 13.800,  0.000, 14.825, 14.300,  0.525,  0.800,  1.000,  0.800,0.00000,  0.000,
mon_rep231013,2023-10-13T11:26:31,2883.270,  0.400,1,0,247, 25.000, 14.525,  0.000,-23.077, 13.525, 13.800,  0.000, 14.825, 14.300,  0.525,  0.800,  1.000,  0.800,0.00000,  0.000,
mon_rep231013,2023-10-13T11:26:31,2883.670,  0.400,1,0,247, 25.000, 14.525,  0.000,-23.077, 13.525, 13.800,  0.000, 14.825, 14.300,  0.525,  0.800,  1.000,  0.800,0.00000,  0.000,
mon_rep231013,2023-10-13T11:26:32,2884.070,  0.400,1,0,247, 25.000, 14.525,  0.000,-23.077, 13.525, 13.800,  0.000, 14.825, 14.300,  0.525,  0.800,  1.000,  0.800,0.00000,  0.000,
mon_rep231013,2023-10-13T11:26:32,2884.470,  0.400,1,0,247, 25.000, 14.525,  0.000,-23.077, 13.525, 13.800,  0.000, 14.825, 14.300,  0.525,  0.800,  1.000,  0.800,0.00000,  0.000,
mon_rep231013,2023-10-13T11:26:32,2884.870,  0.400,1,0,247, 25.000, 14.525,  0.000,-23.077, 13.525, 13.800,  0.000, 14.825, 14.300,  0.525,  0.800,  1.000,  0.800,0.00000,  0.000,
mon_rep231013,2023-10-13T11:26:33,2885.270,  0.400,1,0,247, 25.000, 14.525,  0.000,-23.077, 13.525, 13.800,  0.000, 14.825, 14.300,  0.525,  0.800,  1.000,  0.800,0.00000,  0.000,
mon_rep231013,2023-10-13T11:26:33,2885.670,  0.400,1,0,247, 25.000, 14.525,  0.000,-23.077, 13.525, 13.800,  0.000, 14.825, 14.300,  0.525,  0.800,  1.000,  0.800,0.00000,  0.000,
mon_rep231013,2023-10-13T11:26:34,2886.070,  0.400,1,0,247, 25.000, 14.525,  0.000,-23.077, 13.525, 13.800,  0.000, 14.825, 14.300,  0.525,  0.800,  1.000,  0.800,0.00000,  0.000,
mon_rep231013,2023-10-13T11:26:34,2886.470,  0.400,1,0,247, 25.000, 14.525,  0.000,-23.077, 13.525, 13.800,  0.000, 14.825, 14.300,  0.525,  0.800,  1.000,  0.800,0.00000,  0.000,
mon_rep231013,2023-10-13T11:26:34,2886.870,  0.400,1,0,247, 25.000, 14.525,  0.000,-23.077, 13.525, 13.800,  0.000, 14.825, 14.300,  0.525,  0.800,  1.000,  0.800,0.00000,  0.000,
mon_rep231013,2023-10-13T11:26:35,2887.270,  0.400,1,0,247, 25.000, 14.525,  0.000,-23.077, 13.525, 13.800,  0.000, 14.825, 14.300,  0.525,  0.800,  1.000,  0.800,0.00000,  0.000,
mon_rep231013,2023-10-13T11:26:35,2887.670,  0.400,1,0,247, 25.000, 14.525,  0.000,-23.077, 13.525, 13.800,  0.000, 14.825, 14.300,  0.525,  0.800,  1.000,  0.800,0.00000,  0.000,
mon_rep231013,2023-10-13T11:26:36,2888.070,  0.400,1,0,247, 25.000, 14.525,  0.000,-23.077, 13.525, 13.800,  0.000, 14.825, 14.300,  0.525,  0.800,  1.000,  0.800,0.00000,  0.000,
mon_rep231013,2023-10-13T11:26:36,2888.470,  0.400,1,0,247, 25.000, 14.525,  0.000,-23.077, 13.525, 13.800,  0.000, 14.825, 14.300,  0.525,  0.800,  1.000,  0.800,0.00000,  0.000,
mon_rep231013,2023-10-13T11:26:36,2888.870,  0.400,1,0,247, 25.000, 14.525,  0.000,-23.077, 13.525, 13.800,  0.000, 14.825, 14.300,  0.525,  0.800,  1.000,  0.800,0.00000,  0.000,
mon_rep231013,2023-10-13T11:26:37,2889.270,  0.400,1,0,247, 25.000, 14.525,  0.000,-23.077, 13.525, 13.800,  0.000, 14.825, 14.300,  0.525,  0.800,  1.000,  0.800,0.00000,  0.000,
mon_rep231013,2023-10-13T11:26:37,2889.670,  0.400,1,0,247, 25.000, 14.525,  0.000,-23.077, 13.525, 13.800,  0.000, 14.825, 14.300,  0.525,  0.800,  1.000,  0.800,0.00000,  0.000,
mon_rep231013,2023-10-13T11:26:38,2890.070,  0.400,1,0,247, 25.000, 14.525,  0.000,-23.077, 13.525, 13.800,  0.000, 14.825, 14.300,  0.525,  0.800,  1.000,  0.800,0.00000,  0.000,
mon_rep231013,2023-10-13T11:26:38,2890.470,  0.400,1,0,247, 25.000, 14.525,  0.000,-23.077, 13.525, 13.800,  0.000, 14.825, 14.300,  0.525,  0.800,  1.000,  0.800,0.00000,  0.000,
mon_rep231013,2023-10-13T11:26:38,2890.870,  0.400,1,0,247, 25.000, 14.525,  0.000,-23.077, 13.525, 13.800,  0.000, 14.825, 14.300,  0.525,  0.800,  1.000,  0.800,0.00000,  0.000,
mon_rep231013,2023-10-13T11:26:39,2891.270,  0.400,1,0,247, 25.000, 14.525,  0.000,-23.077, 13.525, 13.800,  0.000, 14.825, 14.300,  0.525,  0.800,  1.000,  0.800,0.00000,  0.000,
mon_rep231013,2023-10-13T11:26:39,2891.670,  0.400,1,0,247, 25.000, 14.525,  0.000,-23.077, 13.525, 13.800,  0.000, 14.825, 14.300,  0.525,  0.800,  1.000,  0.800,0.00000,  0.000,
mon_rep231013,2023-10-13T11:26:40,2892.070,  0.400,1,0,247, 25.000, 14.525,  0.000,-23.077, 13.525, 13.800,  0.000, 14.825, 14.300,  0.525,  0.800,  1.000,  0.800,0.00000,  0.000,
mon_rep231013,2023-10-13T11:26:40,2892.470,  0.400,1,0,247, 25.000, 14.525,  0.000,-23.077, 13.525, 13.800,  0.000, 14.825, 14.300,  0.525,  0.800,  1.000,  0.800,0.00000,  0.000,
mon_rep231013,2023-10-13T11:26:40,2892.870,  0.400,1,0,247, 25.000, 14.525,  0.000,-23.077, 13.525, 13.800,  0.000, 14.825, 14.300,  0.525,  0.800,  1.000,  0.800,0.00000,  0.000,
mon_rep231013,2023-10-13T11:26:41,2893.270,  0.400,1,0,247, 25.000, 14.525,  0.000,-23.077, 13.525, 13.800,  0.000, 14.825, 14.300,  0.525,  0.800,  1.000,  0.800,0.00000,  0.000,
mon_rep231013,2023-10-13T11:26:41,2893.670,  0.400,1,0,247, 25.000, 14.525,  0.000,-23.077, 13.525, 13.800,  0.000, 14.825, 14.300,  0.525,  0.800,  1.000,  0.800,0.00000,  0.000,
mon_rep231013,2023-10-13T11:26:42,2894.070,  0.400,1,0,247, 25.000, 14.525,  0.000,-23.077, 13.525, 13.800,  0.000, 14.825, 14.300,  0.525,  0.800,  1.000,  0.800,0.00000,  0.000,
mon_rep231013,2023-10-13T11:26:42,2894.470,  0.400,1,0,247, 25.000, 14.525,  0.000,-23.077, 13.525, 13.800,  0.000, 14.825, 14.300,  0.525,  0.800,  1.000,  0.800,0.00000,  0.000,
mon_rep231013,2023-10-13T11:26:42,2894.870,  0.400,1,0,247, 25.000, 14.525,  0.000,-23.077, 13.525, 13.800,  0.000, 14.825, 14.300,  0.525,  0.800,  1.000,  0.800,0.00000,  0.000,
mon_rep231013,2023-10-13T11:26:43,2895.270,  0.400,1,0,247, 25.000, 14.525,  0.000,-23.077, 13.525, 13.800,  0.000, 14.825, 14.300,  0.525,  0.800,  1.000,  0.800,0.00000,  0.000,
mon_rep231013,2023-10-13T11:26:43,2895.670,  0.400,1,0,247, 25.000, 14.525,  0.000,-23.077, 13.525, 13.800,  0.000, 14.825, 14.300,  0.525,  0.800,  1.000,  0.800,0.00000,  0.000,
mon_rep231013,2023-10-13T11:26:44,2896.070,  0.400,1,0,247, 25.000, 14.525,  0.000,-23.077, 13.525, 13.800,  0.000, 14.825, 14.300,  0.525,  0.800,  1.000,  0.800,0.00000,  0.000,
mon_rep231013,2023-10-13T11:26:44,2896.470,  0.400,1,0,247, 25.000, 14.525,  0.000,-23.077, 13.525, 13.800,  0.000, 14.825, 14.300,  0.525,  0.800,  1.000,  0.800,0.00000,  0.000,
mon_rep231013,2023-10-13T11:26:44,2896.870,  0.400,1,0,247, 25.000, 14.525,  0.000,-23.077, 13.525, 13.800,  0.000, 14.825, 14.300,  0.525,  0.800,  1.000,  0.800,0.00000,  0.000,
mon_rep231013,2023-10-13T11:26:45,2897.270,  0.400,1,0,247, 25.000, 14.525,  0.000,-23.077, 13.525, 13.800,  0.000, 14.825, 14.300,  0.525,  0.800,  1.000,  0.800,0.00000,  0.000,
mon_rep231013,2023-10-13T11:26:45,2897.670,  0.400,1,0,247, 25.000, 14.525,  0.000,-23.077, 13.525, 13.800,  0.000, 14.825, 14.300,  0.525,  0.800,  1.000,  0.800,0.00000,  0.000,
mon_rep231013,2023-10-13T11:26:46,2898.070,  0.400,1,0,247, 25.000, 14.525,  0.000,-23.077, 13.525, 13.800,  0.000, 14.825, 14.300,  0.525,  0.800,  1.000,  0.800,0.00000,  0.000,
mon_rep231013,2023-10-13T11:26:46,2898.470,  0.400,1,0,247, 25.000, 14.525,  0.000,-23.077, 13.525, 13.800,  0.000, 14.825, 14.300,  0.525,  0.800,  1.000,  0.800,0.00000,  0.000,
mon_rep231013,2023-10-13T11:26:46,2898.870,  0.400,1,0,247, 25.000, 14.525,  0.000,-23.077, 13.525, 13.800,  0.000, 14.825, 14.300,  0.525,  0.800,  1.000,  0.800,0.00000,  0.000,
mon_rep231013,2023-10-13T11:26:47,2899.270,  0.400,1,0,247, 25.000, 14.525,  0.000,-23.077, 13.525, 13.800,  0.000, 14.825, 14.300,  0.525,  0.800,  1.000,  0.800,0.00000,  0.000,
mon_rep231013,2023-10-13T11:26:47,2899.670,  0.400,1,0,247, 25.000, 14.525,  0.000,-23.077, 13.525, 13.800,  0.000, 14.825, 14.300,  0.525,  0.800,  1.000,  0.800,0.00000,  0.000,
mon_rep231013,2023-10-13T11:26:48,2900.070,  0.400,1,0,247, 25.000, 14.525,  0.000,-23.077, 13.525, 13.800,  0.000, 14.825, 14.300,  0.525,  0.800,  1.000,  0.800,0.00000,  0.000,
mon_rep231013,2023-10-13T11:26:48,2900.470,  0.400,1,0,247, 25.000, 14.525,  0.000,-23.077, 13.525, 13.800,  0.000, 14.825, 14.300,  0.525,  0.800,  1.000,  0.800,0.00000,  0.000,
mon_rep231013,2023-10-13T11:26:48,2900.870,  0.400,1,0,247, 25.000, 14.525,  0.000,-23.077, 13.525, 13.800,  0.000, 14.825, 14.300,  0.525,  0.800,  1.000,  0.800,0.00000,  0.000,
mon_rep231013,2023-10-13T11:26:49,2901.270,  0.400,1,0,247, 25.000, 14.525,  0.000,-23.077, 13.525, 13.800,  0.000, 14.825, 14.300,  0.525,  0.800,  1.000,  0.800,0.00000,  0.000,
mon_rep231013,2023-10-13T11:26:49,2901.670,  0.400,1,0,247, 25.000, 14.525,  0.000,-23.077, 13.525, 13.800,  0.000, 14.825, 14.300,  0.525,  0.800,  1.000,  0.800,0.00000,  0.000,
mon_rep231013,2023-10-13T11:26:50,2902.070,  0.400,1,0,247, 25.000, 14.525,  0.000,-23.077, 13.525, 13.800,  0.000, 14.825, 14.300,  0.525,  0.800,  1.000,  0.800,0.00000,  0.000,
mon_rep231013,2023-10-13T11:26:50,2902.470,  0.400,1,0,247, 25.000, 14.525,  0.000,-23.077, 13.525, 13.800,  0.000, 14.825, 14.300,  0.525,  0.800,  1.000,  0.800,0.00000,  0.000,
mon_rep231013,2023-10-13T11:26:50,2902.870,  0.400,1,0,247, 25.000, 14.525,  0.000,-23.077, 13.525, 13.800,  0.000, 14.825, 14.300,  0.525,  0.800,  1.000,  0.800,0.00000,  0.000,
mon_rep231013,2023-10-13T11:26:51,2903.270,  0.400,1,0,247, 25.000, 14.525,  0.000,-23.077, 13.525, 13.800,  0.000, 14.825, 14.300,  0.525,  0.800,  1.000,  0.800,0.00000,  0.000,
mon_rep231013,2023-10-13T11:26:51,2903.670,  0.400,1,0,247, 25.000, 14.525,  0.000,-23.077, 13.525, 13.800,  0.000, 14.825, 14.300,  0.525,  0.800,  1.000,  0.800,0.00000,  0.000,
mon_rep231013,2023-10-13T11:26:52,2904.070,  0.400,1,0,247, 25.000, 14.525,  0.000,-23.077, 13.525, 13.800,  0.000, 14.825, 14.300,  0.525,  0.800,  1.000,  0.800,0.00000,  0.000,
mon_rep231013,2023-10-13T11:26:52,2904.470,  0.400,1,0,247, 25.000, 14.525,  0.000,-23.077, 13.525, 13.800,  0.000, 14.825, 14.300,  0.525,  0.800,  1.000,  0.800,0.00000,  0.000,
mon_rep231013,2023-10-13T11:26:52,2904.870,  0.400,1,0,247, 25.000, 14.525,  0.000,-23.077, 13.525, 13.800,  0.000, 14.825, 14.300,  0.525,  0.800,  1.000,  0.800,0.00000,  0.000,
mon_rep231013,2023-10-13T11:26:53,2905.270,  0.400,1,0,247, 25.000, 14.525,  0.000,-23.077, 13.525, 13.800,  0.000, 14.825, 14.300,  0.525,  0.800,  1.000,  0.800,0.00000,  0.000,
mon_rep231013,2023-10-13T11:26:53,2905.670,  0.400,1,0,247, 25.000, 14.525,  0.000,-23.077, 13.525, 13.800,  0.000, 14.825, 14.300,  0.525,  0.800,  1.000,  0.800,0.00000,  0.000,
mon_rep231013,2023-10-13T11:26:54,2906.070,  0.400,1,0,247, 25.000, 14.525,  0.000,-23.077, 13.525, 13.800,  0.000, 14.825, 14.300,  0.525,  0.800,  1.000,  0.800,0.00000,  0.000,
mon_rep231013,2023-10-13T11:26:54,2906.470,  0.400,1,0,247, 25.000, 14.525,  0.000,-23.077, 13.525, 13.800,  0.000, 14.825, 14.300,  0.525,  0.800,  1.000,  0.800,0.00000,  0.000,
mon_rep231013,2023-10-13T11:26:54,2906.870,  0.400,1,0,247, 25.000, 14.525,  0.000,-23.077, 13.525, 13.800,  0.000, 14.825, 14.300,  0.525,  0.800,  1.000,  0.800,0.00000,  0.000,
mon_rep231013,2023-10-13T11:26:55,2907.270,  0.400,1,0,247, 25.000, 14.525,  0.000,-23.077, 13.525, 13.800,  0.000, 14.825, 14.300,  0.525,  0.800,  1.000,  0.800,0.00000,  0.000,
mon_rep231013,2023-10-13T11:26:55,2907.670,  0.400,1,0,247, 25.000, 14.525,  0.000,-23.077, 13.525, 13.800,  0.000, 14.825, 14.300,  0.525,  0.800,  1.000,  0.800,0.00000,  0.000,
mon_rep231013,2023-10-13T11:26:56,2908.070,  0.400,1,0,247, 25.000, 14.525,  0.000,-23.077, 13.525, 13.800,  0.000, 14.825, 14.300,  0.525,  0.800,  1.000,  0.800,0.00000,  0.000,
mon_rep231013,2023-10-13T11:26:56,2908.470,  0.400,1,0,247, 25.000, 14.525,  0.000,-23.077, 13.525, 13.800,  0.000, 14.825, 14.300,  0.525,  0.800,  1.000,  0.800,0.00000,  0.000,
mon_rep231013,2023-10-13T11:26:56,2908.870,  0.400,1,0,247, 25.000, 14.525,  0.000,-23.077, 13.525, 13.800,  0.000, 14.825, 14.300,  0.525,  0.800,  1.000,  0.800,0.00000,  0.000,
mon_rep231013,2023-10-13T11:26:57,2909.270,  0.400,1,0,247, 25.000, 14.525,  0.000,-23.077, 13.525, 13.800,  0.000, 14.825, 14.300,  0.525,  0.800,  1.000,  0.800,0.00000,  0.000,
mon_rep231013,2023-10-13T11:26:57,2909.670,  0.400,1,0,247, 25.000, 14.525,  0.000,-23.077, 13.525, 13.800,  0.000, 14.825, 14.300,  0.525,  0.800,  1.000,  0.800,0.00000,  0.000,
mon_rep231013,2023-10-13T11:26:58,2910.070,  0.400,1,0,247, 25.000, 14.525,  0.000,-23.077, 13.525, 13.800,  0.000, 14.825, 14.300,  0.525,  0.800,  1.000,  0.800,0.00000,  0.000,
mon_rep231013,2023-10-13T11:26:58,2910.470,  0.400,1,0,247, 25.000, 14.525,  0.000,-23.077, 13.525, 13.800,  0.000, 14.825, 14.300,  0.525,  0.800,  1.000,  0.800,0.00000,  0.000,
mon_rep231013,2023-10-13T11:26:58,2910.870,  0.400,1,0,247, 25.000, 14.525,  0.000,-23.077, 13.525, 13.800,  0.000, 14.825, 14.300,  0.525,  0.800,  1.000,  0.800,0.00000,  0.000,
mon_rep231013,2023-10-13T11:26:59,2911.270,  0.400,1,0,247, 25.000, 14.525,  0.000,-23.077, 13.525, 13.800,  0.000, 14.825, 14.300,  0.525,  0.800,  1.000,  0.800,0.00000,  0.000,
mon_rep231013,2023-10-13T11:26:59,2911.670,  0.400,1,0,247, 25.000, 14.525,  0.000,-23.077, 13.525, 13.800,  0.000, 14.825, 14.300,  0.525,  0.800,  1.000,  0.800,0.00000,  0.000,
mon_rep231013,2023-10-13T11:27:00,2912.070,  0.400,1,0,247, 25.000, 14.525,  0.000,-23.077, 13.525, 13.800,  0.000, 14.825, 14.300,  0.525,  0.800,  1.000,  0.800,0.00000,  0.000,
mon_rep231013,2023-10-13T11:27:00,2912.470,  0.400,1,0,247, 25.000, 14.525,  0.000,-23.077, 13.525, 13.800,  0.000, 14.825, 14.300,  0.525,  0.800,  1.000,  0.800,0.00000,  0.000,
mon_rep231013,2023-10-13T11:27:00,2912.870,  0.400,1,0,247, 25.000, 14.525,  0.000,-23.077, 13.525, 13.800,  0.000, 14.825, 14.300,  0.525,  0.800,  1.000,  0.800,0.00000,  0.000,
mon_rep231013,2023-10-13T11:27:01,2913.270,  0.400,1,0,247, 25.000, 14.525,  0.000,-23.077, 13.525, 13.800,  0.000, 14.825, 14.300,  0.525,  0.800,  1.000,  0.800,0.00000,  0.000,
mon_rep231013,2023-10-13T11:27:01,2913.670,  0.400,1,0,247, 25.000, 14.525,  0.000,-23.077, 13.525, 13.800,  0.000, 14.825, 14.300,  0.525,  0.800,  1.000,  0.800,0.00000,  0.000,
mon_rep231013,2023-10-13T11:27:02,2914.070,  0.400,1,0,247, 25.000, 14.525,  0.000,-23.077, 13.525, 13.800,  0.000, 14.825, 14.300,  0.525,  0.800,  1.000,  0.800,0.00000,  0.000,
mon_rep231013,2023-10-13T11:27:02,2914.470,  0.400,1,0,247, 25.000, 14.525,  0.000,-23.077, 13.525, 13.800,  0.000, 14.825, 14.300,  0.525,  0.800,  1.000,  0.800,0.00000,  0.000,
mon_rep231013,2023-10-13T11:27:02,2914.870,  0.400,1,0,247, 25.000, 14.525,  0.000,-23.077, 13.525, 13.800,  0.000, 14.825, 14.300,  0.525,  0.800,  1.000,  0.800,0.00000,  0.000,
mon_rep231013,2023-10-13T11:27:03,2915.270,  0.400,1,0,247, 25.000, 14.525,  0.000,-23.077, 13.525, 13.800,  0.000, 14.825, 14.300,  0.525,  0.800,  1.000,  0.800,0.00000,  0.000,
mon_rep231013,2023-10-13T11:27:03,2915.670,  0.400,1,0,247, 25.000, 14.525,  0.000,-23.077, 13.525, 13.800,  0.000, 14.825, 14.300,  0.525,  0.800,  1.000,  0.800,0.00000,  0.000,
mon_rep231013,2023-10-13T11:27:04,2916.070,  0.400,1,0,247, 25.000, 14.525,  0.000,-23.077, 13.525, 13.800,  0.000, 14.825, 14.300,  0.525,  0.800,  1.000,  0.800,0.00000,  0.000,
mon_rep231013,2023-10-13T11:27:04,2916.470,  0.400,1,0,247, 25.000, 14.525,  0.000,-23.077, 13.525, 13.800,  0.000, 14.825, 14.300,  0.525,  0.800,  1.000,  0.800,0.00000,  0.000,
mon_rep231013,2023-10-13T11:27:04,2916.870,  0.400,1,0,247, 25.000, 14.525,  0.000,-23.077, 13.525, 13.800,  0.000, 14.825, 14.300,  0.525,  0.800,  1.000,  0.800,0.00000,  0.000,
mon_rep231013,2023-10-13T11:27:05,2917.270,  0.400,1,0,247, 25.000, 14.525,  0.000,-23.077, 13.525, 13.800,  0.000, 14.825, 14.300,  0.525,  0.800,  1.000,  0.800,0.00000,  0.000,
mon_rep231013,2023-10-13T11:27:05,2917.670,  0.400,1,0,247, 25.000, 14.525,  0.000,-23.077, 13.525, 13.800,  0.000, 14.825, 14.300,  0.525,  0.800,  1.000,  0.800,0.00000,  0.000,
mon_rep231013,2023-10-13T11:27:06,2918.070,  0.400,1,0,247, 25.000, 14.525,  0.000,-23.077, 13.525, 13.800,  0.000, 14.825, 14.300,  0.525,  0.800,  1.000,  0.800,0.00000,  0.000,
mon_rep231013,2023-10-13T11:27:06,2918.470,  0.400,1,0,247, 25.000, 14.525,  0.000,-23.077, 13.525, 13.800,  0.000, 14.825, 14.300,  0.525,  0.800,  1.000,  0.800,0.00000,  0.000,
mon_rep231013,2023-10-13T11:27:06,2918.870,  0.400,1,0,247, 25.000, 14.525,  0.000,-23.077, 13.525, 13.800,  0.000, 14.825, 14.300,  0.525,  0.800,  1.000,  0.800,0.00000,  0.000,
mon_rep231013,2023-10-13T11:27:07,2919.270,  0.400,1,0,247, 25.000, 14.525,  0.000,-23.077, 13.525, 13.800,  0.000, 14.825, 14.300,  0.525,  0.800,  1.000,  0.800,0.00000,  0.000,
mon_rep231013,2023-10-13T11:27:07,2919.670,  0.400,1,0,247, 25.000, 14.525,  0.000,-23.077, 13.525, 13.800,  0.000, 14.825, 14.300,  0.525,  0.800,  1.000,  0.800,0.00000,  0.000,
mon_rep231013,2023-10-13T11:27:08,2920.070,  0.400,1,0,247, 25.000, 14.525,  0.000,-23.077, 13.525, 13.800,  0.000, 14.825, 14.300,  0.525,  0.800,  1.000,  0.800,0.00000,  0.000,
mon_rep231013,2023-10-13T11:27:08,2920.470,  0.400,1,0,247, 25.000, 14.525,  0.000,-23.077, 13.525, 13.800,  0.000, 14.825, 14.300,  0.525,  0.800,  1.000,  0.800,0.00000,  0.000,
mon_rep231013,2023-10-13T11:27:08,2920.870,  0.400,1,0,247, 25.000, 14.525,  0.000,-23.077, 13.525, 13.800,  0.000, 14.825, 14.300,  0.525,  0.800,  1.000,  0.800,0.00000,  0.000,
mon_rep231013,2023-10-13T11:27:09,2921.270,  0.400,1,0,247, 25.000, 14.525,  0.000,-23.077, 13.525, 13.800,  0.000, 14.825, 14.300,  0.525,  0.800,  1.000,  0.800,0.00000,  0.000,
mon_rep231013,2023-10-13T11:27:09,2921.670,  0.400,1,0,247, 25.000, 14.525,  0.000,-23.077, 13.525, 13.800,  0.000, 14.825, 14.300,  0.525,  0.800,  1.000,  0.800,0.00000,  0.000,
mon_rep231013,2023-10-13T11:27:10,2922.070,  0.400,1,0,247, 25.000, 14.525,  0.000,-23.077, 13.525, 13.800,  0.000, 14.825, 14.300,  0.525,  0.800,  1.000,  0.800,0.00000,  0.000,
mon_rep231013,2023-10-13T11:27:10,2922.470,  0.400,1,0,247, 25.000, 14.525,  0.000,-23.077, 13.525, 13.800,  0.000, 14.825, 14.300,  0.525,  0.800,  1.000,  0.800,0.00000,  0.000,
mon_rep231013,2023-10-13T11:27:10,2922.870,  0.400,1,0,247, 25.000, 14.525,  0.000,-23.077, 13.525, 13.800,  0.000, 14.825, 14.300,  0.525,  0.800,  1.000,  0.800,0.00000,  0.000,
mon_rep231013,2023-10-13T11:27:11,2923.270,  0.400,1,0,247, 25.000, 14.525,  0.000,-23.077, 13.525, 13.800,  0.000, 14.825, 14.300,  0.525,  0.800,  1.000,  0.800,0.00000,  0.000,
mon_rep231013,2023-10-13T11:27:11,2923.670,  0.400,1,0,247, 25.000, 14.525,  0.000,-23.077, 13.525, 13.800,  0.000, 14.825, 14.300,  0.525,  0.800,  1.000,  0.800,0.00000,  0.000,
mon_rep231013,2023-10-13T11:27:12,2924.070,  0.400,1,0,247, 25.000, 14.525,  0.000,-23.077, 13.525, 13.800,  0.000, 14.825, 14.300,  0.525,  0.800,  1.000,  0.800,0.00000,  0.000,
mon_rep231013,2023-10-13T11:27:12,2924.470,  0.400,1,0,247, 25.000, 14.525,  0.000,-23.077, 13.525, 13.800,  0.000, 14.825, 14.300,  0.525,  0.800,  1.000,  0.800,0.00000,  0.000,
mon_rep231013,2023-10-13T11:27:12,2924.870,  0.400,1,0,247, 25.000, 14.525,  0.000,-23.077, 13.525, 13.800,  0.000, 14.825, 14.300,  0.525,  0.800,  1.000,  0.800,0.00000,  0.000,
mon_rep231013,2023-10-13T11:27:13,2925.270,  0.400,1,0,247, 25.000, 14.525,  0.000,-23.077, 13.525, 13.800,  0.000, 14.825, 14.300,  0.525,  0.800,  1.000,  0.800,0.00000,  0.000,
mon_rep231013,2023-10-13T11:27:13,2925.670,  0.400,1,0,247, 25.000, 14.525,  0.000,-23.077, 13.525, 13.800,  0.000, 14.825, 14.300,  0.525,  0.800,  1.000,  0.800,0.00000,  0.000,
mon_rep231013,2023-10-13T11:27:14,2926.070,  0.400,1,0,247, 25.000, 14.525,  0.000,-23.077, 13.525, 13.800,  0.000, 14.825, 14.300,  0.525,  0.800,  1.000,  0.800,0.00000,  0.000,
mon_rep231013,2023-10-13T11:27:14,2926.470,  0.400,1,0,247, 25.000, 14.525,  0.000,-23.077, 13.525, 13.800,  0.000, 14.825, 14.300,  0.525,  0.800,  1.000,  0.800,0.00000,  0.000,
mon_rep231013,2023-10-13T11:27:14,2926.870,  0.400,1,0,247, 25.000, 14.525,  0.000,-23.077, 13.525, 13.800,  0.000, 14.825, 14.300,  0.525,  0.800,  1.000,  0.800,0.00000,  0.000,
mon_rep231013,2023-10-13T11:27:15,2927.270,  0.400,1,0,247, 25.000, 14.525,  0.000,-23.077, 13.525, 13.800,  0.000, 14.825, 14.300,  0.525,  0.800,  1.000,  0.800,0.00000,  0.000,
mon_rep231013,2023-10-13T11:27:15,2927.670,  0.400,1,0,247, 25.000, 14.525,  0.000,-23.077, 13.525, 13.800,  0.000, 14.825, 14.300,  0.525,  0.800,  1.000,  0.800,0.00000,  0.000,
mon_rep231013,2023-10-13T11:27:16,2928.070,  0.400,1,0,247, 25.000, 14.525,  0.000,-23.077, 13.525, 13.800,  0.000, 14.825, 14.300,  0.525,  0.800,  1.000,  0.800,0.00000,  0.000,
mon_rep231013,2023-10-13T11:27:16,2928.470,  0.400,1,0,247, 25.000, 14.525,  0.000,-23.077, 13.525, 13.800,  0.000, 14.825, 14.300,  0.525,  0.800,  1.000,  0.800,0.00000,  0.000,
mon_rep231013,2023-10-13T11:27:16,2928.870,  0.400,1,0,247, 25.000, 14.525,  0.000,-23.077, 13.525, 13.800,  0.000, 14.825, 14.300,  0.525,  0.800,  1.000,  0.800,0.00000,  0.000,
mon_rep231013,2023-10-13T11:27:17,2929.270,  0.400,1,0,247, 25.000, 14.525,  0.000,-23.077, 13.525, 13.800,  0.000, 14.825, 14.300,  0.525,  0.800,  1.000,  0.800,0.00000,  0.000,
mon_rep231013,2023-10-13T11:27:17,2929.670,  0.400,1,0,247, 25.000, 14.525,  0.000,-23.077, 13.525, 13.800,  0.000, 14.825, 14.300,  0.525,  0.800,  1.000,  0.800,0.00000,  0.000,
mon_rep231013,2023-10-13T11:27:18,2930.070,  0.400,1,0,247, 25.000, 14.525,  0.000,-23.077, 13.525, 13.800,  0.000, 14.825, 14.300,  0.525,  0.800,  1.000,  0.800,0.00000,  0.000,
mon_rep231013,2023-10-13T11:27:18,2930.470,  0.400,1,0,247, 25.000, 14.525,  0.000,-23.077, 13.525, 13.800,  0.000, 14.825, 14.300,  0.525,  0.800,  1.000,  0.800,0.00000,  0.000,
mon_rep231013,2023-10-13T11:27:18,2930.870,  0.400,1,0,247, 25.000, 14.525,  0.000,-23.077, 13.525, 13.800,  0.000, 14.825, 14.300,  0.525,  0.800,  1.000,  0.800,0.00000,  0.000,
mon_rep231013,2023-10-13T11:27:19,2931.270,  0.400,1,0,247, 25.000, 14.525,  0.000,-23.077, 13.525, 13.800,  0.000, 14.825, 14.300,  0.525,  0.800,  1.000,  0.800,0.00000,  0.000,
mon_rep231013,2023-10-13T11:27:19,2931.670,  0.400,1,0,247, 25.000, 14.525,  0.000,-23.077, 13.525, 13.800,  0.000, 14.825, 14.300,  0.525,  0.800,  1.000,  0.800,0.00000,  0.000,
mon_rep231013,2023-10-13T11:27:20,2932.070,  0.400,1,0,247, 25.000, 14.525,  0.000,-23.077, 13.525, 13.800,  0.000, 14.825, 14.300,  0.525,  0.800,  1.000,  0.800,0.00000,  0.000,
mon_rep231013,2023-10-13T11:27:20,2932.470,  0.400,1,0,247, 25.000, 14.525,  0.000,-23.077, 13.525, 13.800,  0.000, 14.825, 14.300,  0.525,  0.800,  1.000,  0.800,0.00000,  0.000,
mon_rep231013,2023-10-13T11:27:20,2932.870,  0.400,1,0,247, 25.000, 14.525,  0.000,-23.077, 13.525, 13.800,  0.000, 14.825, 14.300,  0.525,  0.800,  1.000,  0.800,0.00000,  0.000,
mon_rep231013,2023-10-13T11:27:21,2933.270,  0.400,1,0,247, 25.000, 14.525,  0.000,-23.077, 13.525, 13.800,  0.000, 14.825, 14.300,  0.525,  0.800,  1.000,  0.800,0.00000,  0.000,
mon_rep231013,2023-10-13T11:27:21,2933.670,  0.400,1,0,247, 25.000, 14.525,  0.000,-23.077, 13.525, 13.800,  0.000, 14.825, 14.300,  0.525,  0.800,  1.000,  0.800,0.00000,  0.000,
mon_rep231013,2023-10-13T11:27:22,2934.070,  0.400,1,0,247, 25.000, 14.525,  0.000,-23.077, 13.525, 13.800,  0.000, 14.825, 14.300,  0.525,  0.800,  1.000,  0.800,0.00000,  0.000,
mon_rep231013,2023-10-13T11:27:22,2934.470,  0.400,1,0,247, 25.000, 14.525,  0.000,-23.077, 13.525, 13.800,  0.000, 14.825, 14.300,  0.525,  0.800,  1.000,  0.800,0.00000,  0.000,
mon_rep231013,2023-10-13T11:27:22,2934.870,  0.400,1,0,247, 25.000, 14.525,  0.000,-23.077, 13.525, 13.800,  0.000, 14.825, 14.300,  0.525,  0.800,  1.000,  0.800,0.00000,  0.000,
mon_rep231013,2023-10-13T11:27:23,2935.270,  0.400,1,0,247, 25.000, 14.525,  0.000,-23.077, 13.525, 13.800,  0.000, 14.825, 14.300,  0.525,  0.800,  1.000,  0.800,0.00000,  0.000,
mon_rep231013,2023-10-13T11:27:23,2935.670,  0.400,1,0,247, 25.000, 14.525,  0.000,-23.077, 13.525, 13.800,  0.000, 14.825, 14.300,  0.525,  0.800,  1.000,  0.800,0.00000,  0.000,
mon_rep231013,2023-10-13T11:27:24,2936.070,  0.400,1,0,247, 25.000, 14.525,  0.000,-23.077, 13.525, 13.800,  0.000, 14.825, 14.300,  0.525,  0.800,  1.000,  0.800,0.00000,  0.000,
mon_rep231013,2023-10-13T11:27:24,2936.470,  0.400,1,0,247, 25.000, 14.525,  0.000,-23.077, 13.525, 13.800,  0.000, 14.825, 14.300,  0.525,  0.800,  1.000,  0.800,0.00000,  0.000,
mon_rep231013,2023-10-13T11:27:24,2936.870,  0.400,1,0,247, 25.000, 14.525,  0.000,-23.077, 13.525, 13.800,  0.000, 14.825, 14.300,  0.525,  0.800,  1.000,  0.800,0.00000,  0.000,
mon_rep231013,2023-10-13T11:27:25,2937.270,  0.400,1,0,247, 25.000, 14.525,  0.000,-23.077, 13.525, 13.800,  0.000, 14.825, 14.300,  0.525,  0.800,  1.000,  0.800,0.00000,  0.000,
mon_rep231013,2023-10-13T11:27:25,2937.670,  0.400,1,0,247, 25.000, 14.525,  0.000,-23.077, 13.525, 13.800,  0.000, 14.825, 14.300,  0.525,  0.800,  1.000,  0.800,0.00000,  0.000,
mon_rep231013,2023-10-13T11:27:26,2938.070,  0.400,1,0,247, 25.000, 14.525,  0.000,-23.077, 13.525, 13.800,  0.000, 14.825, 14.300,  0.525,  0.800,  1.000,  0.800,0.00000,  0.000,
mon_rep231013,2023-10-13T11:27:26,2938.470,  0.400,1,0,247, 25.000, 14.525,  0.000,-23.077, 13.525, 13.800,  0.000, 14.825, 14.300,  0.525,  0.800,  1.000,  0.800,0.00000,  0.000,
mon_rep231013,2023-10-13T11:27:26,2938.870,  0.400,1,0,247, 25.000, 14.525,  0.000,-23.077, 13.525, 13.800,  0.000, 14.825, 14.300,  0.525,  0.800,  1.000,  0.800,0.00000,  0.000,
mon_rep231013,2023-10-13T11:27:27,2939.270,  0.400,1,0,247, 25.000, 14.525,  0.000,-23.077, 13.525, 13.800,  0.000, 14.825, 14.300,  0.525,  0.800,  1.000,  0.800,0.00000,  0.000,
mon_rep231013,2023-10-13T11:27:27,2939.670,  0.400,1,0,247, 25.000, 14.525,  0.000,-23.077, 13.525, 13.800,  0.000, 14.825, 14.300,  0.525,  0.800,  1.000,  0.800,0.00000,  0.000,
mon_rep231013,2023-10-13T11:27:28,2940.070,  0.400,1,0,247, 25.000, 14.525,  0.000,-23.077, 13.525, 13.800,  0.000, 14.825, 14.300,  0.525,  0.800,  1.000,  0.800,0.00000,  0.000,
mon_rep231013,2023-10-13T11:27:28,2940.470,  0.400,1,0,247, 25.000, 14.525,  0.000,-23.077, 13.525, 13.800,  0.000, 14.825, 14.300,  0.525,  0.800,  1.000,  0.800,0.00000,  0.000,
mon_rep231013,2023-10-13T11:27:28,2940.870,  0.400,1,0,247, 25.000, 14.525,  0.000,-23.077, 13.525, 13.800,  0.000, 14.825, 14.300,  0.525,  0.800,  1.000,  0.800,0.00000,  0.000,
mon_rep231013,2023-10-13T11:27:29,2941.270,  0.400,1,0,247, 25.000, 14.525,  0.000,-23.077, 13.525, 13.800,  0.000, 14.825, 14.300,  0.525,  0.800,  1.000,  0.800,0.00000,  0.000,
mon_rep231013,2023-10-13T11:27:29,2941.670,  0.400,1,0,247, 25.000, 14.525,  0.000,-23.077, 13.525, 13.800,  0.000, 14.825, 14.300,  0.525,  0.800,  1.000,  0.800,0.00000,  0.000,
mon_rep231013,2023-10-13T11:27:30,2942.070,  0.400,1,0,247, 25.000, 14.525,  0.000,-23.077, 13.525, 13.800,  0.000, 14.825, 14.300,  0.525,  0.800,  1.000,  0.800,0.00000,  0.000,
mon_rep231013,2023-10-13T11:27:30,2942.470,  0.400,1,0,247, 25.000, 14.525,  0.000,-23.077, 13.525, 13.800,  0.000, 14.825, 14.300,  0.525,  0.800,  1.000,  0.800,0.00000,  0.000,
mon_rep231013,2023-10-13T11:27:30,2942.870,  0.400,1,0,247, 25.000, 14.525,  0.000,-23.077, 13.525, 13.800,  0.000, 14.825, 14.300,  0.525,  0.800,  1.000,  0.800,0.00000,  0.000,
mon_rep231013,2023-10-13T11:27:31,2943.270,  0.400,1,0,247, 25.000, 14.525,  0.000,-23.077, 13.525, 13.800,  0.000, 14.825, 14.300,  0.525,  0.800,  1.000,  0.800,0.00000,  0.000,
mon_rep231013,2023-10-13T11:27:31,2943.670,  0.400,1,0,247, 25.000, 14.525,  0.000,-23.077, 13.525, 13.800,  0.000, 14.825, 14.300,  0.525,  0.800,  1.000,  0.800,0.00000,  0.000,
mon_rep231013,2023-10-13T11:27:32,2944.070,  0.400,1,0,247, 25.000, 14.525,  0.000,-23.077, 13.525, 13.800,  0.000, 14.825, 14.300,  0.525,  0.800,  1.000,  0.800,0.00000,  0.000,
mon_rep231013,2023-10-13T11:27:32,2944.470,  0.400,1,0,247, 25.000, 14.525,  0.000,-23.077, 13.525, 13.800,  0.000, 14.825, 14.300,  0.525,  0.800,  1.000,  0.800,0.00000,  0.000,
mon_rep231013,2023-10-13T11:27:32,2944.870,  0.400,1,0,247, 25.000, 14.525,  0.000,-23.077, 13.525, 13.800,  0.000, 14.825, 14.300,  0.525,  0.800,  1.000,  0.800,0.00000,  0.000,
mon_rep231013,2023-10-13T11:27:33,2945.270,  0.400,1,0,247, 25.000, 14.525,  0.000,-23.077, 13.525, 13.800,  0.000, 14.825, 14.300,  0.525,  0.800,  1.000,  0.800,0.00000,  0.000,
mon_rep231013,2023-10-13T11:27:33,2945.670,  0.400,1,0,247, 25.000, 14.525,  0.000,-23.077, 13.525, 13.800,  0.000, 14.825, 14.300,  0.525,  0.800,  1.000,  0.800,0.00000,  0.000,
mon_rep231013,2023-10-13T11:27:34,2946.070,  0.400,1,0,247, 25.000, 14.525,  0.000,-23.077, 13.525, 13.800,  0.000, 14.825, 14.300,  0.525,  0.800,  1.000,  0.800,0.00000,  0.000,
mon_rep231013,2023-10-13T11:27:34,2946.470,  0.400,1,0,247, 25.000, 14.525,  0.000,-23.077, 13.525, 13.800,  0.000, 14.825, 14.300,  0.525,  0.800,  1.000,  0.800,0.00000,  0.000,
mon_rep231013,2023-10-13T11:27:34,2946.870,  0.400,1,0,247, 25.000, 14.525,  0.000,-23.077, 13.525, 13.800,  0.000, 14.825, 14.300,  0.525,  0.800,  1.000,  0.800,0.00000,  0.000,
mon_rep231013,2023-10-13T11:27:35,2947.270,  0.400,1,0,247, 25.000, 14.525,  0.000,-23.077, 13.525, 13.800,  0.000, 14.825, 14.300,  0.525,  0.800,  1.000,  0.800,0.00000,  0.000,
mon_rep231013,2023-10-13T11:27:35,2947.670,  0.400,1,0,247, 25.000, 14.525,  0.000,-23.077, 13.525, 13.800,  0.000, 14.825, 14.300,  0.525,  0.800,  1.000,  0.800,0.00000,  0.000,
mon_rep231013,2023-10-13T11:27:36,2948.070,  0.400,1,0,247, 25.000, 14.525,  0.000,-23.077, 13.525, 13.800,  0.000, 14.825, 14.300,  0.525,  0.800,  1.000,  0.800,0.00000,  0.000,
mon_rep231013,2023-10-13T11:27:36,2948.470,  0.400,1,0,247, 25.000, 14.525,  0.000,-23.077, 13.525, 13.800,  0.000, 14.825, 14.300,  0.525,  0.800,  1.000,  0.800,0.00000,  0.000,
mon_rep231013,2023-10-13T11:27:36,2948.870,  0.400,1,0,247, 25.000, 14.525,  0.000,-23.077, 13.525, 13.800,  0.000, 14.825, 14.300,  0.525,  0.800,  1.000,  0.800,0.00000,  0.000,
mon_rep231013,2023-10-13T11:27:37,2949.270,  0.400,1,0,247, 25.000, 14.525,  0.000,-23.077, 13.525, 13.800,  0.000, 14.825, 14.300,  0.525,  0.800,  1.000,  0.800,0.00000,  0.000,
mon_rep231013,2023-10-13T11:27:37,2949.670,  0.400,1,0,247, 25.000, 14.525,  0.000,-23.077, 13.525, 13.800,  0.000, 14.825, 14.300,  0.525,  0.800,  1.000,  0.800,0.00000,  0.000,
mon_rep231013,2023-10-13T11:27:38,2950.070,  0.400,1,0,247, 25.000, 14.525,  0.000,-23.077, 13.525, 13.800,  0.000, 14.825, 14.300,  0.525,  0.800,  1.000,  0.800,0.00000,  0.000,
mon_rep231013,2023-10-13T11:27:38,2950.470,  0.400,1,0,247, 25.000, 14.525,  0.000,-23.077, 13.525, 13.800,  0.000, 14.825, 14.300,  0.525,  0.800,  1.000,  0.800,0.00000,  0.000,
mon_rep231013,2023-10-13T11:27:38,2950.870,  0.400,1,0,247, 25.000, 14.525,  0.000,-23.077, 13.525, 13.800,  0.000, 14.825, 14.300,  0.525,  0.800,  1.000,  0.800,0.00000,  0.000,
mon_rep231013,2023-10-13T11:27:39,2951.270,  0.400,1,0,247, 25.000, 14.525,  0.000,-23.077, 13.525, 13.800,  0.000, 14.825, 14.300,  0.525,  0.800,  1.000,  0.800,0.00000,  0.000,
mon_rep231013,2023-10-13T11:27:39,2951.670,  0.400,1,0,247, 25.000, 14.525,  0.000,-23.077, 13.525, 13.800,  0.000, 14.825, 14.300,  0.525,  0.800,  1.000,  0.800,0.00000,  0.000,
mon_rep231013,2023-10-13T11:27:40,2952.070,  0.400,1,0,247, 25.000, 14.525,  0.000,-23.077, 13.525, 13.800,  0.000, 14.825, 14.300,  0.525,  0.800,  1.000,  0.800,0.00000,  0.000,
mon_rep231013,2023-10-13T11:27:40,2952.470,  0.400,1,0,247, 25.000, 14.525,  0.000,-23.077, 13.525, 13.800,  0.000, 14.825, 14.300,  0.525,  0.800,  1.000,  0.800,0.00000,  0.000,
mon_rep231013,2023-10-13T11:27:40,2952.870,  0.400,1,0,247, 25.000, 14.525,  0.000,-23.077, 13.525, 13.800,  0.000, 14.825, 14.300,  0.525,  0.800,  1.000,  0.800,0.00000,  0.000,
mon_rep231013,2023-10-13T11:27:41,2953.270,  0.400,1,0,247, 25.000, 14.525,  0.000,-23.077, 13.525, 13.800,  0.000, 14.825, 14.300,  0.525,  0.800,  1.000,  0.800,0.00000,  0.000,
mon_rep231013,2023-10-13T11:27:41,2953.670,  0.400,1,0,247, 25.000, 14.525,  0.000,-23.077, 13.525, 13.800,  0.000, 14.825, 14.300,  0.525,  0.800,  1.000,  0.800,0.00000,  0.000,
mon_rep231013,2023-10-13T11:27:42,2954.070,  0.400,1,0,247, 25.000, 14.525,  0.000,-23.077, 13.525, 13.800,  0.000, 14.825, 14.300,  0.525,  0.800,  1.000,  0.800,0.00000,  0.000,
mon_rep231013,2023-10-13T11:27:42,2954.470,  0.400,1,0,247, 25.000, 14.525,  0.000,-23.077, 13.525, 13.800,  0.000, 14.825, 14.300,  0.525,  0.800,  1.000,  0.800,0.00000,  0.000,
mon_rep231013,2023-10-13T11:27:42,2954.870,  0.400,1,0,247, 25.000, 14.525,  0.000,-23.077, 13.525, 13.800,  0.000, 14.825, 14.300,  0.525,  0.800,  1.000,  0.800,0.00000,  0.000,
mon_rep231013,2023-10-13T11:27:43,2955.270,  0.400,1,0,247, 25.000, 14.525,  0.000,-23.077, 13.525, 13.800,  0.000, 14.825, 14.300,  0.525,  0.800,  1.000,  0.800,0.00000,  0.000,
mon_rep231013,2023-10-13T11:27:43,2955.670,  0.400,1,0,247, 25.000, 14.525,  0.000,-23.077, 13.525, 13.800,  0.000, 14.825, 14.300,  0.525,  0.800,  1.000,  0.800,0.00000,  0.000,
mon_rep231013,2023-10-13T11:27:44,2956.070,  0.400,1,0,247, 25.000, 14.525,  0.000,-23.077, 13.525, 13.800,  0.000, 14.825, 14.300,  0.525,  0.800,  1.000,  0.800,0.00000,  0.000,
mon_rep231013,2023-10-13T11:27:44,2956.470,  0.400,1,0,247, 25.000, 14.525,  0.000,-23.077, 13.525, 13.800,  0.000, 14.825, 14.300,  0.525,  0.800,  1.000,  0.800,0.00000,  0.000,
mon_rep231013,2023-10-13T11:27:44,2956.870,  0.400,1,0,247, 25.000, 14.525,  0.000,-23.077, 13.525, 13.800,  0.000, 14.825, 14.300,  0.525,  0.800,  1.000,  0.800,0.00000,  0.000,
mon_rep231013,2023-10-13T11:27:45,2957.270,  0.400,1,0,247, 25.000, 14.525,  0.000,-23.077, 13.525, 13.800,  0.000, 14.825, 14.300,  0.525,  0.800,  1.000,  0.800,0.00000,  0.000,
mon_rep231013,2023-10-13T11:27:45,2957.670,  0.400,1,0,247, 25.000, 14.525,  0.000,-23.077, 13.525, 13.800,  0.000, 14.825, 14.300,  0.525,  0.800,  1.000,  0.800,0.00000,  0.000,
mon_rep231013,2023-10-13T11:27:46,2958.070,  0.400,1,0,247, 25.000, 14.525,  0.000,-23.077, 13.525, 13.800,  0.000, 14.825, 14.300,  0.525,  0.800,  1.000,  0.800,0.00000,  0.000,
mon_rep231013,2023-10-13T11:27:46,2958.470,  0.400,1,0,247, 25.000, 14.525,  0.000,-23.077, 13.525, 13.800,  0.000, 14.825, 14.300,  0.525,  0.800,  1.000,  0.800,0.00000,  0.000,
mon_rep231013,2023-10-13T11:27:46,2958.870,  0.400,1,0,247, 25.000, 14.525,  0.000,-23.077, 13.525, 13.800,  0.000, 14.825, 14.300,  0.525,  0.800,  1.000,  0.800,0.00000,  0.000,
mon_rep231013,2023-10-13T11:27:47,2959.270,  0.400,1,0,247, 25.000, 14.525,  0.000,-23.077, 13.525, 13.800,  0.000, 14.825, 14.300,  0.525,  0.800,  1.000,  0.800,0.00000,  0.000,
mon_rep231013,2023-10-13T11:27:47,2959.670,  0.400,1,0,247, 25.000, 14.525,  0.000,-23.077, 13.525, 13.800,  0.000, 14.825, 14.300,  0.525,  0.800,  1.000,  0.800,0.00000,  0.000,
mon_rep231013,2023-10-13T11:27:48,2960.070,  0.400,1,0,247, 25.000, 14.525,  0.000,-23.077, 13.525, 13.800,  0.000, 14.825, 14.300,  0.525,  0.800,  1.000,  0.800,0.00000,  0.000,
mon_rep231013,2023-10-13T11:27:48,2960.470,  0.400,1,0,247, 25.000, 14.525,  0.000,-23.077, 13.525, 13.800,  0.000, 14.825, 14.300,  0.525,  0.800,  1.000,  0.800,0.00000,  0.000,
mon_rep231013,2023-10-13T11:27:48,2960.870,  0.400,1,0,247, 25.000, 14.525,  0.000,-23.077, 13.525, 13.800,  0.000, 14.825, 14.300,  0.525,  0.800,  1.000,  0.800,0.00000,  0.000,
mon_rep231013,2023-10-13T11:27:49,2961.270,  0.400,1,0,247, 25.000, 14.525,  0.000,-23.077, 13.525, 13.800,  0.000, 14.825, 14.300,  0.525,  0.800,  1.000,  0.800,0.00000,  0.000,
mon_rep231013,2023-10-13T11:27:49,2961.670,  0.400,1,0,247, 25.000, 14.525,  0.000,-23.077, 13.525, 13.800,  0.000, 14.825, 14.300,  0.525,  0.800,  1.000,  0.800,0.00000,  0.000,
mon_rep231013,2023-10-13T11:27:50,2962.070,  0.400,1,0,247, 25.000, 14.525,  0.000,-23.077, 13.525, 13.800,  0.000, 14.825, 14.300,  0.525,  0.800,  1.000,  0.800,0.00000,  0.000,
mon_rep231013,2023-10-13T11:27:50,2962.470,  0.400,1,0,247, 25.000, 14.525,  0.000,-23.077, 13.525, 13.800,  0.000, 14.825, 14.300,  0.525,  0.800,  1.000,  0.800,0.00000,  0.000,
mon_rep231013,2023-10-13T11:27:50,2962.870,  0.400,1,0,247, 25.000, 14.525,  0.000,-23.077, 13.525, 13.800,  0.000, 14.825, 14.300,  0.525,  0.800,  1.000,  0.800,0.00000,  0.000,
mon_rep231013,2023-10-13T11:27:51,2963.270,  0.400,1,0,247, 25.000, 14.525,  0.000,-23.077, 13.525, 13.800,  0.000, 14.825, 14.300,  0.525,  0.800,  1.000,  0.800,0.00000,  0.000,
mon_rep231013,2023-10-13T11:27:51,2963.670,  0.400,1,0,247, 25.000, 14.525,  0.000,-23.077, 13.525, 13.800,  0.000, 14.825, 14.300,  0.525,  0.800,  1.000,  0.800,0.00000,  0.000,
mon_rep231013,2023-10-13T11:27:52,2964.070,  0.400,1,0,247, 25.000, 14.525,  0.000,-23.077, 13.525, 13.800,  0.000, 14.825, 14.300,  0.525,  0.800,  1.000,  0.800,0.00000,  0.000,
mon_rep231013,2023-10-13T11:27:52,2964.470,  0.400,1,0,247, 25.000, 14.525,  0.000,-23.077, 13.525, 13.800,  0.000, 14.825, 14.300,  0.525,  0.800,  1.000,  0.800,0.00000,  0.000,
mon_rep231013,2023-10-13T11:27:52,2964.870,  0.400,1,0,247, 25.000, 14.525,  0.000,-23.077, 13.525, 13.800,  0.000, 14.825, 14.300,  0.525,  0.800,  1.000,  0.800,0.00000,  0.000,
mon_rep231013,2023-10-13T11:27:53,2965.270,  0.400,1,0,247, 25.000, 14.525,  0.000,-23.077, 13.525, 13.800,  0.000, 14.825, 14.300,  0.525,  0.800,  1.000,  0.800,0.00000,  0.000,
mon_rep231013,2023-10-13T11:27:53,2965.670,  0.400,1,0,247, 25.000, 14.525,  0.000,-23.077, 13.525, 13.800,  0.000, 14.825, 14.300,  0.525,  0.800,  1.000,  0.800,0.00000,  0.000,
mon_rep231013,2023-10-13T11:27:54,2966.070,  0.400,1,0,247, 25.000, 14.525,  0.000,-23.077, 13.525, 13.800,  0.000, 14.825, 14.300,  0.525,  0.800,  1.000,  0.800,0.00000,  0.000,
mon_rep231013,2023-10-13T11:27:54,2966.470,  0.400,1,0,247, 25.000, 14.525,  0.000,-23.077, 13.525, 13.800,  0.000, 14.825, 14.300,  0.525,  0.800,  1.000,  0.800,0.00000,  0.000,
mon_rep231013,2023-10-13T11:27:54,2966.870,  0.400,1,0,247, 25.000, 14.525,  0.000,-23.077, 13.525, 13.800,  0.000, 14.825, 14.300,  0.525,  0.800,  1.000,  0.800,0.00000,  0.000,
mon_rep231013,2023-10-13T11:27:55,2967.270,  0.400,1,0,247, 25.000, 14.525,  0.000,-23.077, 13.525, 13.800,  0.000, 14.825, 14.300,  0.525,  0.800,  1.000,  0.800,0.00000,  0.000,
mon_rep231013,2023-10-13T11:27:55,2967.670,  0.400,1,0,247, 25.000, 14.525,  0.000,-23.077, 13.525, 13.800,  0.000, 14.825, 14.300,  0.525,  0.800,  1.000,  0.800,0.00000,  0.000,
mon_rep231013,2023-10-13T11:27:56,2968.070,  0.400,1,0,247, 25.000, 14.525,  0.000,-23.077, 13.525, 13.800,  0.000, 14.825, 14.300,  0.525,  0.800,  1.000,  0.800,0.00000,  0.000,
mon_rep231013,2023-10-13T11:27:56,2968.470,  0.400,1,0,247, 25.000, 14.525,  0.000,-23.077, 13.525, 13.800,  0.000, 14.825, 14.300,  0.525,  0.800,  1.000,  0.800,0.00000,  0.000,
mon_rep231013,2023-10-13T11:27:56,2968.870,  0.400,1,0,247, 25.000, 14.525,  0.000,-23.077, 13.525, 13.800,  0.000, 14.825, 14.300,  0.525,  0.800,  1.000,  0.800,0.00000,  0.000,
mon_rep231013,2023-10-13T11:27:57,2969.270,  0.400,1,0,247, 25.000, 14.525,  0.000,-23.077, 13.525, 13.800,  0.000, 14.825, 14.300,  0.525,  0.800,  1.000,  0.800,0.00000,  0.000,
mon_rep231013,2023-10-13T11:27:57,2969.670,  0.400,1,0,247, 25.000, 14.525,  0.000,-23.077, 13.525, 13.800,  0.000, 14.825, 14.300,  0.525,  0.800,  1.000,  0.800,0.00000,  0.000,
mon_rep231013,2023-10-13T11:27:58,2970.070,  0.400,1,0,247, 25.000, 14.525,  0.000,-23.077, 13.525, 13.800,  0.000, 14.825, 14.300,  0.525,  0.800,  1.000,  0.800,0.00000,  0.000,
mon_rep231013,2023-10-13T11:27:58,2970.470,  0.400,1,0,247, 25.000, 14.525,  0.000,-23.077, 13.525, 13.800,  0.000, 14.825, 14.300,  0.525,  0.800,  1.000,  0.800,0.00000,  0.000,
mon_rep231013,2023-10-13T11:27:58,2970.870,  0.400,1,0,247, 25.000, 14.525,  0.000,-23.077, 13.525, 13.800,  0.000, 14.825, 14.300,  0.525,  0.800,  1.000,  0.800,0.00000,  0.000,
mon_rep231013,2023-10-13T11:27:59,2971.270,  0.400,1,0,247, 25.000, 14.525,  0.000,-23.077, 13.525, 13.800,  0.000, 14.825, 14.300,  0.525,  0.800,  1.000,  0.800,0.00000,  0.000,
mon_rep231013,2023-10-13T11:27:59,2971.670,  0.400,1,0,247, 25.000, 14.525,  0.000,-23.077, 13.525, 13.800,  0.000, 14.825, 14.300,  0.525,  0.800,  1.000,  0.800,0.00000,  0.000,
mon_rep231013,2023-10-13T11:28:00,2972.070,  0.400,1,0,247, 25.000, 14.525,  0.000,-23.077, 13.525, 13.800,  0.000, 14.825, 14.300,  0.525,  0.800,  1.000,  0.800,0.00000,  0.000,
mon_rep231013,2023-10-13T11:28:00,2972.470,  0.400,1,0,247, 25.000, 14.525,  0.000,-23.077, 13.525, 13.800,  0.000, 14.825, 14.300,  0.525,  0.800,  1.000,  0.800,0.00000,  0.000,
mon_rep231013,2023-10-13T11:28:00,2972.870,  0.400,1,0,247, 25.000, 14.525,  0.000,-23.077, 13.525, 13.800,  0.000, 14.825, 14.300,  0.525,  0.800,  1.000,  0.800,0.00000,  0.000,
mon_rep231013,2023-10-13T11:28:01,2973.270,  0.400,1,0,247, 25.000, 14.525,  0.000,-23.077, 13.525, 13.800,  0.000, 14.825, 14.300,  0.525,  0.800,  1.000,  0.800,0.00000,  0.000,
mon_rep231013,2023-10-13T11:28:01,2973.670,  0.400,1,0,247, 25.000, 14.525,  0.000,-23.077, 13.525, 13.800,  0.000, 14.825, 14.300,  0.525,  0.800,  1.000,  0.800,0.00000,  0.000,
mon_rep231013,2023-10-13T11:28:02,2974.070,  0.400,1,0,247, 25.000, 14.525,  0.000,-23.077, 13.525, 13.800,  0.000, 14.825, 14.300,  0.525,  0.800,  1.000,  0.800,0.00000,  0.000,
mon_rep231013,2023-10-13T11:28:02,2974.470,  0.400,1,0,247, 25.000, 14.525,  0.000,-23.077, 13.525, 13.800,  0.000, 14.825, 14.300,  0.525,  0.800,  1.000,  0.800,0.00000,  0.000,
mon_rep231013,2023-10-13T11:28:02,2974.870,  0.400,1,0,247, 25.000, 14.525,  0.000,-23.077, 13.525, 13.800,  0.000, 14.825, 14.300,  0.525,  0.800,  1.000,  0.800,0.00000,  0.000,
mon_rep231013,2023-10-13T11:28:03,2975.270,  0.400,1,0,247, 25.000, 14.525,  0.000,-23.077, 13.525, 13.800,  0.000, 14.825, 14.300,  0.525,  0.800,  1.000,  0.800,0.00000,  0.000,
mon_rep231013,2023-10-13T11:28:03,2975.670,  0.400,1,0,247, 25.000, 14.525,  0.000,-23.077, 13.525, 13.800,  0.000, 14.825, 14.300,  0.525,  0.800,  1.000,  0.800,0.00000,  0.000,
mon_rep231013,2023-10-13T11:28:04,2976.070,  0.400,1,0,247, 25.000, 14.525,  0.000,-23.077, 13.525, 13.800,  0.000, 14.825, 14.300,  0.525,  0.800,  1.000,  0.800,0.00000,  0.000,
mon_rep231013,2023-10-13T11:28:04,2976.470,  0.400,1,0,247, 25.000, 14.525,  0.000,-23.077, 13.525, 13.800,  0.000, 14.825, 14.300,  0.525,  0.800,  1.000,  0.800,0.00000,  0.000,
mon_rep231013,2023-10-13T11:28:04,2976.870,  0.400,1,0,247, 25.000, 14.525,  0.000,-23.077, 13.525, 13.800,  0.000, 14.825, 14.300,  0.525,  0.800,  1.000,  0.800,0.00000,  0.000,
mon_rep231013,2023-10-13T11:28:05,2977.270,  0.400,1,0,247, 25.000, 14.525,  0.000,-23.077, 13.525, 13.800,  0.000, 14.825, 14.300,  0.525,  0.800,  1.000,  0.800,0.00000,  0.000,
mon_rep231013,2023-10-13T11:28:05,2977.670,  0.400,1,0,247, 25.000, 14.525,  0.000,-23.077, 13.525, 13.800,  0.000, 14.825, 14.300,  0.525,  0.800,  1.000,  0.800,0.00000,  0.000,
mon_rep231013,2023-10-13T11:28:06,2978.070,  0.400,1,0,247, 25.000, 14.525,  0.000,-23.077, 13.525, 13.800,  0.000, 14.825, 14.300,  0.525,  0.800,  1.000,  0.800,0.00000,  0.000,
mon_rep231013,2023-10-13T11:28:06,2978.470,  0.400,1,0,247, 25.000, 14.525,  0.000,-23.077, 13.525, 13.800,  0.000, 14.825, 14.300,  0.525,  0.800,  1.000,  0.800,0.00000,  0.000,
mon_rep231013,2023-10-13T11:28:06,2978.870,  0.400,1,0,247, 25.000, 14.525,  0.000,-23.077, 13.525, 13.800,  0.000, 14.825, 14.300,  0.525,  0.800,  1.000,  0.800,0.00000,  0.000,
mon_rep231013,2023-10-13T11:28:07,2979.270,  0.400,1,0,247, 25.000, 14.525,  0.000,-23.077, 13.525, 13.800,  0.000, 14.825, 14.300,  0.525,  0.800,  1.000,  0.800,0.00000,  0.000,
mon_rep231013,2023-10-13T11:28:07,2979.670,  0.400,1,0,247, 25.000, 14.525,  0.000,-23.077, 13.525, 13.800,  0.000, 14.825, 14.300,  0.525,  0.800,  1.000,  0.800,0.00000,  0.000,
mon_rep231013,2023-10-13T11:28:08,2980.070,  0.400,1,0,247, 25.000, 14.525,  0.000,-23.077, 13.525, 13.800,  0.000, 14.825, 14.300,  0.525,  0.800,  1.000,  0.800,0.00000,  0.000,
mon_rep231013,2023-10-13T11:28:08,2980.470,  0.400,1,0,247, 25.000, 14.525,  0.000,-23.077, 13.525, 13.800,  0.000, 14.825, 14.300,  0.525,  0.800,  1.000,  0.800,0.00000,  0.000,
mon_rep231013,2023-10-13T11:28:08,2980.870,  0.400,1,0,247, 25.000, 14.525,  0.000,-23.077, 13.525, 13.800,  0.000, 14.825, 14.300,  0.525,  0.800,  1.000,  0.800,0.00000,  0.000,
mon_rep231013,2023-10-13T11:28:09,2981.270,  0.400,1,0,247, 25.000, 14.525,  0.000,-23.077, 13.525, 13.800,  0.000, 14.825, 14.300,  0.525,  0.800,  1.000,  0.800,0.00000,  0.000,
mon_rep231013,2023-10-13T11:28:09,2981.670,  0.400,1,0,247, 25.000, 14.525,  0.000,-23.077, 13.525, 13.800,  0.000, 14.825, 14.300,  0.525,  0.800,  1.000,  0.800,0.00000,  0.000,
mon_rep231013,2023-10-13T11:28:10,2982.070,  0.400,1,0,247, 25.000, 14.525,  0.000,-23.077, 13.525, 13.800,  0.000, 14.825, 14.300,  0.525,  0.800,  1.000,  0.800,0.00000,  0.000,
mon_rep231013,2023-10-13T11:28:10,2982.470,  0.400,1,0,247, 25.000, 14.525,  0.000,-23.077, 13.525, 13.800,  0.000, 14.825, 14.300,  0.525,  0.800,  1.000,  0.800,0.00000,  0.000,
mon_rep231013,2023-10-13T11:28:10,2982.870,  0.400,1,0,247, 25.000, 14.525,  0.000,-23.077, 13.525, 13.800,  0.000, 14.825, 14.300,  0.525,  0.800,  1.000,  0.800,0.00000,  0.000,
mon_rep231013,2023-10-13T11:28:11,2983.270,  0.400,1,0,247, 25.000, 14.525,  0.000,-23.077, 13.525, 13.800,  0.000, 14.825, 14.300,  0.525,  0.800,  1.000,  0.800,0.00000,  0.000,
mon_rep231013,2023-10-13T11:28:11,2983.670,  0.400,1,0,247, 25.000, 14.525,  0.000,-23.077, 13.525, 13.800,  0.000, 14.825, 14.300,  0.525,  0.800,  1.000,  0.800,0.00000,  0.000,
mon_rep231013,2023-10-13T11:28:12,2984.070,  0.400,1,0,247, 25.000, 14.525,  0.000,-23.077, 13.525, 13.800,  0.000, 14.825, 14.300,  0.525,  0.800,  1.000,  0.800,0.00000,  0.000,
mon_rep231013,2023-10-13T11:28:12,2984.470,  0.400,1,0,247, 25.000, 14.525,  0.000,-23.077, 13.525, 13.800,  0.000, 14.825, 14.300,  0.525,  0.800,  1.000,  0.800,0.00000,  0.000,
mon_rep231013,2023-10-13T11:28:12,2984.870,  0.400,1,0,247, 25.000, 14.525,  0.000,-23.077, 13.525, 13.800,  0.000, 14.825, 14.300,  0.525,  0.800,  1.000,  0.800,0.00000,  0.000,
mon_rep231013,2023-10-13T11:28:13,2985.270,  0.400,1,0,247, 25.000, 14.525,  0.000,-23.077, 13.525, 13.800,  0.000, 14.825, 14.300,  0.525,  0.800,  1.000,  0.800,0.00000,  0.000,
mon_rep231013,2023-10-13T11:28:13,2985.670,  0.400,1,0,247, 25.000, 14.525,  0.000,-23.077, 13.525, 13.800,  0.000, 14.825, 14.300,  0.525,  0.800,  1.000,  0.800,0.00000,  0.000,
mon_rep231013,2023-10-13T11:28:14,2986.070,  0.400,1,0,247, 25.000, 14.525,  0.000,-23.077, 13.525, 13.800,  0.000, 14.825, 14.300,  0.525,  0.800,  1.000,  0.800,0.00000,  0.000,
mon_rep231013,2023-10-13T11:28:14,2986.470,  0.400,1,0,247, 25.000, 14.525,  0.000,-23.077, 13.525, 13.800,  0.000, 14.825, 14.300,  0.525,  0.800,  1.000,  0.800,0.00000,  0.000,
mon_rep231013,2023-10-13T11:28:14,2986.870,  0.400,1,0,247, 25.000, 14.525,  0.000,-23.077, 13.525, 13.800,  0.000, 14.825, 14.300,  0.525,  0.800,  1.000,  0.800,0.00000,  0.000,
mon_rep231013,2023-10-13T11:28:15,2987.270,  0.400,1,0,247, 25.000, 14.525,  0.000,-23.077, 13.525, 13.800,  0.000, 14.825, 14.300,  0.525,  0.800,  1.000,  0.800,0.00000,  0.000,
mon_rep231013,2023-10-13T11:28:15,2987.670,  0.400,1,0,247, 25.000, 14.525,  0.000,-23.077, 13.525, 13.800,  0.000, 14.825, 14.300,  0.525,  0.800,  1.000,  0.800,0.00000,  0.000,
mon_rep231013,2023-10-13T11:28:16,2988.070,  0.400,1,0,247, 25.000, 14.525,  0.000,-23.077, 13.525, 13.800,  0.000, 14.825, 14.300,  0.525,  0.800,  1.000,  0.800,0.00000,  0.000,
mon_rep231013,2023-10-13T11:28:16,2988.470,  0.400,1,0,247, 25.000, 14.525,  0.000,-23.077, 13.525, 13.800,  0.000, 14.825, 14.300,  0.525,  0.800,  1.000,  0.800,0.00000,  0.000,
mon_rep231013,2023-10-13T11:28:16,2988.870,  0.400,1,0,247, 25.000, 14.525,  0.000,-23.077, 13.525, 13.800,  0.000, 14.825, 14.300,  0.525,  0.800,  1.000,  0.800,0.00000,  0.000,
mon_rep231013,2023-10-13T11:28:17,2989.270,  0.400,1,0,247, 25.000, 14.525,  0.000,-23.077, 13.525, 13.800,  0.000, 14.825, 14.300,  0.525,  0.800,  1.000,  0.800,0.00000,  0.000,
mon_rep231013,2023-10-13T11:28:17,2989.670,  0.400,1,0,247, 25.000, 14.525,  0.000,-23.077, 13.525, 13.800,  0.000, 14.825, 14.300,  0.525,  0.800,  1.000,  0.800,0.00000,  0.000,
mon_rep231013,2023-10-13T11:28:18,2990.070,  0.400,1,0,247, 25.000, 14.525,  0.000,-23.077, 13.525, 13.800,  0.000, 14.825, 14.300,  0.525,  0.800,  1.000,  0.800,0.00000,  0.000,
mon_rep231013,2023-10-13T11:28:18,2990.470,  0.400,1,0,247, 25.000, 14.525,  0.000,-23.077, 13.525, 13.800,  0.000, 14.825, 14.300,  0.525,  0.800,  1.000,  0.800,0.00000,  0.000,
mon_rep231013,2023-10-13T11:28:18,2990.870,  0.400,1,0,247, 25.000, 14.525,  0.000,-23.077, 13.525, 13.800,  0.000, 14.825, 14.300,  0.525,  0.800,  1.000,  0.800,0.00000,  0.000,
mon_rep231013,2023-10-13T11:28:19,2991.270,  0.400,1,0,247, 25.000, 14.525,  0.000,-23.077, 13.525, 13.800,  0.000, 14.825, 14.300,  0.525,  0.800,  1.000,  0.800,0.00000,  0.000,
mon_rep231013,2023-10-13T11:28:19,2991.670,  0.400,1,0,247, 25.000, 14.525,  0.000,-23.077, 13.525, 13.800,  0.000, 14.825, 14.300,  0.525,  0.800,  1.000,  0.800,0.00000,  0.000,
mon_rep231013,2023-10-13T11:28:20,2992.070,  0.400,1,0,247, 25.000, 14.525,  0.000,-23.077, 13.525, 13.800,  0.000, 14.825, 14.300,  0.525,  0.800,  1.000,  0.800,0.00000,  0.000,
mon_rep231013,2023-10-13T11:28:20,2992.470,  0.400,1,0,247, 25.000, 14.525,  0.000,-23.077, 13.525, 13.800,  0.000, 14.825, 14.300,  0.525,  0.800,  1.000,  0.800,0.00000,  0.000,
mon_rep231013,2023-10-13T11:28:20,2992.870,  0.400,1,0,247, 25.000, 14.525,  0.000,-23.077, 13.525, 13.800,  0.000, 14.825, 14.300,  0.525,  0.800,  1.000,  0.800,0.00000,  0.000,
mon_rep231013,2023-10-13T11:28:21,2993.270,  0.400,1,0,247, 25.000, 14.525,  0.000,-23.077, 13.525, 13.800,  0.000, 14.825, 14.300,  0.525,  0.800,  1.000,  0.800,0.00000,  0.000,
mon_rep231013,2023-10-13T11:28:21,2993.670,  0.400,1,0,247, 25.000, 14.525,  0.000,-23.077, 13.525, 13.800,  0.000, 14.825, 14.300,  0.525,  0.800,  1.000,  0.800,0.00000,  0.000,
mon_rep231013,2023-10-13T11:28:22,2994.070,  0.400,1,0,247, 25.000, 14.525,  0.000,-23.077, 13.525, 13.800,  0.000, 14.825, 14.300,  0.525,  0.800,  1.000,  0.800,0.00000,  0.000,
mon_rep231013,2023-10-13T11:28:22,2994.470,  0.400,1,0,247, 25.000, 14.525,  0.000,-23.077, 13.525, 13.800,  0.000, 14.825, 14.300,  0.525,  0.800,  1.000,  0.800,0.00000,  0.000,
mon_rep231013,2023-10-13T11:28:22,2994.870,  0.400,1,0,247, 25.000, 14.525,  0.000,-23.077, 13.525, 13.800,  0.000, 14.825, 14.300,  0.525,  0.800,  1.000,  0.800,0.00000,  0.000,
mon_rep231013,2023-10-13T11:28:23,2995.270,  0.400,1,0,247, 25.000, 14.525,  0.000,-23.077, 13.525, 13.800,  0.000, 14.825, 14.300,  0.525,  0.800,  1.000,  0.800,0.00000,  0.000,
mon_rep231013,2023-10-13T11:28:23,2995.670,  0.400,1,0,247, 25.000, 14.525,  0.000,-23.077, 13.525, 13.800,  0.000, 14.825, 14.300,  0.525,  0.800,  1.000,  0.800,0.00000,  0.000,
mon_rep231013,2023-10-13T11:28:24,2996.070,  0.400,1,0,247, 25.000, 14.525,  0.000,-23.077, 13.525, 13.800,  0.000, 14.825, 14.300,  0.525,  0.800,  1.000,  0.800,0.00000,  0.000,
mon_rep231013,2023-10-13T11:28:24,2996.470,  0.400,1,0,247, 25.000, 14.525,  0.000,-23.077, 13.525, 13.800,  0.000, 14.825, 14.300,  0.525,  0.800,  1.000,  0.800,0.00000,  0.000,
mon_rep231013,2023-10-13T11:28:24,2996.870,  0.400,1,0,247, 25.000, 14.525,  0.000,-23.077, 13.525, 13.800,  0.000, 14.825, 14.300,  0.525,  0.800,  1.000,  0.800,0.00000,  0.000,
mon_rep231013,2023-10-13T11:28:25,2997.270,  0.400,1,0,247, 25.000, 14.525,  0.000,-23.077, 13.525, 13.800,  0.000, 14.825, 14.300,  0.525,  0.800,  1.000,  0.800,0.00000,  0.000,
mon_rep231013,2023-10-13T11:28:25,2997.670,  0.400,1,0,247, 25.000, 14.525,  0.000,-23.077, 13.525, 13.800,  0.000, 14.825, 14.300,  0.525,  0.800,  1.000,  0.800,0.00000,  0.000,
mon_rep231013,2023-10-13T11:28:26,2998.070,  0.400,1,0,247, 25.000, 14.525,  0.000,-23.077, 13.525, 13.800,  0.000, 14.825, 14.300,  0.525,  0.800,  1.000,  0.800,0.00000,  0.000,
mon_rep231013,2023-10-13T11:28:26,2998.470,  0.400,1,0,247, 25.000, 14.525,  0.000,-23.077, 13.525, 13.800,  0.000, 14.825, 14.300,  0.525,  0.800,  1.000,  0.800,0.00000,  0.000,
mon_rep231013,2023-10-13T11:28:26,2998.870,  0.400,1,0,247, 25.000, 14.525,  0.000,-23.077, 13.525, 13.800,  0.000, 14.825, 14.300,  0.525,  0.800,  1.000,  0.800,0.00000,  0.000,
mon_rep231013,2023-10-13T11:28:27,2999.270,  0.400,1,0,247, 25.000, 14.525,  0.000,-23.077, 13.525, 13.800,  0.000, 14.825, 14.300,  0.525,  0.800,  1.000,  0.800,0.00000,  0.000,
mon_rep231013,2023-10-13T11:28:27,2999.670,  0.400,1,0,247, 25.000, 14.525,  0.000,-23.077, 13.525, 13.800,  0.000, 14.825, 14.300,  0.525,  0.800,  1.000,  0.800,0.00000,  0.000,
mon_rep231013,2023-10-13T11:28:28,3000.070,  0.400,1,0,247, 25.000, 14.525,  0.000,-23.077, 13.525, 13.800,  0.000, 14.825, 14.300,  0.525,  0.800,  1.000,  0.800,0.00000,  0.000,
mon_rep231013,2023-10-13T11:28:28,3000.470,  0.400,1,0,247, 25.000, 14.525,  0.000,-23.077, 13.525, 13.800,  0.000, 14.825, 14.300,  0.525,  0.800,  1.000,  0.800,0.00000,  0.000,
mon_rep231013,2023-10-13T11:28:28,3000.870,  0.400,1,0,247, 25.000, 14.525,  0.000,-23.077, 13.525, 13.800,  0.000, 14.825, 14.300,  0.525,  0.800,  1.000,  0.800,0.00000,  0.000,
mon_rep231013,2023-10-13T11:28:29,3001.270,  0.400,1,0,247, 25.000, 14.525,  0.000,-23.077, 13.525, 13.800,  0.000, 14.825, 14.300,  0.525,  0.800,  1.000,  0.800,0.00000,  0.000,
mon_rep231013,2023-10-13T11:28:29,3001.670,  0.400,1,0,247, 25.000, 14.525,  0.000,-23.077, 13.525, 13.800,  0.000, 14.825, 14.300,  0.525,  0.800,  1.000,  0.800,0.00000,  0.000,
mon_rep231013,2023-10-13T11:28:30,3002.070,  0.400,1,0,247, 25.000, 14.525,  0.000,-23.077, 13.525, 13.800,  0.000, 14.825, 14.300,  0.525,  0.800,  1.000,  0.800,0.00000,  0.000,
mon_rep231013,2023-10-13T11:28:30,3002.470,  0.400,1,0,247, 25.000, 14.525,  0.000,-23.077, 13.525, 13.800,  0.000, 14.825, 14.300,  0.525,  0.800,  1.000,  0.800,0.00000,  0.000,
mon_rep231013,2023-10-13T11:28:30,3002.870,  0.400,1,0,247, 25.000, 14.525,  0.000,-23.077, 13.525, 13.800,  0.000, 14.825, 14.300,  0.525,  0.800,  1.000,  0.800,0.00000,  0.000,
mon_rep231013,2023-10-13T11:28:31,3003.270,  0.400,1,0,247, 25.000, 14.525,  0.000,-23.077, 13.525, 13.800,  0.000, 14.825, 14.300,  0.525,  0.800,  1.000,  0.800,0.00000,  0.000,
mon_rep231013,2023-10-13T11:28:31,3003.670,  0.400,1,0,247, 25.000, 14.525,  0.000,-23.077, 13.525, 13.800,  0.000, 14.825, 14.300,  0.525,  0.800,  1.000,  0.800,0.00000,  0.000,
mon_rep231013,2023-10-13T11:28:32,3004.070,  0.400,1,0,247, 25.000, 14.525,  0.000,-23.077, 13.525, 13.800,  0.000, 14.825, 14.300,  0.525,  0.800,  1.000,  0.800,0.00000,  0.000,
mon_rep231013,2023-10-13T11:28:32,3004.470,  0.400,1,0,247, 25.000, 14.525,  0.000,-23.077, 13.525, 13.800,  0.000, 14.825, 14.300,  0.525,  0.800,  1.000,  0.800,0.00000,  0.000,
mon_rep231013,2023-10-13T11:28:32,3004.870,  0.400,1,0,247, 25.000, 14.525,  0.000,-23.077, 13.525, 13.800,  0.000, 14.825, 14.300,  0.525,  0.800,  1.000,  0.800,0.00000,  0.000,
mon_rep231013,2023-10-13T11:28:33,3005.270,  0.400,1,0,247, 25.000, 14.525,  0.000,-23.077, 13.525, 13.800,  0.000, 14.825, 14.300,  0.525,  0.800,  1.000,  0.800,0.00000,  0.000,
mon_rep231013,2023-10-13T11:28:33,3005.670,  0.400,1,0,247, 25.000, 14.525,  0.000,-23.077, 13.525, 13.800,  0.000, 14.825, 14.300,  0.525,  0.800,  1.000,  0.800,0.00000,  0.000,
mon_rep231013,2023-10-13T11:28:34,3006.070,  0.400,1,0,247, 25.000, 14.525,  0.000,-23.077, 13.525, 13.800,  0.000, 14.825, 14.300,  0.525,  0.800,  1.000,  0.800,0.00000,  0.000,
mon_rep231013,2023-10-13T11:28:34,3006.470,  0.400,1,0,247, 25.000, 14.525,  0.000,-23.077, 13.525, 13.800,  0.000, 14.825, 14.300,  0.525,  0.800,  1.000,  0.800,0.00000,  0.000,
mon_rep231013,2023-10-13T11:28:34,3006.870,  0.400,1,0,247, 25.000, 14.525,  0.000,-23.077, 13.525, 13.800,  0.000, 14.825, 14.300,  0.525,  0.800,  1.000,  0.800,0.00000,  0.000,
mon_rep231013,2023-10-13T11:28:35,3007.270,  0.400,1,0,247, 25.000, 14.525,  0.000,-23.077, 13.525, 13.800,  0.000, 14.825, 14.300,  0.525,  0.800,  1.000,  0.800,0.00000,  0.000,
mon_rep231013,2023-10-13T11:28:35,3007.670,  0.400,1,0,247, 25.000, 14.525,  0.000,-23.077, 13.525, 13.800,  0.000, 14.825, 14.300,  0.525,  0.800,  1.000,  0.800,0.00000,  0.000,
mon_rep231013,2023-10-13T11:28:36,3008.070,  0.400,1,0,247, 25.000, 14.525,  0.000,-23.077, 13.525, 13.800,  0.000, 14.825, 14.300,  0.525,  0.800,  1.000,  0.800,0.00000,  0.000,
mon_rep231013,2023-10-13T11:28:36,3008.470,  0.400,1,0,247, 25.000, 14.525,  0.000,-23.077, 13.525, 13.800,  0.000, 14.825, 14.300,  0.525,  0.800,  1.000,  0.800,0.00000,  0.000,
mon_rep231013,2023-10-13T11:28:36,3008.870,  0.400,1,0,247, 25.000, 14.525,  0.000,-23.077, 13.525, 13.800,  0.000, 14.825, 14.300,  0.525,  0.800,  1.000,  0.800,0.00000,  0.000,
mon_rep231013,2023-10-13T11:28:37,3009.270,  0.400,1,0,247, 25.000, 14.525,  0.000,-23.077, 13.525, 13.800,  0.000, 14.825, 14.300,  0.525,  0.800,  1.000,  0.800,0.00000,  0.000,
mon_rep231013,2023-10-13T11:28:37,3009.670,  0.400,1,0,247, 25.000, 14.525,  0.000,-23.077, 13.525, 13.800,  0.000, 14.825, 14.300,  0.525,  0.800,  1.000,  0.800,0.00000,  0.000,
mon_rep231013,2023-10-13T11:28:38,3010.070,  0.400,1,0,247, 25.000, 14.525,  0.000,-23.077, 13.525, 13.800,  0.000, 14.825, 14.300,  0.525,  0.800,  1.000,  0.800,0.00000,  0.000,
mon_rep231013,2023-10-13T11:28:38,3010.470,  0.400,1,0,247, 25.000, 14.525,  0.000,-23.077, 13.525, 13.800,  0.000, 14.825, 14.300,  0.525,  0.800,  1.000,  0.800,0.00000,  0.000,
mon_rep231013,2023-10-13T11:28:38,3010.870,  0.400,1,0,247, 25.000, 14.525,  0.000,-23.077, 13.525, 13.800,  0.000, 14.825, 14.300,  0.525,  0.800,  1.000,  0.800,0.00000,  0.000,
mon_rep231013,2023-10-13T11:28:39,3011.270,  0.400,1,0,247, 25.000, 14.525,  0.000,-23.077, 13.525, 13.800,  0.000, 14.825, 14.300,  0.525,  0.800,  1.000,  0.800,0.00000,  0.000,
mon_rep231013,2023-10-13T11:28:39,3011.670,  0.400,1,0,247, 25.000, 14.525,  0.000,-23.077, 13.525, 13.800,  0.000, 14.825, 14.300,  0.525,  0.800,  1.000,  0.800,0.00000,  0.000,
mon_rep231013,2023-10-13T11:28:40,3012.070,  0.400,1,0,247, 25.000, 14.525,  0.000,-23.077, 13.525, 13.800,  0.000, 14.825, 14.300,  0.525,  0.800,  1.000,  0.800,0.00000,  0.000,
mon_rep231013,2023-10-13T11:28:40,3012.470,  0.400,1,0,247, 25.000, 14.525,  0.000,-23.077, 13.525, 13.800,  0.000, 14.825, 14.300,  0.525,  0.800,  1.000,  0.800,0.00000,  0.000,
mon_rep231013,2023-10-13T11:28:40,3012.870,  0.400,1,0,247, 25.000, 14.525,  0.000,-23.077, 13.525, 13.800,  0.000, 14.825, 14.300,  0.525,  0.800,  1.000,  0.800,0.00000,  0.000,
mon_rep231013,2023-10-13T11:28:41,3013.270,  0.400,1,0,247, 25.000, 14.525,  0.000,-23.077, 13.525, 13.800,  0.000, 14.825, 14.300,  0.525,  0.800,  1.000,  0.800,0.00000,  0.000,
mon_rep231013,2023-10-13T11:28:41,3013.670,  0.400,1,0,247, 25.000, 14.525,  0.000,-23.077, 13.525, 13.800,  0.000, 14.825, 14.300,  0.525,  0.800,  1.000,  0.800,0.00000,  0.000,
mon_rep231013,2023-10-13T11:28:42,3014.070,  0.400,1,0,247, 25.000, 14.525,  0.000,-23.077, 13.525, 13.800,  0.000, 14.825, 14.300,  0.525,  0.800,  1.000,  0.800,0.00000,  0.000,
mon_rep231013,2023-10-13T11:28:42,3014.470,  0.400,1,0,247, 25.000, 14.525,  0.000,-23.077, 13.525, 13.800,  0.000, 14.825, 14.300,  0.525,  0.800,  1.000,  0.800,0.00000,  0.000,
mon_rep231013,2023-10-13T11:28:42,3014.870,  0.400,1,0,247, 25.000, 14.525,  0.000,-23.077, 13.525, 13.800,  0.000, 14.825, 14.300,  0.525,  0.800,  1.000,  0.800,0.00000,  0.000,
mon_rep231013,2023-10-13T11:28:43,3015.270,  0.400,1,0,247, 25.000, 14.525,  0.000,-23.077, 13.525, 13.800,  0.000, 14.825, 14.300,  0.525,  0.800,  1.000,  0.800,0.00000,  0.000,
mon_rep231013,2023-10-13T11:28:43,3015.670,  0.400,1,0,247, 25.000, 14.525,  0.000,-23.077, 13.525, 13.800,  0.000, 14.825, 14.300,  0.525,  0.800,  1.000,  0.800,0.00000,  0.000,
mon_rep231013,2023-10-13T11:28:44,3016.070,  0.400,1,0,247, 25.000, 14.525,  0.000,-23.077, 13.525, 13.800,  0.000, 14.825, 14.300,  0.525,  0.800,  1.000,  0.800,0.00000,  0.000,
mon_rep231013,2023-10-13T11:28:44,3016.470,  0.400,1,0,247, 25.000, 14.525,  0.000,-23.077, 13.525, 13.800,  0.000, 14.825, 14.300,  0.525,  0.800,  1.000,  0.800,0.00000,  0.000,
mon_rep231013,2023-10-13T11:28:44,3016.870,  0.400,1,0,247, 25.000, 14.525,  0.000,-23.077, 13.525, 13.800,  0.000, 14.825, 14.300,  0.525,  0.800,  1.000,  0.800,0.00000,  0.000,
mon_rep231013,2023-10-13T11:28:45,3017.270,  0.400,1,0,247, 25.000, 14.525,  0.000,-23.077, 13.525, 13.800,  0.000, 14.825, 14.300,  0.525,  0.800,  1.000,  0.800,0.00000,  0.000,
mon_rep231013,2023-10-13T11:28:45,3017.670,  0.400,1,0,247, 25.000, 14.525,  0.000,-23.077, 13.525, 13.800,  0.000, 14.825, 14.300,  0.525,  0.800,  1.000,  0.800,0.00000,  0.000,
mon_rep231013,2023-10-13T11:28:46,3018.070,  0.400,1,0,247, 25.000, 14.525,  0.000,-23.077, 13.525, 13.800,  0.000, 14.825, 14.300,  0.525,  0.800,  1.000,  0.800,0.00000,  0.000,
mon_rep231013,2023-10-13T11:28:46,3018.470,  0.400,1,0,247, 25.000, 14.525,  0.000,-23.077, 13.525, 13.800,  0.000, 14.825, 14.300,  0.525,  0.800,  1.000,  0.800,0.00000,  0.000,
mon_rep231013,2023-10-13T11:28:46,3018.870,  0.400,1,0,247, 25.000, 14.525,  0.000,-23.077, 13.525, 13.800,  0.000, 14.825, 14.300,  0.525,  0.800,  1.000,  0.800,0.00000,  0.000,
mon_rep231013,2023-10-13T11:28:47,3019.270,  0.400,1,0,247, 25.000, 14.525,  0.000,-23.077, 13.525, 13.800,  0.000, 14.825, 14.300,  0.525,  0.800,  1.000,  0.800,0.00000,  0.000,
mon_rep231013,2023-10-13T11:28:47,3019.670,  0.400,1,0,247, 25.000, 14.525,  0.000,-23.077, 13.525, 13.800,  0.000, 14.825, 14.300,  0.525,  0.800,  1.000,  0.800,0.00000,  0.000,
mon_rep231013,2023-10-13T11:28:48,3020.070,  0.400,1,0,247, 25.000, 14.525,  0.000,-23.077, 13.525, 13.800,  0.000, 14.825, 14.300,  0.525,  0.800,  1.000,  0.800,0.00000,  0.000,
mon_rep231013,2023-10-13T11:28:48,3020.470,  0.400,1,0,247, 25.000, 14.525,  0.000,-23.077, 13.525, 13.800,  0.000, 14.825, 14.300,  0.525,  0.800,  1.000,  0.800,0.00000,  0.000,
mon_rep231013,2023-10-13T11:28:48,3020.870,  0.400,1,0,247, 25.000, 14.525,  0.000,-23.077, 13.525, 13.800,  0.000, 14.825, 14.300,  0.525,  0.800,  1.000,  0.800,0.00000,  0.000,
mon_rep231013,2023-10-13T11:28:49,3021.270,  0.400,1,0,247, 25.000, 14.525,  0.000,-23.077, 13.525, 13.800,  0.000, 14.825, 14.300,  0.525,  0.800,  1.000,  0.800,0.00000,  0.000,
mon_rep231013,2023-10-13T11:28:49,3021.670,  0.400,1,0,247, 25.000, 14.525,  0.000,-23.077, 13.525, 13.800,  0.000, 14.825, 14.300,  0.525,  0.800,  1.000,  0.800,0.00000,  0.000,
mon_rep231013,2023-10-13T11:28:50,3022.070,  0.400,1,0,247, 25.000, 14.525,  0.000,-23.077, 13.525, 13.800,  0.000, 14.825, 14.300,  0.525,  0.800,  1.000,  0.800,0.00000,  0.000,
mon_rep231013,2023-10-13T11:28:50,3022.470,  0.400,1,0,247, 25.000, 14.525,  0.000,-23.077, 13.525, 13.800,  0.000, 14.825, 14.300,  0.525,  0.800,  1.000,  0.800,0.00000,  0.000,
mon_rep231013,2023-10-13T11:28:50,3022.870,  0.400,1,0,247, 25.000, 14.525,  0.000,-23.077, 13.525, 13.800,  0.000, 14.825, 14.300,  0.525,  0.800,  1.000,  0.800,0.00000,  0.000,
mon_rep231013,2023-10-13T11:28:51,3023.270,  0.400,1,0,247, 25.000, 14.525,  0.000,-23.077, 13.525, 13.800,  0.000, 14.825, 14.300,  0.525,  0.800,  1.000,  0.800,0.00000,  0.000,
mon_rep231013,2023-10-13T11:28:51,3023.670,  0.400,1,0,247, 25.000, 14.525,  0.000,-23.077, 13.525, 13.800,  0.000, 14.825, 14.300,  0.525,  0.800,  1.000,  0.800,0.00000,  0.000,
mon_rep231013,2023-10-13T11:28:52,3024.070,  0.400,1,0,247, 25.000, 14.525,  0.000,-23.077, 13.525, 13.800,  0.000, 14.825, 14.300,  0.525,  0.800,  1.000,  0.800,0.00000,  0.000,
mon_rep231013,2023-10-13T11:28:52,3024.470,  0.400,1,0,247, 25.000, 14.525,  0.000,-23.077, 13.525, 13.800,  0.000, 14.825, 14.300,  0.525,  0.800,  1.000,  0.800,0.00000,  0.000,
mon_rep231013,2023-10-13T11:28:52,3024.870,  0.400,1,0,247, 25.000, 14.525,  0.000,-23.077, 13.525, 13.800,  0.000, 14.825, 14.300,  0.525,  0.800,  1.000,  0.800,0.00000,  0.000,
mon_rep231013,2023-10-13T11:28:53,3025.270,  0.400,1,0,247, 25.000, 14.525,  0.000,-23.077, 13.525, 13.800,  0.000, 14.825, 14.300,  0.525,  0.800,  1.000,  0.800,0.00000,  0.000,
mon_rep231013,2023-10-13T11:28:53,3025.670,  0.400,1,0,247, 25.000, 14.525,  0.000,-23.077, 13.525, 13.800,  0.000, 14.825, 14.300,  0.525,  0.800,  1.000,  0.800,0.00000,  0.000,
mon_rep231013,2023-10-13T11:28:54,3026.070,  0.400,1,0,247, 25.000, 14.525,  0.000,-23.077, 13.525, 13.800,  0.000, 14.825, 14.300,  0.525,  0.800,  1.000,  0.800,0.00000,  0.000,
mon_rep231013,2023-10-13T11:28:54,3026.470,  0.400,1,0,247, 25.000, 14.525,  0.000,-23.077, 13.525, 13.800,  0.000, 14.825, 14.300,  0.525,  0.800,  1.000,  0.800,0.00000,  0.000,
mon_rep231013,2023-10-13T11:28:54,3026.870,  0.400,1,0,247, 25.000, 14.525,  0.000,-23.077, 13.525, 13.800,  0.000, 14.825, 14.300,  0.525,  0.800,  1.000,  0.800,0.00000,  0.000,
mon_rep231013,2023-10-13T11:28:55,3027.270,  0.400,1,0,247, 25.000, 14.525,  0.000,-23.077, 13.525, 13.800,  0.000, 14.825, 14.300,  0.525,  0.800,  1.000,  0.800,0.00000,  0.000,
mon_rep231013,2023-10-13T11:28:55,3027.670,  0.400,1,0,247, 25.000, 14.525,  0.000,-23.077, 13.525, 13.800,  0.000, 14.825, 14.300,  0.525,  0.800,  1.000,  0.800,0.00000,  0.000,
mon_rep231013,2023-10-13T11:28:56,3028.070,  0.400,1,0,247, 25.000, 14.525,  0.000,-23.077, 13.525, 13.800,  0.000, 14.825, 14.300,  0.525,  0.800,  1.000,  0.800,0.00000,  0.000,
mon_rep231013,2023-10-13T11:28:56,3028.470,  0.400,1,0,247, 25.000, 14.525,  0.000,-23.077, 13.525, 13.800,  0.000, 14.825, 14.300,  0.525,  0.800,  1.000,  0.800,0.00000,  0.000,
mon_rep231013,2023-10-13T11:28:56,3028.870,  0.400,1,0,247, 25.000, 14.525,  0.000,-23.077, 13.525, 13.800,  0.000, 14.825, 14.300,  0.525,  0.800,  1.000,  0.800,0.00000,  0.000,
mon_rep231013,2023-10-13T11:28:57,3029.270,  0.400,1,0,247, 25.000, 14.525,  0.000,-23.077, 13.525, 13.800,  0.000, 14.825, 14.300,  0.525,  0.800,  1.000,  0.800,0.00000,  0.000,
mon_rep231013,2023-10-13T11:28:57,3029.670,  0.400,1,0,247, 25.000, 14.525,  0.000,-23.077, 13.525, 13.800,  0.000, 14.825, 14.300,  0.525,  0.800,  1.000,  0.800,0.00000,  0.000,
mon_rep231013,2023-10-13T11:28:58,3030.070,  0.400,1,0,247, 25.000, 14.525,  0.000,-23.077, 13.525, 13.800,  0.000, 14.825, 14.300,  0.525,  0.800,  1.000,  0.800,0.00000,  0.000,
mon_rep231013,2023-10-13T11:28:58,3030.470,  0.400,1,0,247, 25.000, 14.525,  0.000,-23.077, 13.525, 13.800,  0.000, 14.825, 14.300,  0.525,  0.800,  1.000,  0.800,0.00000,  0.000,
mon_rep231013,2023-10-13T11:28:58,3030.870,  0.400,1,0,247, 25.000, 14.525,  0.000,-23.077, 13.525, 13.800,  0.000, 14.825, 14.300,  0.525,  0.800,  1.000,  0.800,0.00000,  0.000,
mon_rep231013,2023-10-13T11:28:59,3031.270,  0.400,1,0,247, 25.000, 14.525,  0.000,-23.077, 13.525, 13.800,  0.000, 14.825, 14.300,  0.525,  0.800,  1.000,  0.800,0.00000,  0.000,
mon_rep231013,2023-10-13T11:28:59,3031.670,  0.400,1,0,247, 25.000, 14.525,  0.000,-23.077, 13.525, 13.800,  0.000, 14.825, 14.300,  0.525,  0.800,  1.000,  0.800,0.00000,  0.000,
mon_rep231013,2023-10-13T11:29:00,3032.070,  0.400,1,0,247, 25.000, 14.525,  0.000,-23.077, 13.525, 13.800,  0.000, 14.825, 14.300,  0.525,  0.800,  1.000,  0.800,0.00000,  0.000,
mon_rep231013,2023-10-13T11:29:00,3032.470,  0.400,1,0,247, 25.000, 14.525,  0.000,-23.077, 13.525, 13.800,  0.000, 14.825, 14.300,  0.525,  0.800,  1.000,  0.800,0.00000,  0.000,
mon_rep231013,2023-10-13T11:29:00,3032.870,  0.400,1,0,247, 25.000, 14.525,  0.000,-23.077, 13.525, 13.800,  0.000, 14.825, 14.300,  0.525,  0.800,  1.000,  0.800,0.00000,  0.000,
mon_rep231013,2023-10-13T11:29:01,3033.270,  0.400,1,0,247, 25.000, 14.525,  0.000,-23.077, 13.525, 13.800,  0.000, 14.825, 14.300,  0.525,  0.800,  1.000,  0.800,0.00000,  0.000,
mon_rep231013,2023-10-13T11:29:01,3033.670,  0.400,1,0,247, 25.000, 14.525,  0.000,-23.077, 13.525, 13.800,  0.000, 14.825, 14.300,  0.525,  0.800,  1.000,  0.800,0.00000,  0.000,
mon_rep231013,2023-10-13T11:29:02,3034.070,  0.400,1,0,247, 25.000, 14.525,  0.000,-23.077, 13.525, 13.800,  0.000, 14.825, 14.300,  0.525,  0.800,  1.000,  0.800,0.00000,  0.000,
mon_rep231013,2023-10-13T11:29:02,3034.470,  0.400,1,0,247, 25.000, 14.525,  0.000,-23.077, 13.525, 13.800,  0.000, 14.825, 14.300,  0.525,  0.800,  1.000,  0.800,0.00000,  0.000,
mon_rep231013,2023-10-13T11:29:02,3034.870,  0.400,1,0,247, 25.000, 14.525,  0.000,-23.077, 13.525, 13.800,  0.000, 14.825, 14.300,  0.525,  0.800,  1.000,  0.800,0.00000,  0.000,
mon_rep231013,2023-10-13T11:29:03,3035.270,  0.400,1,0,247, 25.000, 14.525,  0.000,-23.077, 13.525, 13.800,  0.000, 14.825, 14.300,  0.525,  0.800,  1.000,  0.800,0.00000,  0.000,
mon_rep231013,2023-10-13T11:29:03,3035.670,  0.400,1,0,247, 25.000, 14.525,  0.000,-23.077, 13.525, 13.800,  0.000, 14.825, 14.300,  0.525,  0.800,  1.000,  0.800,0.00000,  0.000,
mon_rep231013,2023-10-13T11:29:04,3036.070,  0.400,1,0,247, 25.000, 14.525,  0.000,-23.077, 13.525, 13.800,  0.000, 14.825, 14.300,  0.525,  0.800,  1.000,  0.800,0.00000,  0.000,
mon_rep231013,2023-10-13T11:29:04,3036.470,  0.400,1,0,247, 25.000, 14.525,  0.000,-23.077, 13.525, 13.800,  0.000, 14.825, 14.300,  0.525,  0.800,  1.000,  0.800,0.00000,  0.000,
mon_rep231013,2023-10-13T11:29:04,3036.870,  0.400,1,0,247, 25.000, 14.525,  0.000,-23.077, 13.525, 13.800,  0.000, 14.825, 14.300,  0.525,  0.800,  1.000,  0.800,0.00000,  0.000,
mon_rep231013,2023-10-13T11:29:05,3037.270,  0.400,1,0,247, 25.000, 14.525,  0.000,-23.077, 13.525, 13.800,  0.000, 14.825, 14.300,  0.525,  0.800,  1.000,  0.800,0.00000,  0.000,
mon_rep231013,2023-10-13T11:29:05,3037.670,  0.400,1,0,247, 25.000, 14.525,  0.000,-23.077, 13.525, 13.800,  0.000, 14.825, 14.300,  0.525,  0.800,  1.000,  0.800,0.00000,  0.000,
mon_rep231013,2023-10-13T11:29:06,3038.070,  0.400,1,0,247, 25.000, 14.525,  0.000,-23.077, 13.525, 13.800,  0.000, 14.825, 14.300,  0.525,  0.800,  1.000,  0.800,0.00000,  0.000,
mon_rep231013,2023-10-13T11:29:06,3038.470,  0.400,1,0,247, 25.000, 14.525,  0.000,-23.077, 13.525, 13.800,  0.000, 14.825, 14.300,  0.525,  0.800,  1.000,  0.800,0.00000,  0.000,
mon_rep231013,2023-10-13T11:29:06,3038.870,  0.400,1,0,247, 25.000, 14.525,  0.000,-23.077, 13.525, 13.800,  0.000, 14.825, 14.300,  0.525,  0.800,  1.000,  0.800,0.00000,  0.000,
mon_rep231013,2023-10-13T11:29:07,3039.270,  0.400,1,0,247, 25.000, 14.525,  0.000,-23.077, 13.525, 13.800,  0.000, 14.825, 14.300,  0.525,  0.800,  1.000,  0.800,0.00000,  0.000,
mon_rep231013,2023-10-13T11:29:07,3039.670,  0.400,1,0,247, 25.000, 14.525,  0.000,-23.077, 13.525, 13.800,  0.000, 14.825, 14.300,  0.525,  0.800,  1.000,  0.800,0.00000,  0.000,
mon_rep231013,2023-10-13T11:29:08,3040.070,  0.400,1,0,247, 25.000, 14.525,  0.000,-23.077, 13.525, 13.800,  0.000, 14.825, 14.300,  0.525,  0.800,  1.000,  0.800,0.00000,  0.000,
mon_rep231013,2023-10-13T11:29:08,3040.470,  0.400,1,0,247, 25.000, 14.525,  0.000,-23.077, 13.525, 13.800,  0.000, 14.825, 14.300,  0.525,  0.800,  1.000,  0.800,0.00000,  0.000,
mon_rep231013,2023-10-13T11:29:08,3040.870,  0.400,1,0,247, 25.000, 14.525,  0.000,-23.077, 13.525, 13.800,  0.000, 14.825, 14.300,  0.525,  0.800,  1.000,  0.800,0.00000,  0.000,
mon_rep231013,2023-10-13T11:29:09,3041.270,  0.400,1,0,247, 25.000, 14.525,  0.000,-23.077, 13.525, 13.800,  0.000, 14.825, 14.300,  0.525,  0.800,  1.000,  0.800,0.00000,  0.000,
mon_rep231013,2023-10-13T11:29:09,3041.670,  0.400,1,0,247, 25.000, 14.525,  0.000,-23.077, 13.525, 13.800,  0.000, 14.825, 14.300,  0.525,  0.800,  1.000,  0.800,0.00000,  0.000,
mon_rep231013,2023-10-13T11:29:10,3042.070,  0.400,1,0,247, 25.000, 14.525,  0.000,-23.077, 13.525, 13.800,  0.000, 14.825, 14.300,  0.525,  0.800,  1.000,  0.800,0.00000,  0.000,
mon_rep231013,2023-10-13T11:29:10,3042.470,  0.400,1,0,247, 25.000, 14.525,  0.000,-23.077, 13.525, 13.800,  0.000, 14.825, 14.300,  0.525,  0.800,  1.000,  0.800,0.00000,  0.000,
mon_rep231013,2023-10-13T11:29:10,3042.870,  0.400,1,0,247, 25.000, 14.525,  0.000,-23.077, 13.525, 13.800,  0.000, 14.825, 14.300,  0.525,  0.800,  1.000,  0.800,0.00000,  0.000,
mon_rep231013,2023-10-13T11:29:11,3043.270,  0.400,1,0,247, 25.000, 14.525,  0.000,-23.077, 13.525, 13.800,  0.000, 14.825, 14.300,  0.525,  0.800,  1.000,  0.800,0.00000,  0.000,
mon_rep231013,2023-10-13T11:29:11,3043.670,  0.400,1,0,247, 25.000, 14.525,  0.000,-23.077, 13.525, 13.800,  0.000, 14.825, 14.300,  0.525,  0.800,  1.000,  0.800,0.00000,  0.000,
mon_rep231013,2023-10-13T11:29:12,3044.070,  0.400,1,0,247, 25.000, 14.525,  0.000,-23.077, 13.525, 13.800,  0.000, 14.825, 14.300,  0.525,  0.800,  1.000,  0.800,0.00000,  0.000,
mon_rep231013,2023-10-13T11:29:12,3044.470,  0.400,1,0,247, 25.000, 14.525,  0.000,-23.077, 13.525, 13.800,  0.000, 14.825, 14.300,  0.525,  0.800,  1.000,  0.800,0.00000,  0.000,
mon_rep231013,2023-10-13T11:29:12,3044.870,  0.400,1,0,247, 25.000, 14.525,  0.000,-23.077, 13.525, 13.800,  0.000, 14.825, 14.300,  0.525,  0.800,  1.000,  0.800,0.00000,  0.000,
mon_rep231013,2023-10-13T11:29:13,3045.270,  0.400,1,0,247, 25.000, 14.525,  0.000,-23.077, 13.525, 13.800,  0.000, 14.825, 14.300,  0.525,  0.800,  1.000,  0.800,0.00000,  0.000,
mon_rep231013,2023-10-13T11:29:13,3045.670,  0.400,1,0,247, 25.000, 14.525,  0.000,-23.077, 13.525, 13.800,  0.000, 14.825, 14.300,  0.525,  0.800,  1.000,  0.800,0.00000,  0.000,
mon_rep231013,2023-10-13T11:29:14,3046.070,  0.400,1,0,247, 25.000, 14.525,  0.000,-23.077, 13.525, 13.800,  0.000, 14.825, 14.300,  0.525,  0.800,  1.000,  0.800,0.00000,  0.000,
mon_rep231013,2023-10-13T11:29:14,3046.470,  0.400,1,0,247, 25.000, 14.525,  0.000,-23.077, 13.525, 13.800,  0.000, 14.825, 14.300,  0.525,  0.800,  1.000,  0.800,0.00000,  0.000,
mon_rep231013,2023-10-13T11:29:14,3046.870,  0.400,1,0,247, 25.000, 14.525,  0.000,-23.077, 13.525, 13.800,  0.000, 14.825, 14.300,  0.525,  0.800,  1.000,  0.800,0.00000,  0.000,
mon_rep231013,2023-10-13T11:29:15,3047.270,  0.400,1,0,247, 25.000, 14.525,  0.000,-23.077, 13.525, 13.800,  0.000, 14.825, 14.300,  0.525,  0.800,  1.000,  0.800,0.00000,  0.000,
mon_rep231013,2023-10-13T11:29:15,3047.670,  0.400,1,0,247, 25.000, 14.525,  0.000,-23.077, 13.525, 13.800,  0.000, 14.825, 14.300,  0.525,  0.800,  1.000,  0.800,0.00000,  0.000,
mon_rep231013,2023-10-13T11:29:16,3048.070,  0.400,1,0,247, 25.000, 14.525,  0.000,-23.077, 13.525, 13.800,  0.000, 14.825, 14.300,  0.525,  0.800,  1.000,  0.800,0.00000,  0.000,
mon_rep231013,2023-10-13T11:29:16,3048.470,  0.400,1,0,247, 25.000, 14.525,  0.000,-23.077, 13.525, 13.800,  0.000, 14.825, 14.300,  0.525,  0.800,  1.000,  0.800,0.00000,  0.000,
mon_rep231013,2023-10-13T11:29:16,3048.870,  0.400,1,0,247, 25.000, 14.525,  0.000,-23.077, 13.525, 13.800,  0.000, 14.825, 14.300,  0.525,  0.800,  1.000,  0.800,0.00000,  0.000,
mon_rep231013,2023-10-13T11:29:17,3049.270,  0.400,1,0,247, 25.000, 14.525,  0.000,-23.077, 13.525, 13.800,  0.000, 14.825, 14.300,  0.525,  0.800,  1.000,  0.800,0.00000,  0.000,
mon_rep231013,2023-10-13T11:29:17,3049.670,  0.400,1,0,247, 25.000, 14.525,  0.000,-23.077, 13.525, 13.800,  0.000, 14.825, 14.300,  0.525,  0.800,  1.000,  0.800,0.00000,  0.000,
mon_rep231013,2023-10-13T11:29:18,3050.070,  0.400,1,0,247, 25.000, 14.525,  0.000,-23.077, 13.525, 13.800,  0.000, 14.825, 14.300,  0.525,  0.800,  1.000,  0.800,0.00000,  0.000,
mon_rep231013,2023-10-13T11:29:18,3050.470,  0.400,1,0,247, 25.000, 14.525,  0.000,-23.077, 13.525, 13.800,  0.000, 14.825, 14.300,  0.525,  0.800,  1.000,  0.800,0.00000,  0.000,
mon_rep231013,2023-10-13T11:29:18,3050.870,  0.400,1,0,247, 25.000, 14.525,  0.000,-23.077, 13.525, 13.800,  0.000, 14.825, 14.300,  0.525,  0.800,  1.000,  0.800,0.00000,  0.000,
mon_rep231013,2023-10-13T11:29:19,3051.270,  0.400,1,0,247, 25.000, 14.525,  0.000,-23.077, 13.525, 13.800,  0.000, 14.825, 14.300,  0.525,  0.800,  1.000,  0.800,0.00000,  0.000,
mon_rep231013,2023-10-13T11:29:19,3051.670,  0.400,1,0,247, 25.000, 14.525,  0.000,-23.077, 13.525, 13.800,  0.000, 14.825, 14.300,  0.525,  0.800,  1.000,  0.800,0.00000,  0.000,
mon_rep231013,2023-10-13T11:29:20,3052.070,  0.400,1,0,247, 25.000, 14.525,  0.000,-23.077, 13.525, 13.800,  0.000, 14.825, 14.300,  0.525,  0.800,  1.000,  0.800,0.00000,  0.000,
mon_rep231013,2023-10-13T11:29:20,3052.470,  0.400,1,0,247, 25.000, 14.525,  0.000,-23.077, 13.525, 13.800,  0.000, 14.825, 14.300,  0.525,  0.800,  1.000,  0.800,0.00000,  0.000,
mon_rep231013,2023-10-13T11:29:20,3052.870,  0.400,1,0,247, 25.000, 14.525,  0.000,-23.077, 13.525, 13.800,  0.000, 14.825, 14.300,  0.525,  0.800,  1.000,  0.800,0.00000,  0.000,
mon_rep231013,2023-10-13T11:29:21,3053.270,  0.400,1,0,247, 25.000, 14.525,  0.000,-23.077, 13.525, 13.800,  0.000, 14.825, 14.300,  0.525,  0.800,  1.000,  0.800,0.00000,  0.000,
mon_rep231013,2023-10-13T11:29:21,3053.670,  0.400,1,0,247, 25.000, 14.525,  0.000,-23.077, 13.525, 13.800,  0.000, 14.825, 14.300,  0.525,  0.800,  1.000,  0.800,0.00000,  0.000,
mon_rep231013,2023-10-13T11:29:22,3054.070,  0.400,1,0,247, 25.000, 14.525,  0.000,-23.077, 13.525, 13.800,  0.000, 14.825, 14.300,  0.525,  0.800,  1.000,  0.800,0.00000,  0.000,
mon_rep231013,2023-10-13T11:29:22,3054.470,  0.400,1,0,247, 25.000, 14.525,  0.000,-23.077, 13.525, 13.800,  0.000, 14.825, 14.300,  0.525,  0.800,  1.000,  0.800,0.00000,  0.000,
mon_rep231013,2023-10-13T11:29:22,3054.870,  0.400,1,0,247, 25.000, 14.525,  0.000,-23.077, 13.525, 13.800,  0.000, 14.825, 14.300,  0.525,  0.800,  1.000,  0.800,0.00000,  0.000,
mon_rep231013,2023-10-13T11:29:23,3055.270,  0.400,1,0,247, 25.000, 14.525,  0.000,-23.077, 13.525, 13.800,  0.000, 14.825, 14.300,  0.525,  0.800,  1.000,  0.800,0.00000,  0.000,
mon_rep231013,2023-10-13T11:29:23,3055.670,  0.400,1,0,247, 25.000, 14.525,  0.000,-23.077, 13.525, 13.800,  0.000, 14.825, 14.300,  0.525,  0.800,  1.000,  0.800,0.00000,  0.000,
mon_rep231013,2023-10-13T11:29:24,3056.070,  0.400,1,0,247, 25.000, 14.525,  0.000,-23.077, 13.525, 13.800,  0.000, 14.825, 14.300,  0.525,  0.800,  1.000,  0.800,0.00000,  0.000,
mon_rep231013,2023-10-13T11:29:24,3056.470,  0.400,1,0,247, 25.000, 14.525,  0.000,-23.077, 13.525, 13.800,  0.000, 14.825, 14.300,  0.525,  0.800,  1.000,  0.800,0.00000,  0.000,
mon_rep231013,2023-10-13T11:29:24,3056.870,  0.400,1,0,247, 25.000, 14.525,  0.000,-23.077, 13.525, 13.800,  0.000, 14.825, 14.300,  0.525,  0.800,  1.000,  0.800,0.00000,  0.000,
mon_rep231013,2023-10-13T11:29:25,3057.270,  0.400,1,0,247, 25.000, 14.525,  0.000,-23.077, 13.525, 13.800,  0.000, 14.825, 14.300,  0.525,  0.800,  1.000,  0.800,0.00000,  0.000,
mon_rep231013,2023-10-13T11:29:25,3057.670,  0.400,1,0,247, 25.000, 14.525,  0.000,-23.077, 13.525, 13.800,  0.000, 14.825, 14.300,  0.525,  0.800,  1.000,  0.800,0.00000,  0.000,
mon_rep231013,2023-10-13T11:29:26,3058.070,  0.400,1,0,247, 25.000, 14.525,  0.000,-23.077, 13.525, 13.800,  0.000, 14.825, 14.300,  0.525,  0.800,  1.000,  0.800,0.00000,  0.000,
mon_rep231013,2023-10-13T11:29:26,3058.470,  0.400,1,0,247, 25.000, 14.525,  0.000,-23.077, 13.525, 13.800,  0.000, 14.825, 14.300,  0.525,  0.800,  1.000,  0.800,0.00000,  0.000,
mon_rep231013,2023-10-13T11:29:26,3058.870,  0.400,1,0,247, 25.000, 14.525,  0.000,-23.077, 13.525, 13.800,  0.000, 14.825, 14.300,  0.525,  0.800,  1.000,  0.800,0.00000,  0.000,
mon_rep231013,2023-10-13T11:29:27,3059.270,  0.400,1,0,247, 25.000, 14.525,  0.000,-23.077, 13.525, 13.800,  0.000, 14.825, 14.300,  0.525,  0.800,  1.000,  0.800,0.00000,  0.000,
mon_rep231013,2023-10-13T11:29:27,3059.670,  0.400,1,0,247, 25.000, 14.525,  0.000,-23.077, 13.525, 13.800,  0.000, 14.825, 14.300,  0.525,  0.800,  1.000,  0.800,0.00000,  0.000,
mon_rep231013,2023-10-13T11:29:28,3060.070,  0.400,1,0,247, 25.000, 14.525,  0.000,-23.077, 13.525, 13.800,  0.000, 14.825, 14.300,  0.525,  0.800,  1.000,  0.800,0.00000,  0.000,
mon_rep231013,2023-10-13T11:29:28,3060.470,  0.400,1,0,247, 25.000, 14.525,  0.000,-23.077, 13.525, 13.800,  0.000, 14.825, 14.300,  0.525,  0.800,  1.000,  0.800,0.00000,  0.000,
mon_rep231013,2023-10-13T11:29:28,3060.870,  0.400,1,0,247, 25.000, 14.525,  0.000,-23.077, 13.525, 13.800,  0.000, 14.825, 14.300,  0.525,  0.800,  1.000,  0.800,0.00000,  0.000,
mon_rep231013,2023-10-13T11:29:29,3061.270,  0.400,1,0,247, 25.000, 14.525,  0.000,-23.077, 13.525, 13.800,  0.000, 14.825, 14.300,  0.525,  0.800,  1.000,  0.800,0.00000,  0.000,
mon_rep231013,2023-10-13T11:29:29,3061.670,  0.400,1,0,247, 25.000, 14.525,  0.000,-23.077, 13.525, 13.800,  0.000, 14.825, 14.300,  0.525,  0.800,  1.000,  0.800,0.00000,  0.000,
mon_rep231013,2023-10-13T11:29:30,3062.070,  0.400,1,0,247, 25.000, 14.525,  0.000,-23.077, 13.525, 13.800,  0.000, 14.825, 14.300,  0.525,  0.800,  1.000,  0.800,0.00000,  0.000,
mon_rep231013,2023-10-13T11:29:30,3062.470,  0.400,1,0,247, 25.000, 14.525,  0.000,-23.077, 13.525, 13.800,  0.000, 14.825, 14.300,  0.525,  0.800,  1.000,  0.800,0.00000,  0.000,
mon_rep231013,2023-10-13T11:29:30,3062.870,  0.400,1,0,247, 25.000, 14.525,  0.000,-23.077, 13.525, 13.800,  0.000, 14.825, 14.300,  0.525,  0.800,  1.000,  0.800,0.00000,  0.000,
mon_rep231013,2023-10-13T11:29:31,3063.270,  0.400,1,0,247, 25.000, 14.525,  0.000,-23.077, 13.525, 13.800,  0.000, 14.825, 14.300,  0.525,  0.800,  1.000,  0.800,0.00000,  0.000,
mon_rep231013,2023-10-13T11:29:31,3063.670,  0.400,1,0,247, 25.000, 14.525,  0.000,-23.077, 13.525, 13.800,  0.000, 14.825, 14.300,  0.525,  0.800,  1.000,  0.800,0.00000,  0.000,
mon_rep231013,2023-10-13T11:29:32,3064.070,  0.400,1,0,247, 25.000, 14.525,  0.000,-23.077, 13.525, 13.800,  0.000, 14.825, 14.300,  0.525,  0.800,  1.000,  0.800,0.00000,  0.000,
mon_rep231013,2023-10-13T11:29:32,3064.470,  0.400,1,0,247, 25.000, 14.525,  0.000,-23.077, 13.525, 13.800,  0.000, 14.825, 14.300,  0.525,  0.800,  1.000,  0.800,0.00000,  0.000,
mon_rep231013,2023-10-13T11:29:32,3064.870,  0.400,1,0,247, 25.000, 14.525,  0.000,-23.077, 13.525, 13.800,  0.000, 14.825, 14.300,  0.525,  0.800,  1.000,  0.800,0.00000,  0.000,
mon_rep231013,2023-10-13T11:29:33,3065.270,  0.400,1,0,247, 25.000, 14.525,  0.000,-23.077, 13.525, 13.800,  0.000, 14.825, 14.300,  0.525,  0.800,  1.000,  0.800,0.00000,  0.000,
mon_rep231013,2023-10-13T11:29:33,3065.670,  0.400,1,0,247, 25.000, 14.525,  0.000,-23.077, 13.525, 13.800,  0.000, 14.825, 14.300,  0.525,  0.800,  1.000,  0.800,0.00000,  0.000,
mon_rep231013,2023-10-13T11:29:34,3066.070,  0.400,1,0,247, 25.000, 14.525,  0.000,-23.077, 13.525, 13.800,  0.000, 14.825, 14.300,  0.525,  0.800,  1.000,  0.800,0.00000,  0.000,
mon_rep231013,2023-10-13T11:29:34,3066.470,  0.400,1,0,247, 25.000, 14.525,  0.000,-23.077, 13.525, 13.800,  0.000, 14.825, 14.300,  0.525,  0.800,  1.000,  0.800,0.00000,  0.000,
mon_rep231013,2023-10-13T11:29:34,3066.870,  0.400,1,0,247, 25.000, 14.525,  0.000,-23.077, 13.525, 13.800,  0.000, 14.825, 14.300,  0.525,  0.800,  1.000,  0.800,0.00000,  0.000,
mon_rep231013,2023-10-13T11:29:35,3067.270,  0.400,1,0,247, 25.000, 14.525,  0.000,-23.077, 13.525, 13.800,  0.000, 14.825, 14.300,  0.525,  0.800,  1.000,  0.800,0.00000,  0.000,
mon_rep231013,2023-10-13T11:29:35,3067.670,  0.400,1,0,247, 25.000, 14.525,  0.000,-23.077, 13.525, 13.800,  0.000, 14.825, 14.300,  0.525,  0.800,  1.000,  0.800,0.00000,  0.000,
mon_rep231013,2023-10-13T11:29:36,3068.070,  0.400,1,0,247, 25.000, 14.525,  0.000,-23.077, 13.525, 13.800,  0.000, 14.825, 14.300,  0.525,  0.800,  1.000,  0.800,0.00000,  0.000,
mon_rep231013,2023-10-13T11:29:36,3068.470,  0.400,1,0,247, 25.000, 14.525,  0.000,-23.077, 13.525, 13.800,  0.000, 14.825, 14.300,  0.525,  0.800,  1.000,  0.800,0.00000,  0.000,
mon_rep231013,2023-10-13T11:29:36,3068.870,  0.400,1,0,247, 25.000, 14.525,  0.000,-23.077, 13.525, 13.800,  0.000, 14.825, 14.300,  0.525,  0.800,  1.000,  0.800,0.00000,  0.000,
mon_rep231013,2023-10-13T11:29:37,3069.270,  0.400,1,0,247, 25.000, 14.525,  0.000,-23.077, 13.525, 13.800,  0.000, 14.825, 14.300,  0.525,  0.800,  1.000,  0.800,0.00000,  0.000,
mon_rep231013,2023-10-13T11:29:37,3069.670,  0.400,1,0,247, 25.000, 14.525,  0.000,-23.077, 13.525, 13.800,  0.000, 14.825, 14.300,  0.525,  0.800,  1.000,  0.800,0.00000,  0.000,
mon_rep231013,2023-10-13T11:29:38,3070.070,  0.400,1,0,247, 25.000, 14.525,  0.000,-23.077, 13.525, 13.800,  0.000, 14.825, 14.300,  0.525,  0.800,  1.000,  0.800,0.00000,  0.000,
mon_rep231013,2023-10-13T11:29:38,3070.470,  0.400,1,0,247, 25.000, 14.525,  0.000,-23.077, 13.525, 13.800,  0.000, 14.825, 14.300,  0.525,  0.800,  1.000,  0.800,0.00000,  0.000,
mon_rep231013,2023-10-13T11:29:38,3070.870,  0.400,1,0,247, 25.000, 14.525,  0.000,-23.077, 13.525, 13.800,  0.000, 14.825, 14.300,  0.525,  0.800,  1.000,  0.800,0.00000,  0.000,
mon_rep231013,2023-10-13T11:29:39,3071.270,  0.400,1,0,247, 25.000, 14.525,  0.000,-23.077, 13.525, 13.800,  0.000, 14.825, 14.300,  0.525,  0.800,  1.000,  0.800,0.00000,  0.000,
mon_rep231013,2023-10-13T11:29:39,3071.670,  0.400,1,0,247, 25.000, 14.525,  0.000,-23.077, 13.525, 13.800,  0.000, 14.825, 14.300,  0.525,  0.800,  1.000,  0.800,0.00000,  0.000,
mon_rep231013,2023-10-13T11:29:40,3072.070,  0.400,1,0,247, 25.000, 14.525,  0.000,-23.077, 13.525, 13.800,  0.000, 14.825, 14.300,  0.525,  0.800,  1.000,  0.800,0.00000,  0.000,
mon_rep231013,2023-10-13T11:29:40,3072.470,  0.400,1,0,247, 25.000, 14.525,  0.000,-23.077, 13.525, 13.800,  0.000, 14.825, 14.300,  0.525,  0.800,  1.000,  0.800,0.00000,  0.000,
mon_rep231013,2023-10-13T11:29:40,3072.870,  0.400,1,0,247, 25.000, 14.525,  0.000,-23.077, 13.525, 13.800,  0.000, 14.825, 14.300,  0.525,  0.800,  1.000,  0.800,0.00000,  0.000,
mon_rep231013,2023-10-13T11:29:41,3073.270,  0.400,1,0,247, 25.000, 14.525,  0.000,-23.077, 13.525, 13.800,  0.000, 14.825, 14.300,  0.525,  0.800,  1.000,  0.800,0.00000,  0.000,
mon_rep231013,2023-10-13T11:29:41,3073.670,  0.400,1,0,247, 25.000, 14.525,  0.000,-23.077, 13.525, 13.800,  0.000, 14.825, 14.300,  0.525,  0.800,  1.000,  0.800,0.00000,  0.000,
mon_rep231013,2023-10-13T11:29:42,3074.070,  0.400,1,0,247, 25.000, 14.525,  0.000,-23.077, 13.525, 13.800,  0.000, 14.825, 14.300,  0.525,  0.800,  1.000,  0.800,0.00000,  0.000,
mon_rep231013,2023-10-13T11:29:42,3074.470,  0.400,1,0,247, 25.000, 14.525,  0.000,-23.077, 13.525, 13.800,  0.000, 14.825, 14.300,  0.525,  0.800,  1.000,  0.800,0.00000,  0.000,
mon_rep231013,2023-10-13T11:29:42,3074.870,  0.400,1,0,247, 25.000, 14.525,  0.000,-23.077, 13.525, 13.800,  0.000, 14.825, 14.300,  0.525,  0.800,  1.000,  0.800,0.00000,  0.000,
mon_rep231013,2023-10-13T11:29:43,3075.270,  0.400,1,0,247, 25.000, 14.525,  0.000,-23.077, 13.525, 13.800,  0.000, 14.825, 14.300,  0.525,  0.800,  1.000,  0.800,0.00000,  0.000,
mon_rep231013,2023-10-13T11:29:43,3075.670,  0.400,1,0,247, 25.000, 14.525,  0.000,-23.077, 13.525, 13.800,  0.000, 14.825, 14.300,  0.525,  0.800,  1.000,  0.800,0.00000,  0.000,
mon_rep231013,2023-10-13T11:29:44,3076.070,  0.400,1,0,247, 25.000, 14.525,  0.000,-23.077, 13.525, 13.800,  0.000, 14.825, 14.300,  0.525,  0.800,  1.000,  0.800,0.00000,  0.000,
mon_rep231013,2023-10-13T11:29:44,3076.470,  0.400,1,0,247, 25.000, 14.525,  0.000,-23.077, 13.525, 13.800,  0.000, 14.825, 14.300,  0.525,  0.800,  1.000,  0.800,0.00000,  0.000,
mon_rep231013,2023-10-13T11:29:44,3076.870,  0.400,1,0,247, 25.000, 14.525,  0.000,-23.077, 13.525, 13.800,  0.000, 14.825, 14.300,  0.525,  0.800,  1.000,  0.800,0.00000,  0.000,
mon_rep231013,2023-10-13T11:29:45,3077.270,  0.400,1,0,247, 25.000, 14.525,  0.000,-23.077, 13.525, 13.800,  0.000, 14.825, 14.300,  0.525,  0.800,  1.000,  0.800,0.00000,  0.000,
mon_rep231013,2023-10-13T11:29:45,3077.670,  0.400,1,0,247, 25.000, 14.525,  0.000,-23.077, 13.525, 13.800,  0.000, 14.825, 14.300,  0.525,  0.800,  1.000,  0.800,0.00000,  0.000,
mon_rep231013,2023-10-13T11:29:46,3078.070,  0.400,1,0,247, 25.000, 14.525,  0.000,-23.077, 13.525, 13.800,  0.000, 14.825, 14.300,  0.525,  0.800,  1.000,  0.800,0.00000,  0.000,
mon_rep231013,2023-10-13T11:29:46,3078.470,  0.400,1,0,247, 25.000, 14.525,  0.000,-23.077, 13.525, 13.800,  0.000, 14.825, 14.300,  0.525,  0.800,  1.000,  0.800,0.00000,  0.000,
mon_rep231013,2023-10-13T11:29:46,3078.870,  0.400,1,0,247, 25.000, 14.525,  0.000,-23.077, 13.525, 13.800,  0.000, 14.825, 14.300,  0.525,  0.800,  1.000,  0.800,0.00000,  0.000,
mon_rep231013,2023-10-13T11:29:47,3079.270,  0.400,1,0,247, 25.000, 14.525,  0.000,-23.077, 13.525, 13.800,  0.000, 14.825, 14.300,  0.525,  0.800,  1.000,  0.800,0.00000,  0.000,
mon_rep231013,2023-10-13T11:29:47,3079.670,  0.400,1,0,247, 25.000, 14.525,  0.000,-23.077, 13.525, 13.800,  0.000, 14.825, 14.300,  0.525,  0.800,  1.000,  0.800,0.00000,  0.000,
mon_rep231013,2023-10-13T11:29:48,3080.070,  0.400,1,0,247, 25.000, 14.525,  0.000,-23.077, 13.525, 13.800,  0.000, 14.825, 14.300,  0.525,  0.800,  1.000,  0.800,0.00000,  0.000,
mon_rep231013,2023-10-13T11:29:48,3080.470,  0.400,1,0,247, 25.000, 14.525,  0.000,-23.077, 13.525, 13.800,  0.000, 14.825, 14.300,  0.525,  0.800,  1.000,  0.800,0.00000,  0.000,
mon_rep231013,2023-10-13T11:29:48,3080.870,  0.400,1,0,247, 25.000, 14.525,  0.000,-23.077, 13.525, 13.800,  0.000, 14.825, 14.300,  0.525,  0.800,  1.000,  0.800,0.00000,  0.000,
mon_rep231013,2023-10-13T11:29:49,3081.270,  0.400,1,0,247, 25.000, 14.525,  0.000,-23.077, 13.525, 13.800,  0.000, 14.825, 14.300,  0.525,  0.800,  1.000,  0.800,0.00000,  0.000,
mon_rep231013,2023-10-13T11:29:49,3081.670,  0.400,1,0,247, 25.000, 14.525,  0.000,-23.077, 13.525, 13.800,  0.000, 14.825, 14.300,  0.525,  0.800,  1.000,  0.800,0.00000,  0.000,
mon_rep231013,2023-10-13T11:29:50,3082.070,  0.400,1,0,247, 25.000, 14.525,  0.000,-23.077, 13.525, 13.800,  0.000, 14.825, 14.300,  0.525,  0.800,  1.000,  0.800,0.00000,  0.000,
mon_rep231013,2023-10-13T11:29:50,3082.470,  0.400,1,0,247, 25.000, 14.525,  0.000,-23.077, 13.525, 13.800,  0.000, 14.825, 14.300,  0.525,  0.800,  1.000,  0.800,0.00000,  0.000,
mon_rep231013,2023-10-13T11:29:50,3082.870,  0.400,1,0,247, 25.000, 14.525,  0.000,-23.077, 13.525, 13.800,  0.000, 14.825, 14.300,  0.525,  0.800,  1.000,  0.800,0.00000,  0.000,
mon_rep231013,2023-10-13T11:29:51,3083.270,  0.400,1,0,247, 25.000, 14.525,  0.000,-23.077, 13.525, 13.800,  0.000, 14.825, 14.300,  0.525,  0.800,  1.000,  0.800,0.00000,  0.000,
mon_rep231013,2023-10-13T11:29:51,3083.670,  0.400,1,0,247, 25.000, 14.525,  0.000,-23.077, 13.525, 13.800,  0.000, 14.825, 14.300,  0.525,  0.800,  1.000,  0.800,0.00000,  0.000,
mon_rep231013,2023-10-13T11:29:52,3084.070,  0.400,1,0,247, 25.000, 14.525,  0.000,-23.077, 13.525, 13.800,  0.000, 14.825, 14.300,  0.525,  0.800,  1.000,  0.800,0.00000,  0.000,
mon_rep231013,2023-10-13T11:29:52,3084.470,  0.400,1,0,247, 25.000, 14.525,  0.000,-23.077, 13.525, 13.800,  0.000, 14.825, 14.300,  0.525,  0.800,  1.000,  0.800,0.00000,  0.000,
mon_rep231013,2023-10-13T11:29:52,3084.870,  0.400,1,0,247, 25.000, 14.525,  0.000,-23.077, 13.525, 13.800,  0.000, 14.825, 14.300,  0.525,  0.800,  1.000,  0.800,0.00000,  0.000,
mon_rep231013,2023-10-13T11:29:53,3085.270,  0.400,1,0,247, 25.000, 14.525,  0.000,-23.077, 13.525, 13.800,  0.000, 14.825, 14.300,  0.525,  0.800,  1.000,  0.800,0.00000,  0.000,
mon_rep231013,2023-10-13T11:29:53,3085.670,  0.400,1,0,247, 25.000, 14.525,  0.000,-23.077, 13.525, 13.800,  0.000, 14.825, 14.300,  0.525,  0.800,  1.000,  0.800,0.00000,  0.000,
mon_rep231013,2023-10-13T11:29:54,3086.070,  0.400,1,0,247, 25.000, 14.525,  0.000,-23.077, 13.525, 13.800,  0.000, 14.825, 14.300,  0.525,  0.800,  1.000,  0.800,0.00000,  0.000,
mon_rep231013,2023-10-13T11:29:54,3086.470,  0.400,1,0,247, 25.000, 14.525,  0.000,-23.077, 13.525, 13.800,  0.000, 14.825, 14.300,  0.525,  0.800,  1.000,  0.800,0.00000,  0.000,
mon_rep231013,2023-10-13T11:29:54,3086.870,  0.400,1,0,247, 25.000, 14.525,  0.000,-23.077, 13.525, 13.800,  0.000, 14.825, 14.300,  0.525,  0.800,  1.000,  0.800,0.00000,  0.000,
mon_rep231013,2023-10-13T11:29:55,3087.270,  0.400,1,0,247, 25.000, 14.525,  0.000,-23.077, 13.525, 13.800,  0.000, 14.825, 14.300,  0.525,  0.800,  1.000,  0.800,0.00000,  0.000,
mon_rep231013,2023-10-13T11:29:55,3087.670,  0.400,1,0,247, 25.000, 14.525,  0.000,-23.077, 13.525, 13.800,  0.000, 14.825, 14.300,  0.525,  0.800,  1.000,  0.800,0.00000,  0.000,
mon_rep231013,2023-10-13T11:29:56,3088.070,  0.400,1,0,247, 25.000, 14.525,  0.000,-23.077, 13.525, 13.800,  0.000, 14.825, 14.300,  0.525,  0.800,  1.000,  0.800,0.00000,  0.000,
mon_rep231013,2023-10-13T11:29:56,3088.470,  0.400,1,0,247, 25.000, 14.525,  0.000,-23.077, 13.525, 13.800,  0.000, 14.825, 14.300,  0.525,  0.800,  1.000,  0.800,0.00000,  0.000,
mon_rep231013,2023-10-13T11:29:56,3088.870,  0.400,1,0,247, 25.000, 14.525,  0.000,-23.077, 13.525, 13.800,  0.000, 14.825, 14.300,  0.525,  0.800,  1.000,  0.800,0.00000,  0.000,
mon_rep231013,2023-10-13T11:29:57,3089.270,  0.400,1,0,247, 25.000, 14.525,  0.000,-23.077, 13.525, 13.800,  0.000, 14.825, 14.300,  0.525,  0.800,  1.000,  0.800,0.00000,  0.000,
mon_rep231013,2023-10-13T11:29:57,3089.670,  0.400,1,0,247, 25.000, 14.525,  0.000,-23.077, 13.525, 13.800,  0.000, 14.825, 14.300,  0.525,  0.800,  1.000,  0.800,0.00000,  0.000,
mon_rep231013,2023-10-13T11:29:58,3090.070,  0.400,1,0,247, 25.000, 14.525,  0.000,-23.077, 13.525, 13.800,  0.000, 14.825, 14.300,  0.525,  0.800,  1.000,  0.800,0.00000,  0.000,
mon_rep231013,2023-10-13T11:29:58,3090.470,  0.400,1,0,247, 25.000, 14.525,  0.000,-23.077, 13.525, 13.800,  0.000, 14.825, 14.300,  0.525,  0.800,  1.000,  0.800,0.00000,  0.000,
mon_rep231013,2023-10-13T11:29:58,3090.870,  0.400,1,0,247, 25.000, 14.525,  0.000,-23.077, 13.525, 13.800,  0.000, 14.825, 14.300,  0.525,  0.800,  1.000,  0.800,0.00000,  0.000,
mon_rep231013,2023-10-13T11:29:59,3091.270,  0.400,1,0,247, 25.000, 14.525,  0.000,-23.077, 13.525, 13.800,  0.000, 14.825, 14.300,  0.525,  0.800,  1.000,  0.800,0.00000,  0.000,
mon_rep231013,2023-10-13T11:29:59,3091.670,  0.400,1,0,247, 25.000, 14.525,  0.000,-23.077, 13.525, 13.800,  0.000, 14.825, 14.300,  0.525,  0.800,  1.000,  0.800,0.00000,  0.000,
mon_rep231013,2023-10-13T11:30:00,3092.070,  0.400,1,0,247, 25.000, 14.525,  0.000,-23.077, 13.525, 13.800,  0.000, 14.825, 14.300,  0.525,  0.800,  1.000,  0.800,0.00000,  0.000,
mon_rep231013,2023-10-13T11:30:00,3092.470,  0.400,1,0,247, 25.000, 14.525,  0.000,-23.077, 13.525, 13.800,  0.000, 14.825, 14.300,  0.525,  0.800,  1.000,  0.800,0.00000,  0.000,
mon_rep231013,2023-10-13T11:30:00,3092.870,  0.400,1,0,247, 25.000, 14.525,  0.000,-23.077, 13.525, 13.800,  0.000, 14.825, 14.300,  0.525,  0.800,  1.000,  0.800,0.00000,  0.000,
mon_rep231013,2023-10-13T11:30:01,3093.270,  0.400,1,0,247, 25.000, 14.525,  0.000,-23.077, 13.525, 13.800,  0.000, 14.825, 14.300,  0.525,  0.800,  1.000,  0.800,0.00000,  0.000,
mon_rep231013,2023-10-13T11:30:01,3093.670,  0.400,1,0,247, 25.000, 14.525,  0.000,-23.077, 13.525, 13.800,  0.000, 14.825, 14.300,  0.525,  0.800,  1.000,  0.800,0.00000,  0.000,
mon_rep231013,2023-10-13T11:30:02,3094.070,  0.400,1,0,247, 25.000, 14.525,  0.000,-23.077, 13.525, 13.800,  0.000, 14.825, 14.300,  0.525,  0.800,  1.000,  0.800,0.00000,  0.000,
mon_rep231013,2023-10-13T11:30:02,3094.470,  0.400,1,0,247, 25.000, 14.525,  0.000,-23.077, 13.525, 13.800,  0.000, 14.825, 14.300,  0.525,  0.800,  1.000,  0.800,0.00000,  0.000,
mon_rep231013,2023-10-13T11:30:02,3094.870,  0.400,1,0,247, 25.000, 14.525,  0.000,-23.077, 13.525, 13.800,  0.000, 14.825, 14.300,  0.525,  0.800,  1.000,  0.800,0.00000,  0.000,
mon_rep231013,2023-10-13T11:30:03,3095.270,  0.400,1,0,247, 25.000, 14.525,  0.000,-23.077, 13.525, 13.800,  0.000, 14.825, 14.300,  0.525,  0.800,  1.000,  0.800,0.00000,  0.000,
mon_rep231013,2023-10-13T11:30:03,3095.670,  0.400,1,0,247, 25.000, 14.525,  0.000,-23.077, 13.525, 13.800,  0.000, 14.825, 14.300,  0.525,  0.800,  1.000,  0.800,0.00000,  0.000,
mon_rep231013,2023-10-13T11:30:04,3096.070,  0.400,1,0,247, 25.000, 14.525,  0.000,-23.077, 13.525, 13.800,  0.000, 14.825, 14.300,  0.525,  0.800,  1.000,  0.800,0.00000,  0.000,
mon_rep231013,2023-10-13T11:30:04,3096.470,  0.400,1,0,247, 25.000, 14.525,  0.000,-23.077, 13.525, 13.800,  0.000, 14.825, 14.300,  0.525,  0.800,  1.000,  0.800,0.00000,  0.000,
mon_rep231013,2023-10-13T11:30:04,3096.870,  0.400,1,0,247, 25.000, 14.525,  0.000,-23.077, 13.525, 13.800,  0.000, 14.825, 14.300,  0.525,  0.800,  1.000,  0.800,0.00000,  0.000,
mon_rep231013,2023-10-13T11:30:05,3097.270,  0.400,1,0,247, 25.000, 14.525,  0.000,-23.077, 13.525, 13.800,  0.000, 14.825, 14.300,  0.525,  0.800,  1.000,  0.800,0.00000,  0.000,
mon_rep231013,2023-10-13T11:30:05,3097.670,  0.400,1,0,247, 25.000, 14.525,  0.000,-23.077, 13.525, 13.800,  0.000, 14.825, 14.300,  0.525,  0.800,  1.000,  0.800,0.00000,  0.000,
mon_rep231013,2023-10-13T11:30:06,3098.070,  0.400,1,0,247, 25.000, 14.525,  0.000,-23.077, 13.525, 13.800,  0.000, 14.825, 14.300,  0.525,  0.800,  1.000,  0.800,0.00000,  0.000,
mon_rep231013,2023-10-13T11:30:06,3098.470,  0.400,1,0,247, 25.000, 14.525,  0.000,-23.077, 13.525, 13.800,  0.000, 14.825, 14.300,  0.525,  0.800,  1.000,  0.800,0.00000,  0.000,
mon_rep231013,2023-10-13T11:30:06,3098.870,  0.400,1,0,247, 25.000, 14.525,  0.000,-23.077, 13.525, 13.800,  0.000, 14.825, 14.300,  0.525,  0.800,  1.000,  0.800,0.00000,  0.000,
mon_rep231013,2023-10-13T11:30:07,3099.270,  0.400,1,0,247, 25.000, 14.525,  0.000,-23.077, 13.525, 13.800,  0.000, 14.825, 14.300,  0.525,  0.800,  1.000,  0.800,0.00000,  0.000,
mon_rep231013,2023-10-13T11:30:07,3099.670,  0.400,1,0,247, 25.000, 14.525,  0.000,-23.077, 13.525, 13.800,  0.000, 14.825, 14.300,  0.525,  0.800,  1.000,  0.800,0.00000,  0.000,
mon_rep231013,2023-10-13T11:30:08,3100.070,  0.400,1,0,247, 25.000, 14.525,  0.000,-23.077, 13.525, 13.800,  0.000, 14.825, 14.300,  0.525,  0.800,  1.000,  0.800,0.00000,  0.000,
mon_rep231013,2023-10-13T11:30:08,3100.470,  0.400,1,0,247, 25.000, 14.525,  0.000,-23.077, 13.525, 13.800,  0.000, 14.825, 14.300,  0.525,  0.800,  1.000,  0.800,0.00000,  0.000,
mon_rep231013,2023-10-13T11:30:08,3100.870,  0.400,1,0,247, 25.000, 14.525,  0.000,-23.077, 13.525, 13.800,  0.000, 14.825, 14.300,  0.525,  0.800,  1.000,  0.800,0.00000,  0.000,
mon_rep231013,2023-10-13T11:30:09,3101.270,  0.400,1,0,247, 25.000, 14.525,  0.000,-23.077, 13.525, 13.800,  0.000, 14.825, 14.300,  0.525,  0.800,  1.000,  0.800,0.00000,  0.000,
mon_rep231013,2023-10-13T11:30:09,3101.670,  0.400,1,0,247, 25.000, 14.525,  0.000,-23.077, 13.525, 13.800,  0.000, 14.825, 14.300,  0.525,  0.800,  1.000,  0.800,0.00000,  0.000,
mon_rep231013,2023-10-13T11:30:10,3102.070,  0.400,1,0,247, 25.000, 14.525,  0.000,-23.077, 13.525, 13.800,  0.000, 14.825, 14.300,  0.525,  0.800,  1.000,  0.800,0.00000,  0.000,
mon_rep231013,2023-10-13T11:30:10,3102.470,  0.400,1,0,247, 25.000, 14.525,  0.000,-23.077, 13.525, 13.800,  0.000, 14.825, 14.300,  0.525,  0.800,  1.000,  0.800,0.00000,  0.000,
mon_rep231013,2023-10-13T11:30:10,3102.870,  0.400,1,0,247, 25.000, 14.525,  0.000,-23.077, 13.525, 13.800,  0.000, 14.825, 14.300,  0.525,  0.800,  1.000,  0.800,0.00000,  0.000,
mon_rep231013,2023-10-13T11:30:11,3103.270,  0.400,1,0,247, 25.000, 14.525,  0.000,-23.077, 13.525, 13.800,  0.000, 14.825, 14.300,  0.525,  0.800,  1.000,  0.800,0.00000,  0.000,
mon_rep231013,2023-10-13T11:30:11,3103.670,  0.400,1,0,247, 25.000, 14.525,  0.000,-23.077, 13.525, 13.800,  0.000, 14.825, 14.300,  0.525,  0.800,  1.000,  0.800,0.00000,  0.000,
mon_rep231013,2023-10-13T11:30:12,3104.070,  0.400,1,0,247, 25.000, 14.525,  0.000,-23.077, 13.525, 13.800,  0.000, 14.825, 14.300,  0.525,  0.800,  1.000,  0.800,0.00000,  0.000,
mon_rep231013,2023-10-13T11:30:12,3104.470,  0.400,1,0,247, 25.000, 14.525,  0.000,-23.077, 13.525, 13.800,  0.000, 14.825, 14.300,  0.525,  0.800,  1.000,  0.800,0.00000,  0.000,
mon_rep231013,2023-10-13T11:30:12,3104.870,  0.400,1,0,247, 25.000, 14.525,  0.000,-23.077, 13.525, 13.800,  0.000, 14.825, 14.300,  0.525,  0.800,  1.000,  0.800,0.00000,  0.000,
mon_rep231013,2023-10-13T11:30:13,3105.270,  0.400,1,0,247, 25.000, 14.525,  0.000,-23.077, 13.525, 13.800,  0.000, 14.825, 14.300,  0.525,  0.800,  1.000,  0.800,0.00000,  0.000,
mon_rep231013,2023-10-13T11:30:13,3105.670,  0.400,1,0,247, 25.000, 14.525,  0.000,-23.077, 13.525, 13.800,  0.000, 14.825, 14.300,  0.525,  0.800,  1.000,  0.800,0.00000,  0.000,
mon_rep231013,2023-10-13T11:30:14,3106.070,  0.400,1,0,247, 25.000, 14.525,  0.000,-23.077, 13.525, 13.800,  0.000, 14.825, 14.300,  0.525,  0.800,  1.000,  0.800,0.00000,  0.000,
mon_rep231013,2023-10-13T11:30:14,3106.470,  0.400,1,0,247, 25.000, 14.525,  0.000,-23.077, 13.525, 13.800,  0.000, 14.825, 14.300,  0.525,  0.800,  1.000,  0.800,0.00000,  0.000,
mon_rep231013,2023-10-13T11:30:14,3106.870,  0.400,1,0,247, 25.000, 14.525,  0.000,-23.077, 13.525, 13.800,  0.000, 14.825, 14.300,  0.525,  0.800,  1.000,  0.800,0.00000,  0.000,
mon_rep231013,2023-10-13T11:30:15,3107.270,  0.400,1,0,247, 25.000, 14.525,  0.000,-23.077, 13.525, 13.800,  0.000, 14.825, 14.300,  0.525,  0.800,  1.000,  0.800,0.00000,  0.000,
mon_rep231013,2023-10-13T11:30:15,3107.670,  0.400,1,0,247, 25.000, 14.525,  0.000,-23.077, 13.525, 13.800,  0.000, 14.825, 14.300,  0.525,  0.800,  1.000,  0.800,0.00000,  0.000,
mon_rep231013,2023-10-13T11:30:16,3108.070,  0.400,1,0,247, 25.000, 14.525,  0.000,-23.077, 13.525, 13.800,  0.000, 14.825, 14.300,  0.525,  0.800,  1.000,  0.800,0.00000,  0.000,
mon_rep231013,2023-10-13T11:30:16,3108.470,  0.400,1,0,247, 25.000, 14.525,  0.000,-23.077, 13.525, 13.800,  0.000, 14.825, 14.300,  0.525,  0.800,  1.000,  0.800,0.00000,  0.000,
mon_rep231013,2023-10-13T11:30:16,3108.870,  0.400,1,0,247, 25.000, 14.525,  0.000,-23.077, 13.525, 13.800,  0.000, 14.825, 14.300,  0.525,  0.800,  1.000,  0.800,0.00000,  0.000,
mon_rep231013,2023-10-13T11:30:17,3109.270,  0.400,1,0,247, 25.000, 14.525,  0.000,-23.077, 13.525, 13.800,  0.000, 14.825, 14.300,  0.525,  0.800,  1.000,  0.800,0.00000,  0.000,
mon_rep231013,2023-10-13T11:30:17,3109.670,  0.400,1,0,247, 25.000, 14.525,  0.000,-23.077, 13.525, 13.800,  0.000, 14.825, 14.300,  0.525,  0.800,  1.000,  0.800,0.00000,  0.000,
mon_rep231013,2023-10-13T11:30:18,3110.070,  0.400,1,0,247, 25.000, 14.525,  0.000,-23.077, 13.525, 13.800,  0.000, 14.825, 14.300,  0.525,  0.800,  1.000,  0.800,0.00000,  0.000,
mon_rep231013,2023-10-13T11:30:18,3110.470,  0.400,1,0,247, 25.000, 14.525,  0.000,-23.077, 13.525, 13.800,  0.000, 14.825, 14.300,  0.525,  0.800,  1.000,  0.800,0.00000,  0.000,
mon_rep231013,2023-10-13T11:30:18,3110.870,  0.400,1,0,247, 25.000, 14.525,  0.000,-23.077, 13.525, 13.800,  0.000, 14.825, 14.300,  0.525,  0.800,  1.000,  0.800,0.00000,  0.000,
mon_rep231013,2023-10-13T11:30:19,3111.270,  0.400,1,0,247, 25.000, 14.525,  0.000,-23.077, 13.525, 13.800,  0.000, 14.825, 14.300,  0.525,  0.800,  1.000,  0.800,0.00000,  0.000,
mon_rep231013,2023-10-13T11:30:19,3111.670,  0.400,1,0,247, 25.000, 14.525,  0.000,-23.077, 13.525, 13.800,  0.000, 14.825, 14.300,  0.525,  0.800,  1.000,  0.800,0.00000,  0.000,
mon_rep231013,2023-10-13T11:30:20,3112.070,  0.400,1,0,247, 25.000, 14.525,  0.000,-23.077, 13.525, 13.800,  0.000, 14.825, 14.300,  0.525,  0.800,  1.000,  0.800,0.00000,  0.000,
mon_rep231013,2023-10-13T11:30:20,3112.470,  0.400,1,0,247, 25.000, 14.525,  0.000,-23.077, 13.525, 13.800,  0.000, 14.825, 14.300,  0.525,  0.800,  1.000,  0.800,0.00000,  0.000,
mon_rep231013,2023-10-13T11:30:20,3112.870,  0.400,1,0,247, 25.000, 14.525,  0.000,-23.077, 13.525, 13.800,  0.000, 14.825, 14.300,  0.525,  0.800,  1.000,  0.800,0.00000,  0.000,
mon_rep231013,2023-10-13T11:30:21,3113.270,  0.400,1,0,247, 25.000, 14.525,  0.000,-23.077, 13.525, 13.800,  0.000, 14.825, 14.300,  0.525,  0.800,  1.000,  0.800,0.00000,  0.000,
mon_rep231013,2023-10-13T11:30:21,3113.670,  0.400,1,0,247, 25.000, 14.525,  0.000,-23.077, 13.525, 13.800,  0.000, 14.825, 14.300,  0.525,  0.800,  1.000,  0.800,0.00000,  0.000,
mon_rep231013,2023-10-13T11:30:22,3114.070,  0.400,1,0,247, 25.000, 14.525,  0.000,-23.077, 13.525, 13.800,  0.000, 14.825, 14.300,  0.525,  0.800,  1.000,  0.800,0.00000,  0.000,
mon_rep231013,2023-10-13T11:30:22,3114.470,  0.400,1,0,247, 25.000, 14.525,  0.000,-23.077, 13.525, 13.800,  0.000, 14.825, 14.300,  0.525,  0.800,  1.000,  0.800,0.00000,  0.000,
mon_rep231013,2023-10-13T11:30:22,3114.870,  0.400,1,0,247, 25.000, 14.525,  0.000,-23.077, 13.525, 13.800,  0.000, 14.825, 14.300,  0.525,  0.800,  1.000,  0.800,0.00000,  0.000,
mon_rep231013,2023-10-13T11:30:23,3115.270,  0.400,1,0,247, 25.000, 14.525,  0.000,-23.077, 13.525, 13.800,  0.000, 14.825, 14.300,  0.525,  0.800,  1.000,  0.800,0.00000,  0.000,
mon_rep231013,2023-10-13T11:30:23,3115.670,  0.400,1,0,247, 25.000, 14.525,  0.000,-23.077, 13.525, 13.800,  0.000, 14.825, 14.300,  0.525,  0.800,  1.000,  0.800,0.00000,  0.000,
mon_rep231013,2023-10-13T11:30:24,3116.070,  0.400,1,0,247, 25.000, 14.525,  0.000,-23.077, 13.525, 13.800,  0.000, 14.825, 14.300,  0.525,  0.800,  1.000,  0.800,0.00000,  0.000,
mon_rep231013,2023-10-13T11:30:24,3116.470,  0.400,1,0,247, 25.000, 14.525,  0.000,-23.077, 13.525, 13.800,  0.000, 14.825, 14.300,  0.525,  0.800,  1.000,  0.800,0.00000,  0.000,
mon_rep231013,2023-10-13T11:30:24,3116.870,  0.400,1,0,247, 25.000, 14.525,  0.000,-23.077, 13.525, 13.800,  0.000, 14.825, 14.300,  0.525,  0.800,  1.000,  0.800,0.00000,  0.000,
mon_rep231013,2023-10-13T11:30:25,3117.270,  0.400,1,0,247, 25.000, 14.525,  0.000,-23.077, 13.525, 13.800,  0.000, 14.825, 14.300,  0.525,  0.800,  1.000,  0.800,0.00000,  0.000,
mon_rep231013,2023-10-13T11:30:25,3117.670,  0.400,1,0,247, 25.000, 14.525,  0.000,-23.077, 13.525, 13.800,  0.000, 14.825, 14.300,  0.525,  0.800,  1.000,  0.800,0.00000,  0.000,
mon_rep231013,2023-10-13T11:30:26,3118.070,  0.400,1,0,247, 25.000, 14.525,  0.000,-23.077, 13.525, 13.800,  0.000, 14.825, 14.300,  0.525,  0.800,  1.000,  0.800,0.00000,  0.000,
mon_rep231013,2023-10-13T11:30:26,3118.470,  0.400,1,0,247, 25.000, 14.525,  0.000,-23.077, 13.525, 13.800,  0.000, 14.825, 14.300,  0.525,  0.800,  1.000,  0.800,0.00000,  0.000,
mon_rep231013,2023-10-13T11:30:26,3118.870,  0.400,1,0,247, 25.000, 14.525,  0.000,-23.077, 13.525, 13.800,  0.000, 14.825, 14.300,  0.525,  0.800,  1.000,  0.800,0.00000,  0.000,
mon_rep231013,2023-10-13T11:30:27,3119.270,  0.400,1,0,247, 25.000, 14.525,  0.000,-23.077, 13.525, 13.800,  0.000, 14.825, 14.300,  0.525,  0.800,  1.000,  0.800,0.00000,  0.000,
mon_rep231013,2023-10-13T11:30:27,3119.670,  0.400,1,0,247, 25.000, 14.525,  0.000,-23.077, 13.525, 13.800,  0.000, 14.825, 14.300,  0.525,  0.800,  1.000,  0.800,0.00000,  0.000,
mon_rep231013,2023-10-13T11:30:28,3120.070,  0.400,1,0,247, 25.000, 14.525,  0.000,-23.077, 13.525, 13.800,  0.000, 14.825, 14.300,  0.525,  0.800,  1.000,  0.800,0.00000,  0.000,
mon_rep231013,2023-10-13T11:30:28,3120.470,  0.400,1,0,247, 25.000, 14.525,  0.000,-23.077, 13.525, 13.800,  0.000, 14.825, 14.300,  0.525,  0.800,  1.000,  0.800,0.00000,  0.000,
mon_rep231013,2023-10-13T11:30:28,3120.870,  0.400,1,0,247, 25.000, 14.525,  0.000,-23.077, 13.525, 13.800,  0.000, 14.825, 14.300,  0.525,  0.800,  1.000,  0.800,0.00000,  0.000,
mon_rep231013,2023-10-13T11:30:29,3121.270,  0.400,1,0,247, 25.000, 14.525,  0.000,-23.077, 13.525, 13.800,  0.000, 14.825, 14.300,  0.525,  0.800,  1.000,  0.800,0.00000,  0.000,
mon_rep231013,2023-10-13T11:30:29,3121.670,  0.400,1,0,247, 25.000, 14.525,  0.000,-23.077, 13.525, 13.800,  0.000, 14.825, 14.300,  0.525,  0.800,  1.000,  0.800,0.00000,  0.000,
mon_rep231013,2023-10-13T11:30:30,3122.070,  0.400,1,0,247, 25.000, 14.525,  0.000,-23.077, 13.525, 13.800,  0.000, 14.825, 14.300,  0.525,  0.800,  1.000,  0.800,0.00000,  0.000,
mon_rep231013,2023-10-13T11:30:30,3122.470,  0.400,1,0,247, 25.000, 14.525,  0.000,-23.077, 13.525, 13.800,  0.000, 14.825, 14.300,  0.525,  0.800,  1.000,  0.800,0.00000,  0.000,
mon_rep231013,2023-10-13T11:30:30,3122.870,  0.400,1,0,247, 25.000, 14.525,  0.000,-23.077, 13.525, 13.800,  0.000, 14.825, 14.300,  0.525,  0.800,  1.000,  0.800,0.00000,  0.000,
mon_rep231013,2023-10-13T11:30:31,3123.270,  0.400,1,0,247, 25.000, 14.525,  0.000,-23.077, 13.525, 13.800,  0.000, 14.825, 14.300,  0.525,  0.800,  1.000,  0.800,0.00000,  0.000,
mon_rep231013,2023-10-13T11:30:31,3123.670,  0.400,1,0,247, 25.000, 14.525,  0.000,-23.077, 13.525, 13.800,  0.000, 14.825, 14.300,  0.525,  0.800,  1.000,  0.800,0.00000,  0.000,
mon_rep231013,2023-10-13T11:30:32,3124.070,  0.400,1,0,247, 25.000, 14.525,  0.000,-23.077, 13.525, 13.800,  0.000, 14.825, 14.300,  0.525,  0.800,  1.000,  0.800,0.00000,  0.000,
mon_rep231013,2023-10-13T11:30:32,3124.470,  0.400,1,0,247, 25.000, 14.525,  0.000,-23.077, 13.525, 13.800,  0.000, 14.825, 14.300,  0.525,  0.800,  1.000,  0.800,0.00000,  0.000,
mon_rep231013,2023-10-13T11:30:32,3124.870,  0.400,1,0,247, 25.000, 14.525,  0.000,-23.077, 13.525, 13.800,  0.000, 14.825, 14.300,  0.525,  0.800,  1.000,  0.800,0.00000,  0.000,
mon_rep231013,2023-10-13T11:30:33,3125.270,  0.400,1,0,247, 25.000, 14.525,  0.000,-23.077, 13.525, 13.800,  0.000, 14.825, 14.300,  0.525,  0.800,  1.000,  0.800,0.00000,  0.000,
mon_rep231013,2023-10-13T11:30:33,3125.670,  0.400,1,0,247, 25.000, 14.525,  0.000,-23.077, 13.525, 13.800,  0.000, 14.825, 14.300,  0.525,  0.800,  1.000,  0.800,0.00000,  0.000,
mon_rep231013,2023-10-13T11:30:34,3126.070,  0.400,1,0,247, 25.000, 14.525,  0.000,-23.077, 13.525, 13.800,  0.000, 14.825, 14.300,  0.525,  0.800,  1.000,  0.800,0.00000,  0.000,
mon_rep231013,2023-10-13T11:30:34,3126.470,  0.400,1,0,247, 25.000, 14.525,  0.000,-23.077, 13.525, 13.800,  0.000, 14.825, 14.300,  0.525,  0.800,  1.000,  0.800,0.00000,  0.000,
mon_rep231013,2023-10-13T11:30:34,3126.870,  0.400,1,0,247, 25.000, 14.525,  0.000,-23.077, 13.525, 13.800,  0.000, 14.825, 14.300,  0.525,  0.800,  1.000,  0.800,0.00000,  0.000,
mon_rep231013,2023-10-13T11:30:35,3127.270,  0.400,1,0,247, 25.000, 14.525,  0.000,-23.077, 13.525, 13.800,  0.000, 14.825, 14.300,  0.525,  0.800,  1.000,  0.800,0.00000,  0.000,
mon_rep231013,2023-10-13T11:30:35,3127.670,  0.400,1,0,247, 25.000, 14.525,  0.000,-23.077, 13.525, 13.800,  0.000, 14.825, 14.300,  0.525,  0.800,  1.000,  0.800,0.00000,  0.000,
mon_rep231013,2023-10-13T11:30:36,3128.070,  0.400,1,0,247, 25.000, 14.525,  0.000,-23.077, 13.525, 13.800,  0.000, 14.825, 14.300,  0.525,  0.800,  1.000,  0.800,0.00000,  0.000,
mon_rep231013,2023-10-13T11:30:36,3128.470,  0.400,1,0,247, 25.000, 14.525,  0.000,-23.077, 13.525, 13.800,  0.000, 14.825, 14.300,  0.525,  0.800,  1.000,  0.800,0.00000,  0.000,
mon_rep231013,2023-10-13T11:30:36,3128.870,  0.400,1,0,247, 25.000, 14.525,  0.000,-23.077, 13.525, 13.800,  0.000, 14.825, 14.300,  0.525,  0.800,  1.000,  0.800,0.00000,  0.000,
mon_rep231013,2023-10-13T11:30:37,3129.270,  0.400,1,0,247, 25.000, 14.525,  0.000,-23.077, 13.525, 13.800,  0.000, 14.825, 14.300,  0.525,  0.800,  1.000,  0.800,0.00000,  0.000,
mon_rep231013,2023-10-13T11:30:37,3129.670,  0.400,1,0,247, 25.000, 14.525,  0.000,-23.077, 13.525, 13.800,  0.000, 14.825, 14.300,  0.525,  0.800,  1.000,  0.800,0.00000,  0.000,
mon_rep231013,2023-10-13T11:30:38,3130.070,  0.400,1,0,247, 25.000, 14.525,  0.000,-23.077, 13.525, 13.800,  0.000, 14.825, 14.300,  0.525,  0.800,  1.000,  0.800,0.00000,  0.000,
mon_rep231013,2023-10-13T11:30:38,3130.470,  0.400,1,0,247, 25.000, 14.525,  0.000,-23.077, 13.525, 13.800,  0.000, 14.825, 14.300,  0.525,  0.800,  1.000,  0.800,0.00000,  0.000,
mon_rep231013,2023-10-13T11:30:38,3130.870,  0.400,1,0,247, 25.000, 14.525,  0.000,-23.077, 13.525, 13.800,  0.000, 14.825, 14.300,  0.525,  0.800,  1.000,  0.800,0.00000,  0.000,
mon_rep231013,2023-10-13T11:30:39,3131.270,  0.400,1,0,247, 25.000, 14.525,  0.000,-23.077, 13.525, 13.800,  0.000, 14.825, 14.300,  0.525,  0.800,  1.000,  0.800,0.00000,  0.000,
mon_rep231013,2023-10-13T11:30:39,3131.670,  0.400,1,0,247, 25.000, 14.525,  0.000,-23.077, 13.525, 13.800,  0.000, 14.825, 14.300,  0.525,  0.800,  1.000,  0.800,0.00000,  0.000,
mon_rep231013,2023-10-13T11:30:40,3132.070,  0.400,1,0,247, 25.000, 14.525,  0.000,-23.077, 13.525, 13.800,  0.000, 14.825, 14.300,  0.525,  0.800,  1.000,  0.800,0.00000,  0.000,
mon_rep231013,2023-10-13T11:30:40,3132.470,  0.400,1,0,247, 25.000, 14.525,  0.000,-23.077, 13.525, 13.800,  0.000, 14.825, 14.300,  0.525,  0.800,  1.000,  0.800,0.00000,  0.000,
mon_rep231013,2023-10-13T11:30:40,3132.870,  0.400,1,0,247, 25.000, 14.525,  0.000,-23.077, 13.525, 13.800,  0.000, 14.825, 14.300,  0.525,  0.800,  1.000,  0.800,0.00000,  0.000,
mon_rep231013,2023-10-13T11:30:41,3133.270,  0.400,1,0,247, 25.000, 14.525,  0.000,-23.077, 13.525, 13.800,  0.000, 14.825, 14.300,  0.525,  0.800,  1.000,  0.800,0.00000,  0.000,
mon_rep231013,2023-10-13T11:30:41,3133.670,  0.400,1,0,247, 25.000, 14.525,  0.000,-23.077, 13.525, 13.800,  0.000, 14.825, 14.300,  0.525,  0.800,  1.000,  0.800,0.00000,  0.000,
mon_rep231013,2023-10-13T11:30:42,3134.070,  0.400,1,0,247, 25.000, 14.525,  0.000,-23.077, 13.525, 13.800,  0.000, 14.825, 14.300,  0.525,  0.800,  1.000,  0.800,0.00000,  0.000,
mon_rep231013,2023-10-13T11:30:42,3134.470,  0.400,1,0,247, 25.000, 14.525,  0.000,-23.077, 13.525, 13.800,  0.000, 14.825, 14.300,  0.525,  0.800,  1.000,  0.800,0.00000,  0.000,
mon_rep231013,2023-10-13T11:30:42,3134.870,  0.400,1,0,247, 25.000, 14.525,  0.000,-23.077, 13.525, 13.800,  0.000, 14.825, 14.300,  0.525,  0.800,  1.000,  0.800,0.00000,  0.000,
mon_rep231013,2023-10-13T11:30:43,3135.270,  0.400,1,0,247, 25.000, 14.525,  0.000,-23.077, 13.525, 13.800,  0.000, 14.825, 14.300,  0.525,  0.800,  1.000,  0.800,0.00000,  0.000,
mon_rep231013,2023-10-13T11:30:43,3135.670,  0.400,1,0,247, 25.000, 14.525,  0.000,-23.077, 13.525, 13.800,  0.000, 14.825, 14.300,  0.525,  0.800,  1.000,  0.800,0.00000,  0.000,
mon_rep231013,2023-10-13T11:30:44,3136.070,  0.400,1,0,247, 25.000, 14.525,  0.000,-23.077, 13.525, 13.800,  0.000, 14.825, 14.300,  0.525,  0.800,  1.000,  0.800,0.00000,  0.000,
mon_rep231013,2023-10-13T11:30:44,3136.470,  0.400,1,0,247, 25.000, 14.525,  0.000,-23.077, 13.525, 13.800,  0.000, 14.825, 14.300,  0.525,  0.800,  1.000,  0.800,0.00000,  0.000,
mon_rep231013,2023-10-13T11:30:44,3136.870,  0.400,1,0,247, 25.000, 14.525,  0.000,-23.077, 13.525, 13.800,  0.000, 14.825, 14.300,  0.525,  0.800,  1.000,  0.800,0.00000,  0.000,
mon_rep231013,2023-10-13T11:30:45,3137.270,  0.400,1,0,247, 25.000, 14.525,  0.000,-23.077, 13.525, 13.800,  0.000, 14.825, 14.300,  0.525,  0.800,  1.000,  0.800,0.00000,  0.000,
mon_rep231013,2023-10-13T11:30:45,3137.670,  0.400,1,0,247, 25.000, 14.525,  0.000,-23.077, 13.525, 13.800,  0.000, 14.825, 14.300,  0.525,  0.800,  1.000,  0.800,0.00000,  0.000,
mon_rep231013,2023-10-13T11:30:46,3138.070,  0.400,1,0,247, 25.000, 14.525,  0.000,-23.077, 13.525, 13.800,  0.000, 14.825, 14.300,  0.525,  0.800,  1.000,  0.800,0.00000,  0.000,
mon_rep231013,2023-10-13T11:30:46,3138.470,  0.400,1,0,247, 25.000, 14.525,  0.000,-23.077, 13.525, 13.800,  0.000, 14.825, 14.300,  0.525,  0.800,  1.000,  0.800,0.00000,  0.000,
mon_rep231013,2023-10-13T11:30:46,3138.870,  0.400,1,0,247, 25.000, 14.525,  0.000,-23.077, 13.525, 13.800,  0.000, 14.825, 14.300,  0.525,  0.800,  1.000,  0.800,0.00000,  0.000,
mon_rep231013,2023-10-13T11:30:47,3139.270,  0.400,1,0,247, 25.000, 14.525,  0.000,-23.077, 13.525, 13.800,  0.000, 14.825, 14.300,  0.525,  0.800,  1.000,  0.800,0.00000,  0.000,
mon_rep231013,2023-10-13T11:30:47,3139.670,  0.400,1,0,247, 25.000, 14.525,  0.000,-23.077, 13.525, 13.800,  0.000, 14.825, 14.300,  0.525,  0.800,  1.000,  0.800,0.00000,  0.000,
mon_rep231013,2023-10-13T11:30:48,3140.070,  0.400,1,0,247, 25.000, 14.525,  0.000,-23.077, 13.525, 13.800,  0.000, 14.825, 14.300,  0.525,  0.800,  1.000,  0.800,0.00000,  0.000,
mon_rep231013,2023-10-13T11:30:48,3140.470,  0.400,1,0,247, 25.000, 14.525,  0.000,-23.077, 13.525, 13.800,  0.000, 14.825, 14.300,  0.525,  0.800,  1.000,  0.800,0.00000,  0.000,
mon_rep231013,2023-10-13T11:30:48,3140.870,  0.400,1,0,247, 25.000, 14.525,  0.000,-23.077, 13.525, 13.800,  0.000, 14.825, 14.300,  0.525,  0.800,  1.000,  0.800,0.00000,  0.000,
mon_rep231013,2023-10-13T11:30:49,3141.270,  0.400,1,0,247, 25.000, 14.525,  0.000,-23.077, 13.525, 13.800,  0.000, 14.825, 14.300,  0.525,  0.800,  1.000,  0.800,0.00000,  0.000,
mon_rep231013,2023-10-13T11:30:49,3141.670,  0.400,1,0,247, 25.000, 14.525,  0.000,-23.077, 13.525, 13.800,  0.000, 14.825, 14.300,  0.525,  0.800,  1.000,  0.800,0.00000,  0.000,
mon_rep231013,2023-10-13T11:30:50,3142.070,  0.400,1,0,247, 25.000, 14.525,  0.000,-23.077, 13.525, 13.800,  0.000, 14.825, 14.300,  0.525,  0.800,  1.000,  0.800,0.00000,  0.000,
mon_rep231013,2023-10-13T11:30:50,3142.470,  0.400,1,0,247, 25.000, 14.525,  0.000,-23.077, 13.525, 13.800,  0.000, 14.825, 14.300,  0.525,  0.800,  1.000,  0.800,0.00000,  0.000,
mon_rep231013,2023-10-13T11:30:50,3142.870,  0.400,1,0,247, 25.000, 14.525,  0.000,-23.077, 13.525, 13.800,  0.000, 14.825, 14.300,  0.525,  0.800,  1.000,  0.800,0.00000,  0.000,
mon_rep231013,2023-10-13T11:30:51,3143.270,  0.400,1,0,247, 25.000, 14.525,  0.000,-23.077, 13.525, 13.800,  0.000, 14.825, 14.300,  0.525,  0.800,  1.000,  0.800,0.00000,  0.000,
mon_rep231013,2023-10-13T11:30:51,3143.670,  0.400,1,0,247, 25.000, 14.525,  0.000,-23.077, 13.525, 13.800,  0.000, 14.825, 14.300,  0.525,  0.800,  1.000,  0.800,0.00000,  0.000,
mon_rep231013,2023-10-13T11:30:52,3144.070,  0.400,1,0,247, 25.000, 14.525,  0.000,-23.077, 13.525, 13.800,  0.000, 14.825, 14.300,  0.525,  0.800,  1.000,  0.800,0.00000,  0.000,
mon_rep231013,2023-10-13T11:30:52,3144.470,  0.400,1,0,247, 25.000, 14.525,  0.000,-23.077, 13.525, 13.800,  0.000, 14.825, 14.300,  0.525,  0.800,  1.000,  0.800,0.00000,  0.000,
mon_rep231013,2023-10-13T11:30:52,3144.870,  0.400,1,0,247, 25.000, 14.525,  0.000,-23.077, 13.525, 13.800,  0.000, 14.825, 14.300,  0.525,  0.800,  1.000,  0.800,0.00000,  0.000,
mon_rep231013,2023-10-13T11:30:53,3145.270,  0.400,1,0,247, 25.000, 14.525,  0.000,-23.077, 13.525, 13.800,  0.000, 14.825, 14.300,  0.525,  0.800,  1.000,  0.800,0.00000,  0.000,
mon_rep231013,2023-10-13T11:30:53,3145.670,  0.400,1,0,247, 25.000, 14.525,  0.000,-23.077, 13.525, 13.800,  0.000, 14.825, 14.300,  0.525,  0.800,  1.000,  0.800,0.00000,  0.000,
mon_rep231013,2023-10-13T11:30:54,3146.070,  0.400,1,0,247, 25.000, 14.525,  0.000,-23.077, 13.525, 13.800,  0.000, 14.825, 14.300,  0.525,  0.800,  1.000,  0.800,0.00000,  0.000,
mon_rep231013,2023-10-13T11:30:54,3146.470,  0.400,1,0,247, 25.000, 14.525,  0.000,-23.077, 13.525, 13.800,  0.000, 14.825, 14.300,  0.525,  0.800,  1.000,  0.800,0.00000,  0.000,
mon_rep231013,2023-10-13T11:30:54,3146.870,  0.400,1,0,247, 25.000, 14.525,  0.000,-23.077, 13.525, 13.800,  0.000, 14.825, 14.300,  0.525,  0.800,  1.000,  0.800,0.00000,  0.000,
mon_rep231013,2023-10-13T11:30:55,3147.270,  0.400,1,0,247, 25.000, 14.525,  0.000,-23.077, 13.525, 13.800,  0.000, 14.825, 14.300,  0.525,  0.800,  1.000,  0.800,0.00000,  0.000,
mon_rep231013,2023-10-13T11:30:55,3147.670,  0.400,1,0,247, 25.000, 14.525,  0.000,-23.077, 13.525, 13.800,  0.000, 14.825, 14.300,  0.525,  0.800,  1.000,  0.800,0.00000,  0.000,
mon_rep231013,2023-10-13T11:30:56,3148.070,  0.400,1,0,247, 25.000, 14.525,  0.000,-23.077, 13.525, 13.800,  0.000, 14.825, 14.300,  0.525,  0.800,  1.000,  0.800,0.00000,  0.000,
mon_rep231013,2023-10-13T11:30:56,3148.470,  0.400,1,0,247, 25.000, 14.525,  0.000,-23.077, 13.525, 13.800,  0.000, 14.825, 14.300,  0.525,  0.800,  1.000,  0.800,0.00000,  0.000,
mon_rep231013,2023-10-13T11:30:56,3148.870,  0.400,1,0,247, 25.000, 14.525,  0.000,-23.077, 13.525, 13.800,  0.000, 14.825, 14.300,  0.525,  0.800,  1.000,  0.800,0.00000,  0.000,
mon_rep231013,2023-10-13T11:30:57,3149.270,  0.400,1,0,247, 25.000, 14.525,  0.000,-23.077, 13.525, 13.800,  0.000, 14.825, 14.300,  0.525,  0.800,  1.000,  0.800,0.00000,  0.000,
mon_rep231013,2023-10-13T11:30:57,3149.670,  0.400,1,0,247, 25.000, 14.525,  0.000,-23.077, 13.525, 13.800,  0.000, 14.825, 14.300,  0.525,  0.800,  1.000,  0.800,0.00000,  0.000,
mon_rep231013,2023-10-13T11:30:58,3150.070,  0.400,1,0,247, 25.000, 14.525,  0.000,-23.077, 13.525, 13.800,  0.000, 14.825, 14.300,  0.525,  0.800,  1.000,  0.800,0.00000,  0.000,
mon_rep231013,2023-10-13T11:30:58,3150.470,  0.400,1,0,247, 25.000, 14.525,  0.000,-23.077, 13.525, 13.800,  0.000, 14.825, 14.300,  0.525,  0.800,  1.000,  0.800,0.00000,  0.000,
mon_rep231013,2023-10-13T11:30:58,3150.870,  0.400,1,0,247, 25.000, 14.525,  0.000,-23.077, 13.525, 13.800,  0.000, 14.825, 14.300,  0.525,  0.800,  1.000,  0.800,0.00000,  0.000,
mon_rep231013,2023-10-13T11:30:59,3151.270,  0.400,1,0,247, 25.000, 14.525,  0.000,-23.077, 13.525, 13.800,  0.000, 14.825, 14.300,  0.525,  0.800,  1.000,  0.800,0.00000,  0.000,
mon_rep231013,2023-10-13T11:30:59,3151.670,  0.400,1,0,247, 25.000, 14.525,  0.000,-23.077, 13.525, 13.800,  0.000, 14.825, 14.300,  0.525,  0.800,  1.000,  0.800,0.00000,  0.000,
mon_rep231013,2023-10-13T11:31:00,3152.070,  0.400,1,0,247, 25.000, 14.525,  0.000,-23.077, 13.525, 13.800,  0.000, 14.825, 14.300,  0.525,  0.800,  1.000,  0.800,0.00000,  0.000,
mon_rep231013,2023-10-13T11:31:00,3152.470,  0.400,1,0,247, 25.000, 14.525,  0.000,-23.077, 13.525, 13.800,  0.000, 14.825, 14.300,  0.525,  0.800,  1.000,  0.800,0.00000,  0.000,
mon_rep231013,2023-10-13T11:31:00,3152.870,  0.400,1,0,247, 25.000, 14.525,  0.000,-23.077, 13.525, 13.800,  0.000, 14.825, 14.300,  0.525,  0.800,  1.000,  0.800,0.00000,  0.000,
mon_rep231013,2023-10-13T11:31:01,3153.270,  0.400,1,0,247, 25.000, 14.525,  0.000,-23.077, 13.525, 13.800,  0.000, 14.825, 14.300,  0.525,  0.800,  1.000,  0.800,0.00000,  0.000,
mon_rep231013,2023-10-13T11:31:01,3153.670,  0.400,1,0,247, 25.000, 14.525,  0.000,-23.077, 13.525, 13.800,  0.000, 14.825, 14.300,  0.525,  0.800,  1.000,  0.800,0.00000,  0.000,
mon_rep231013,2023-10-13T11:31:02,3154.070,  0.400,1,0,247, 25.000, 14.525,  0.000,-23.077, 13.525, 13.800,  0.000, 14.825, 14.300,  0.525,  0.800,  1.000,  0.800,0.00000,  0.000,
mon_rep231013,2023-10-13T11:31:02,3154.470,  0.400,1,0,247, 25.000, 14.525,  0.000,-23.077, 13.525, 13.800,  0.000, 14.825, 14.300,  0.525,  0.800,  1.000,  0.800,0.00000,  0.000,
mon_rep231013,2023-10-13T11:31:02,3154.870,  0.400,1,0,247, 25.000, 14.525,  0.000,-23.077, 13.525, 13.800,  0.000, 14.825, 14.300,  0.525,  0.800,  1.000,  0.800,0.00000,  0.000,
mon_rep231013,2023-10-13T11:31:03,3155.270,  0.400,1,0,247, 25.000, 14.525,  0.000,-23.077, 13.525, 13.800,  0.000, 14.825, 14.300,  0.525,  0.800,  1.000,  0.800,0.00000,  0.000,
mon_rep231013,2023-10-13T11:31:03,3155.670,  0.400,1,0,247, 25.000, 14.525,  0.000,-23.077, 13.525, 13.800,  0.000, 14.825, 14.300,  0.525,  0.800,  1.000,  0.800,0.00000,  0.000,
mon_rep231013,2023-10-13T11:31:04,3156.070,  0.400,1,0,247, 25.000, 14.525,  0.000,-23.077, 13.525, 13.800,  0.000, 14.825, 14.300,  0.525,  0.800,  1.000,  0.800,0.00000,  0.000,
mon_rep231013,2023-10-13T11:31:04,3156.470,  0.400,1,0,247, 25.000, 14.525,  0.000,-23.077, 13.525, 13.800,  0.000, 14.825, 14.300,  0.525,  0.800,  1.000,  0.800,0.00000,  0.000,
mon_rep231013,2023-10-13T11:31:04,3156.870,  0.400,1,0,247, 25.000, 14.525,  0.000,-23.077, 13.525, 13.800,  0.000, 14.825, 14.300,  0.525,  0.800,  1.000,  0.800,0.00000,  0.000,
mon_rep231013,2023-10-13T11:31:05,3157.270,  0.400,1,0,247, 25.000, 14.525,  0.000,-23.077, 13.525, 13.800,  0.000, 14.825, 14.300,  0.525,  0.800,  1.000,  0.800,0.00000,  0.000,
mon_rep231013,2023-10-13T11:31:05,3157.670,  0.400,1,0,247, 25.000, 14.525,  0.000,-23.077, 13.525, 13.800,  0.000, 14.825, 14.300,  0.525,  0.800,  1.000,  0.800,0.00000,  0.000,
mon_rep231013,2023-10-13T11:31:06,3158.070,  0.400,1,0,247, 25.000, 14.525,  0.000,-23.077, 13.525, 13.800,  0.000, 14.825, 14.300,  0.525,  0.800,  1.000,  0.800,0.00000,  0.000,
mon_rep231013,2023-10-13T11:31:06,3158.470,  0.400,1,0,247, 25.000, 14.525,  0.000,-23.077, 13.525, 13.800,  0.000, 14.825, 14.300,  0.525,  0.800,  1.000,  0.800,0.00000,  0.000,
mon_rep231013,2023-10-13T11:31:06,3158.870,  0.400,1,0,247, 25.000, 14.525,  0.000,-23.077, 13.525, 13.800,  0.000, 14.825, 14.300,  0.525,  0.800,  1.000,  0.800,0.00000,  0.000,
mon_rep231013,2023-10-13T11:31:07,3159.270,  0.400,1,0,247, 25.000, 14.525,  0.000,-23.077, 13.525, 13.800,  0.000, 14.825, 14.300,  0.525,  0.800,  1.000,  0.800,0.00000,  0.000,
mon_rep231013,2023-10-13T11:31:07,3159.670,  0.400,1,0,247, 25.000, 14.525,  0.000,-23.077, 13.525, 13.800,  0.000, 14.825, 14.300,  0.525,  0.800,  1.000,  0.800,0.00000,  0.000,
mon_rep231013,2023-10-13T11:31:08,3160.070,  0.400,1,0,247, 25.000, 14.525,  0.000,-23.077, 13.525, 13.800,  0.000, 14.825, 14.300,  0.525,  0.800,  1.000,  0.800,0.00000,  0.000,
mon_rep231013,2023-10-13T11:31:08,3160.470,  0.400,1,0,247, 25.000, 14.525,  0.000,-23.077, 13.525, 13.800,  0.000, 14.825, 14.300,  0.525,  0.800,  1.000,  0.800,0.00000,  0.000,
mon_rep231013,2023-10-13T11:31:08,3160.870,  0.400,1,0,247, 25.000, 14.525,  0.000,-23.077, 13.525, 13.800,  0.000, 14.825, 14.300,  0.525,  0.800,  1.000,  0.800,0.00000,  0.000,
mon_rep231013,2023-10-13T11:31:09,3161.270,  0.400,1,0,247, 25.000, 14.525,  0.000,-23.077, 13.525, 13.800,  0.000, 14.825, 14.300,  0.525,  0.800,  1.000,  0.800,0.00000,  0.000,
mon_rep231013,2023-10-13T11:31:09,3161.670,  0.400,1,0,247, 25.000, 14.525,  0.000,-23.077, 13.525, 13.800,  0.000, 14.825, 14.300,  0.525,  0.800,  1.000,  0.800,0.00000,  0.000,
mon_rep231013,2023-10-13T11:31:10,3162.070,  0.400,1,0,247, 25.000, 14.525,  0.000,-23.077, 13.525, 13.800,  0.000, 14.825, 14.300,  0.525,  0.800,  1.000,  0.800,0.00000,  0.000,
mon_rep231013,2023-10-13T11:31:10,3162.470,  0.400,1,0,247, 25.000, 14.525,  0.000,-23.077, 13.525, 13.800,  0.000, 14.825, 14.300,  0.525,  0.800,  1.000,  0.800,0.00000,  0.000,
mon_rep231013,2023-10-13T11:31:10,3162.870,  0.400,1,0,247, 25.000, 14.525,  0.000,-23.077, 13.525, 13.800,  0.000, 14.825, 14.300,  0.525,  0.800,  1.000,  0.800,0.00000,  0.000,
mon_rep231013,2023-10-13T11:31:11,3163.270,  0.400,1,0,247, 25.000, 14.525,  0.000,-23.077, 13.525, 13.800,  0.000, 14.825, 14.300,  0.525,  0.800,  1.000,  0.800,0.00000,  0.000,
mon_rep231013,2023-10-13T11:31:11,3163.670,  0.400,1,0,247, 25.000, 14.525,  0.000,-23.077, 13.525, 13.800,  0.000, 14.825, 14.300,  0.525,  0.800,  1.000,  0.800,0.00000,  0.000,
mon_rep231013,2023-10-13T11:31:12,3164.070,  0.400,1,0,247, 25.000, 14.525,  0.000,-23.077, 13.525, 13.800,  0.000, 14.825, 14.300,  0.525,  0.800,  1.000,  0.800,0.00000,  0.000,
mon_rep231013,2023-10-13T11:31:12,3164.470,  0.400,1,0,247, 25.000, 14.525,  0.000,-23.077, 13.525, 13.800,  0.000, 14.825, 14.300,  0.525,  0.800,  1.000,  0.800,0.00000,  0.000,
mon_rep231013,2023-10-13T11:31:12,3164.870,  0.400,1,0,247, 25.000, 14.525,  0.000,-23.077, 13.525, 13.800,  0.000, 14.825, 14.300,  0.525,  0.800,  1.000,  0.800,0.00000,  0.000,
mon_rep231013,2023-10-13T11:31:13,3165.270,  0.400,1,0,247, 25.000, 14.525,  0.000,-23.077, 13.525, 13.800,  0.000, 14.825, 14.300,  0.525,  0.800,  1.000,  0.800,0.00000,  0.000,
mon_rep231013,2023-10-13T11:31:13,3165.670,  0.400,1,0,247, 25.000, 14.525,  0.000,-23.077, 13.525, 13.800,  0.000, 14.825, 14.300,  0.525,  0.800,  1.000,  0.800,0.00000,  0.000,
mon_rep231013,2023-10-13T11:31:14,3166.070,  0.400,1,0,247, 25.000, 14.525,  0.000,-23.077, 13.525, 13.800,  0.000, 14.825, 14.300,  0.525,  0.800,  1.000,  0.800,0.00000,  0.000,
mon_rep231013,2023-10-13T11:31:14,3166.470,  0.400,1,0,247, 25.000, 14.525,  0.000,-23.077, 13.525, 13.800,  0.000, 14.825, 14.300,  0.525,  0.800,  1.000,  0.800,0.00000,  0.000,
mon_rep231013,2023-10-13T11:31:14,3166.870,  0.400,1,0,247, 25.000, 14.525,  0.000,-23.077, 13.525, 13.800,  0.000, 14.825, 14.300,  0.525,  0.800,  1.000,  0.800,0.00000,  0.000,
mon_rep231013,2023-10-13T11:31:15,3167.270,  0.400,1,0,247, 25.000, 14.525,  0.000,-23.077, 13.525, 13.800,  0.000, 14.825, 14.300,  0.525,  0.800,  1.000,  0.800,0.00000,  0.000,
mon_rep231013,2023-10-13T11:31:15,3167.670,  0.400,1,0,247, 25.000, 14.525,  0.000,-23.077, 13.525, 13.800,  0.000, 14.825, 14.300,  0.525,  0.800,  1.000,  0.800,0.00000,  0.000,
mon_rep231013,2023-10-13T11:31:16,3168.070,  0.400,1,0,247, 25.000, 14.525,  0.000,-23.077, 13.525, 13.800,  0.000, 14.825, 14.300,  0.525,  0.800,  1.000,  0.800,0.00000,  0.000,
mon_rep231013,2023-10-13T11:31:16,3168.470,  0.400,1,0,247, 25.000, 14.525,  0.000,-23.077, 13.525, 13.800,  0.000, 14.825, 14.300,  0.525,  0.800,  1.000,  0.800,0.00000,  0.000,
mon_rep231013,2023-10-13T11:31:16,3168.870,  0.400,1,0,247, 25.000, 14.525,  0.000,-23.077, 13.525, 13.800,  0.000, 14.825, 14.300,  0.525,  0.800,  1.000,  0.800,0.00000,  0.000,
mon_rep231013,2023-10-13T11:31:17,3169.270,  0.400,1,0,247, 25.000, 14.525,  0.000,-23.077, 13.525, 13.800,  0.000, 14.825, 14.300,  0.525,  0.800,  1.000,  0.800,0.00000,  0.000,
mon_rep231013,2023-10-13T11:31:17,3169.670,  0.400,1,0,247, 25.000, 14.525,  0.000,-23.077, 13.525, 13.800,  0.000, 14.825, 14.300,  0.525,  0.800,  1.000,  0.800,0.00000,  0.000,
mon_rep231013,2023-10-13T11:31:18,3170.070,  0.400,1,0,247, 25.000, 14.525,  0.000,-23.077, 13.525, 13.800,  0.000, 14.825, 14.300,  0.525,  0.800,  1.000,  0.800,0.00000,  0.000,
mon_rep231013,2023-10-13T11:31:18,3170.470,  0.400,1,0,247, 25.000, 14.525,  0.000,-23.077, 13.525, 13.800,  0.000, 14.825, 14.300,  0.525,  0.800,  1.000,  0.800,0.00000,  0.000,
mon_rep231013,2023-10-13T11:31:18,3170.870,  0.400,1,0,247, 25.000, 14.525,  0.000,-23.077, 13.525, 13.800,  0.000, 14.825, 14.300,  0.525,  0.800,  1.000,  0.800,0.00000,  0.000,
mon_rep231013,2023-10-13T11:31:19,3171.270,  0.400,1,0,247, 25.000, 14.525,  0.000,-23.077, 13.525, 13.800,  0.000, 14.825, 14.300,  0.525,  0.800,  1.000,  0.800,0.00000,  0.000,
mon_rep231013,2023-10-13T11:31:19,3171.670,  0.400,1,0,247, 25.000, 14.525,  0.000,-23.077, 13.525, 13.800,  0.000, 14.825, 14.300,  0.525,  0.800,  1.000,  0.800,0.00000,  0.000,
mon_rep231013,2023-10-13T11:31:20,3172.070,  0.400,1,0,247, 25.000, 14.525,  0.000,-23.077, 13.525, 13.800,  0.000, 14.825, 14.300,  0.525,  0.800,  1.000,  0.800,0.00000,  0.000,
mon_rep231013,2023-10-13T11:31:20,3172.470,  0.400,1,0,247, 25.000, 14.525,  0.000,-23.077, 13.525, 13.800,  0.000, 14.825, 14.300,  0.525,  0.800,  1.000,  0.800,0.00000,  0.000,
mon_rep231013,2023-10-13T11:31:20,3172.870,  0.400,1,0,247, 25.000, 14.525,  0.000,-23.077, 13.525, 13.800,  0.000, 14.825, 14.300,  0.525,  0.800,  1.000,  0.800,0.00000,  0.000,
mon_rep231013,2023-10-13T11:31:21,3173.270,  0.400,1,0,247, 25.000, 14.525,  0.000,-23.077, 13.525, 13.800,  0.000, 14.825, 14.300,  0.525,  0.800,  1.000,  0.800,0.00000,  0.000,
mon_rep231013,2023-10-13T11:31:21,3173.670,  0.400,1,0,247, 25.000, 14.525,  0.000,-23.077, 13.525, 13.800,  0.000, 14.825, 14.300,  0.525,  0.800,  1.000,  0.800,0.00000,  0.000,
mon_rep231013,2023-10-13T11:31:22,3174.070,  0.400,1,0,247, 25.000, 14.525,  0.000,-23.077, 13.525, 13.800,  0.000, 14.825, 14.300,  0.525,  0.800,  1.000,  0.800,0.00000,  0.000,
mon_rep231013,2023-10-13T11:31:22,3174.470,  0.400,1,0,247, 25.000, 14.525,  0.000,-23.077, 13.525, 13.800,  0.000, 14.825, 14.300,  0.525,  0.800,  1.000,  0.800,0.00000,  0.000,
mon_rep231013,2023-10-13T11:31:22,3174.870,  0.400,1,0,247, 25.000, 14.525,  0.000,-23.077, 13.525, 13.800,  0.000, 14.825, 14.300,  0.525,  0.800,  1.000,  0.800,0.00000,  0.000,
mon_rep231013,2023-10-13T11:31:23,3175.270,  0.400,1,0,247, 25.000, 14.525,  0.000,-23.077, 13.525, 13.800,  0.000, 14.825, 14.300,  0.525,  0.800,  1.000,  0.800,0.00000,  0.000,
mon_rep231013,2023-10-13T11:31:23,3175.670,  0.400,1,0,247, 25.000, 14.525,  0.000,-23.077, 13.525, 13.800,  0.000, 14.825, 14.300,  0.525,  0.800,  1.000,  0.800,0.00000,  0.000,
mon_rep231013,2023-10-13T11:31:24,3176.070,  0.400,1,0,247, 25.000, 14.525,  0.000,-23.077, 13.525, 13.800,  0.000, 14.825, 14.300,  0.525,  0.800,  1.000,  0.800,0.00000,  0.000,
mon_rep231013,2023-10-13T11:31:24,3176.470,  0.400,1,0,247, 25.000, 14.525,  0.000,-23.077, 13.525, 13.800,  0.000, 14.825, 14.300,  0.525,  0.800,  1.000,  0.800,0.00000,  0.000,
mon_rep231013,2023-10-13T11:31:24,3176.870,  0.400,1,0,247, 25.000, 14.525,  0.000,-23.077, 13.525, 13.800,  0.000, 14.825, 14.300,  0.525,  0.800,  1.000,  0.800,0.00000,  0.000,
mon_rep231013,2023-10-13T11:31:25,3177.270,  0.400,1,0,247, 25.000, 14.525,  0.000,-23.077, 13.525, 13.800,  0.000, 14.825, 14.300,  0.525,  0.800,  1.000,  0.800,0.00000,  0.000,
mon_rep231013,2023-10-13T11:31:25,3177.670,  0.400,1,0,247, 25.000, 14.525,  0.000,-23.077, 13.525, 13.800,  0.000, 14.825, 14.300,  0.525,  0.800,  1.000,  0.800,0.00000,  0.000,
mon_rep231013,2023-10-13T11:31:26,3178.070,  0.400,1,0,247, 25.000, 14.525,  0.000,-23.077, 13.525, 13.800,  0.000, 14.825, 14.300,  0.525,  0.800,  1.000,  0.800,0.00000,  0.000,
mon_rep231013,2023-10-13T11:31:26,3178.470,  0.400,1,0,247, 25.000, 14.525,  0.000,-23.077, 13.525, 13.800,  0.000, 14.825, 14.300,  0.525,  0.800,  1.000,  0.800,0.00000,  0.000,
mon_rep231013,2023-10-13T11:31:26,3178.870,  0.400,1,0,247, 25.000, 14.525,  0.000,-23.077, 13.525, 13.800,  0.000, 14.825, 14.300,  0.525,  0.800,  1.000,  0.800,0.00000,  0.000,
mon_rep231013,2023-10-13T11:31:27,3179.270,  0.400,1,0,247, 25.000, 14.525,  0.000,-23.077, 13.525, 13.800,  0.000, 14.825, 14.300,  0.525,  0.800,  1.000,  0.800,0.00000,  0.000,
mon_rep231013,2023-10-13T11:31:27,3179.670,  0.400,1,0,247, 25.000, 14.525,  0.000,-23.077, 13.525, 13.800,  0.000, 14.825, 14.300,  0.525,  0.800,  1.000,  0.800,0.00000,  0.000,
mon_rep231013,2023-10-13T11:31:28,3180.070,  0.400,1,0,247, 25.000, 14.525,  0.000,-23.077, 13.525, 13.800,  0.000, 14.825, 14.300,  0.525,  0.800,  1.000,  0.800,0.00000,  0.000,
mon_rep231013,2023-10-13T11:31:28,3180.470,  0.400,1,0,247, 25.000, 14.525,  0.000,-23.077, 13.525, 13.800,  0.000, 14.825, 14.300,  0.525,  0.800,  1.000,  0.800,0.00000,  0.000,
mon_rep231013,2023-10-13T11:31:28,3180.870,  0.400,1,0,247, 25.000, 14.525,  0.000,-23.077, 13.525, 13.800,  0.000, 14.825, 14.300,  0.525,  0.800,  1.000,  0.800,0.00000,  0.000,
mon_rep231013,2023-10-13T11:31:29,3181.270,  0.400,1,0,247, 25.000, 14.525,  0.000,-23.077, 13.525, 13.800,  0.000, 14.825, 14.300,  0.525,  0.800,  1.000,  0.800,0.00000,  0.000,
mon_rep231013,2023-10-13T11:31:29,3181.670,  0.400,1,0,247, 25.000, 14.525,  0.000,-23.077, 13.525, 13.800,  0.000, 14.825, 14.300,  0.525,  0.800,  1.000,  0.800,0.00000,  0.000,
mon_rep231013,2023-10-13T11:31:30,3182.070,  0.400,1,0,247, 25.000, 14.525,  0.000,-23.077, 13.525, 13.800,  0.000, 14.825, 14.300,  0.525,  0.800,  1.000,  0.800,0.00000,  0.000,
mon_rep231013,2023-10-13T11:31:30,3182.470,  0.400,1,0,247, 25.000, 14.525,  0.000,-23.077, 13.525, 13.800,  0.000, 14.825, 14.300,  0.525,  0.800,  1.000,  0.800,0.00000,  0.000,
mon_rep231013,2023-10-13T11:31:30,3182.870,  0.400,1,0,247, 25.000, 14.525,  0.000,-23.077, 13.525, 13.800,  0.000, 14.825, 14.300,  0.525,  0.800,  1.000,  0.800,0.00000,  0.000,
mon_rep231013,2023-10-13T11:31:31,3183.270,  0.400,1,0,247, 25.000, 14.525,  0.000,-23.077, 13.525, 13.800,  0.000, 14.825, 14.300,  0.525,  0.800,  1.000,  0.800,0.00000,  0.000,
mon_rep231013,2023-10-13T11:31:31,3183.670,  0.400,1,0,247, 25.000, 14.525,  0.000,-23.077, 13.525, 13.800,  0.000, 14.825, 14.300,  0.525,  0.800,  1.000,  0.800,0.00000,  0.000,
mon_rep231013,2023-10-13T11:31:32,3184.070,  0.400,1,0,247, 25.000, 14.525,  0.000,-23.077, 13.525, 13.800,  0.000, 14.825, 14.300,  0.525,  0.800,  1.000,  0.800,0.00000,  0.000,
mon_rep231013,2023-10-13T11:31:32,3184.470,  0.400,1,0,247, 25.000, 14.525,  0.000,-23.077, 13.525, 13.800,  0.000, 14.825, 14.300,  0.525,  0.800,  1.000,  0.800,0.00000,  0.000,
mon_rep231013,2023-10-13T11:31:32,3184.870,  0.400,1,0,247, 25.000, 14.525,  0.000,-23.077, 13.525, 13.800,  0.000, 14.825, 14.300,  0.525,  0.800,  1.000,  0.800,0.00000,  0.000,
mon_rep231013,2023-10-13T11:31:33,3185.270,  0.400,1,0,247, 25.000, 14.525,  0.000,-23.077, 13.525, 13.800,  0.000, 14.825, 14.300,  0.525,  0.800,  1.000,  0.800,0.00000,  0.000,
mon_rep231013,2023-10-13T11:31:33,3185.670,  0.400,1,0,247, 25.000, 14.525,  0.000,-23.077, 13.525, 13.800,  0.000, 14.825, 14.300,  0.525,  0.800,  1.000,  0.800,0.00000,  0.000,
mon_rep231013,2023-10-13T11:31:34,3186.070,  0.400,1,0,247, 25.000, 14.525,  0.000,-23.077, 13.525, 13.800,  0.000, 14.825, 14.300,  0.525,  0.800,  1.000,  0.800,0.00000,  0.000,
mon_rep231013,2023-10-13T11:31:34,3186.470,  0.400,1,0,247, 25.000, 14.525,  0.000,-23.077, 13.525, 13.800,  0.000, 14.825, 14.300,  0.525,  0.800,  1.000,  0.800,0.00000,  0.000,
mon_rep231013,2023-10-13T11:31:34,3186.870,  0.400,1,0,247, 25.000, 14.525,  0.000,-23.077, 13.525, 13.800,  0.000, 14.825, 14.300,  0.525,  0.800,  1.000,  0.800,0.00000,  0.000,
mon_rep231013,2023-10-13T11:31:35,3187.270,  0.400,1,0,247, 25.000, 14.525,  0.000,-23.077, 13.525, 13.800,  0.000, 14.825, 14.300,  0.525,  0.800,  1.000,  0.800,0.00000,  0.000,
mon_rep231013,2023-10-13T11:31:35,3187.670,  0.400,1,0,247, 25.000, 14.525,  0.000,-23.077, 13.525, 13.800,  0.000, 14.825, 14.300,  0.525,  0.800,  1.000,  0.800,0.00000,  0.000,
mon_rep231013,2023-10-13T11:31:36,3188.070,  0.400,1,0,247, 25.000, 14.525,  0.000,-23.077, 13.525, 13.800,  0.000, 14.825, 14.300,  0.525,  0.800,  1.000,  0.800,0.00000,  0.000,
mon_rep231013,2023-10-13T11:31:36,3188.470,  0.400,1,0,247, 25.000, 14.525,  0.000,-23.077, 13.525, 13.800,  0.000, 14.825, 14.300,  0.525,  0.800,  1.000,  0.800,0.00000,  0.000,
mon_rep231013,2023-10-13T11:31:36,3188.870,  0.400,1,0,247, 25.000, 14.525,  0.000,-23.077, 13.525, 13.800,  0.000, 14.825, 14.300,  0.525,  0.800,  1.000,  0.800,0.00000,  0.000,
mon_rep231013,2023-10-13T11:31:37,3189.270,  0.400,1,0,247, 25.000, 14.525,  0.000,-23.077, 13.525, 13.800,  0.000, 14.825, 14.300,  0.525,  0.800,  1.000,  0.800,0.00000,  0.000,
mon_rep231013,2023-10-13T11:31:37,3189.670,  0.400,1,0,247, 25.000, 14.525,  0.000,-23.077, 13.525, 13.800,  0.000, 14.825, 14.300,  0.525,  0.800,  1.000,  0.800,0.00000,  0.000,
mon_rep231013,2023-10-13T11:31:38,3190.070,  0.400,1,0,247, 25.000, 14.525,  0.000,-23.077, 13.525, 13.800,  0.000, 14.825, 14.300,  0.525,  0.800,  1.000,  0.800,0.00000,  0.000,
mon_rep231013,2023-10-13T11:31:38,3190.470,  0.400,1,0,247, 25.000, 14.525,  0.000,-23.077, 13.525, 13.800,  0.000, 14.825, 14.300,  0.525,  0.800,  1.000,  0.800,0.00000,  0.000,
mon_rep231013,2023-10-13T11:31:38,3190.870,  0.400,1,0,247, 25.000, 14.525,  0.000,-23.077, 13.525, 13.800,  0.000, 14.825, 14.300,  0.525,  0.800,  1.000,  0.800,0.00000,  0.000,
mon_rep231013,2023-10-13T11:31:39,3191.270,  0.400,1,0,247, 25.000, 14.525,  0.000,-23.077, 13.525, 13.800,  0.000, 14.825, 14.300,  0.525,  0.800,  1.000,  0.800,0.00000,  0.000,
mon_rep231013,2023-10-13T11:31:39,3191.670,  0.400,1,0,247, 25.000, 14.525,  0.000,-23.077, 13.525, 13.800,  0.000, 14.825, 14.300,  0.525,  0.800,  1.000,  0.800,0.00000,  0.000,
mon_rep231013,2023-10-13T11:31:40,3192.070,  0.400,1,0,247, 25.000, 14.525,  0.000,-23.077, 13.525, 13.800,  0.000, 14.825, 14.300,  0.525,  0.800,  1.000,  0.800,0.00000,  0.000,
mon_rep231013,2023-10-13T11:31:40,3192.470,  0.400,1,0,247, 25.000, 14.525,  0.000,-23.077, 13.525, 13.800,  0.000, 14.825, 14.300,  0.525,  0.800,  1.000,  0.800,0.00000,  0.000,
mon_rep231013,2023-10-13T11:31:40,3192.870,  0.400,1,0,247, 25.000, 14.525,  0.000,-23.077, 13.525, 13.800,  0.000, 14.825, 14.300,  0.525,  0.800,  1.000,  0.800,0.00000,  0.000,
mon_rep231013,2023-10-13T11:31:41,3193.270,  0.400,1,0,247, 25.000, 14.525,  0.000,-23.077, 13.525, 13.800,  0.000, 14.825, 14.300,  0.525,  0.800,  1.000,  0.800,0.00000,  0.000,
mon_rep231013,2023-10-13T11:31:41,3193.670,  0.400,1,0,247, 25.000, 14.525,  0.000,-23.077, 13.525, 13.800,  0.000, 14.825, 14.300,  0.525,  0.800,  1.000,  0.800,0.00000,  0.000,
mon_rep231013,2023-10-13T11:31:42,3194.070,  0.400,1,0,247, 25.000, 14.525,  0.000,-23.077, 13.525, 13.800,  0.000, 14.825, 14.300,  0.525,  0.800,  1.000,  0.800,0.00000,  0.000,
mon_rep231013,2023-10-13T11:31:42,3194.470,  0.400,1,0,247, 25.000, 14.525,  0.000,-23.077, 13.525, 13.800,  0.000, 14.825, 14.300,  0.525,  0.800,  1.000,  0.800,0.00000,  0.000,
mon_rep231013,2023-10-13T11:31:42,3194.870,  0.400,1,0,247, 25.000, 14.525,  0.000,-23.077, 13.525, 13.800,  0.000, 14.825, 14.300,  0.525,  0.800,  1.000,  0.800,0.00000,  0.000,
mon_rep231013,2023-10-13T11:31:43,3195.270,  0.400,1,0,247, 25.000, 14.525,  0.000,-23.077, 13.525, 13.800,  0.000, 14.825, 14.300,  0.525,  0.800,  1.000,  0.800,0.00000,  0.000,
mon_rep231013,2023-10-13T11:31:43,3195.670,  0.400,1,0,247, 25.000, 14.525,  0.000,-23.077, 13.525, 13.800,  0.000, 14.825, 14.300,  0.525,  0.800,  1.000,  0.800,0.00000,  0.000,
mon_rep231013,2023-10-13T11:31:44,3196.070,  0.400,1,0,247, 25.000, 14.525,  0.000,-23.077, 13.525, 13.800,  0.000, 14.825, 14.300,  0.525,  0.800,  1.000,  0.800,0.00000,  0.000,
mon_rep231013,2023-10-13T11:31:44,3196.470,  0.400,1,0,247, 25.000, 14.525,  0.000,-23.077, 13.525, 13.800,  0.000, 14.825, 14.300,  0.525,  0.800,  1.000,  0.800,0.00000,  0.000,
mon_rep231013,2023-10-13T11:31:44,3196.870,  0.400,1,0,247, 25.000, 14.525,  0.000,-23.077, 13.525, 13.800,  0.000, 14.825, 14.300,  0.525,  0.800,  1.000,  0.800,0.00000,  0.000,
mon_rep231013,2023-10-13T11:31:45,3197.270,  0.400,1,0,247, 25.000, 14.525,  0.000,-23.077, 13.525, 13.800,  0.000, 14.825, 14.300,  0.525,  0.800,  1.000,  0.800,0.00000,  0.000,
mon_rep231013,2023-10-13T11:31:45,3197.670,  0.400,1,0,247, 25.000, 14.525,  0.000,-23.077, 13.525, 13.800,  0.000, 14.825, 14.300,  0.525,  0.800,  1.000,  0.800,0.00000,  0.000,
mon_rep231013,2023-10-13T11:31:46,3198.070,  0.400,1,0,247, 25.000, 14.525,  0.000,-23.077, 13.525, 13.800,  0.000, 14.825, 14.300,  0.525,  0.800,  1.000,  0.800,0.00000,  0.000,
mon_rep231013,2023-10-13T11:31:46,3198.470,  0.400,1,0,247, 25.000, 14.525,  0.000,-23.077, 13.525, 13.800,  0.000, 14.825, 14.300,  0.525,  0.800,  1.000,  0.800,0.00000,  0.000,
mon_rep231013,2023-10-13T11:31:46,3198.870,  0.400,1,0,247, 25.000, 14.525,  0.000,-23.077, 13.525, 13.800,  0.000, 14.825, 14.300,  0.525,  0.800,  1.000,  0.800,0.00000,  0.000,
mon_rep231013,2023-10-13T11:31:47,3199.270,  0.400,1,0,247, 25.000, 14.525,  0.000,-23.077, 13.525, 13.800,  0.000, 14.825, 14.300,  0.525,  0.800,  1.000,  0.800,0.00000,  0.000,
mon_rep231013,2023-10-13T11:31:47,3199.670,  0.400,1,0,247, 25.000, 14.525,  0.000,-23.077, 13.525, 13.800,  0.000, 14.825, 14.300,  0.525,  0.800,  1.000,  0.800,0.00000,  0.000,
mon_rep231013,2023-10-13T11:31:48,3200.070,  0.400,1,0,247, 25.000, 14.525,  0.000,-23.077, 13.525, 13.800,  0.000, 14.825, 14.300,  0.525,  0.800,  1.000,  0.800,0.00000,  0.000,
mon_rep231013,2023-10-13T11:31:48,3200.470,  0.400,1,0,247, 25.000, 14.525,  0.000,-23.077, 13.525, 13.800,  0.000, 14.825, 14.300,  0.525,  0.800,  1.000,  0.800,0.00000,  0.000,
mon_rep231013,2023-10-13T11:31:48,3200.870,  0.400,1,0,247, 25.000, 14.525,  0.000,-23.077, 13.525, 13.800,  0.000, 14.825, 14.300,  0.525,  0.800,  1.000,  0.800,0.00000,  0.000,
mon_rep231013,2023-10-13T11:31:49,3201.270,  0.400,1,0,247, 25.000, 14.525,  0.000,-23.077, 13.525, 13.800,  0.000, 14.825, 14.300,  0.525,  0.800,  1.000,  0.800,0.00000,  0.000,
mon_rep231013,2023-10-13T11:31:49,3201.670,  0.400,1,0,247, 25.000, 14.525,  0.000,-23.077, 13.525, 13.800,  0.000, 14.825, 14.300,  0.525,  0.800,  1.000,  0.800,0.00000,  0.000,
mon_rep231013,2023-10-13T11:31:50,3202.070,  0.400,1,0,247, 25.000, 14.525,  0.000,-23.077, 13.525, 13.800,  0.000, 14.825, 14.300,  0.525,  0.800,  1.000,  0.800,0.00000,  0.000,
mon_rep231013,2023-10-13T11:31:50,3202.470,  0.400,1,0,247, 25.000, 14.525,  0.000,-23.077, 13.525, 13.800,  0.000, 14.825, 14.300,  0.525,  0.800,  1.000,  0.800,0.00000,  0.000,
mon_rep231013,2023-10-13T11:31:50,3202.870,  0.400,1,0,247, 25.000, 14.525,  0.000,-23.077, 13.525, 13.800,  0.000, 14.825, 14.300,  0.525,  0.800,  1.000,  0.800,0.00000,  0.000,
mon_rep231013,2023-10-13T11:31:51,3203.270,  0.400,1,0,247, 25.000, 14.525,  0.000,-23.077, 13.525, 13.800,  0.000, 14.825, 14.300,  0.525,  0.800,  1.000,  0.800,0.00000,  0.000,
mon_rep231013,2023-10-13T11:31:51,3203.670,  0.400,1,0,247, 25.000, 14.525,  0.000,-23.077, 13.525, 13.800,  0.000, 14.825, 14.300,  0.525,  0.800,  1.000,  0.800,0.00000,  0.000,
mon_rep231013,2023-10-13T11:31:52,3204.070,  0.400,1,0,247, 25.000, 14.525,  0.000,-23.077, 13.525, 13.800,  0.000, 14.825, 14.300,  0.525,  0.800,  1.000,  0.800,0.00000,  0.000,
mon_rep231013,2023-10-13T11:31:52,3204.470,  0.400,1,0,247, 25.000, 14.525,  0.000,-23.077, 13.525, 13.800,  0.000, 14.825, 14.300,  0.525,  0.800,  1.000,  0.800,0.00000,  0.000,
mon_rep231013,2023-10-13T11:31:52,3204.870,  0.400,1,0,247, 25.000, 14.525,  0.000,-23.077, 13.525, 13.800,  0.000, 14.825, 14.300,  0.525,  0.800,  1.000,  0.800,0.00000,  0.000,
mon_rep231013,2023-10-13T11:31:53,3205.270,  0.400,1,0,247, 25.000, 14.525,  0.000,-23.077, 13.525, 13.800,  0.000, 14.825, 14.300,  0.525,  0.800,  1.000,  0.800,0.00000,  0.000,
mon_rep231013,2023-10-13T11:31:53,3205.670,  0.400,1,0,247, 25.000, 14.525,  0.000,-23.077, 13.525, 13.800,  0.000, 14.825, 14.300,  0.525,  0.800,  1.000,  0.800,0.00000,  0.000,
mon_rep231013,2023-10-13T11:31:54,3206.070,  0.400,1,0,247, 25.000, 14.525,  0.000,-23.077, 13.525, 13.800,  0.000, 14.825, 14.300,  0.525,  0.800,  1.000,  0.800,0.00000,  0.000,
mon_rep231013,2023-10-13T11:31:54,3206.470,  0.400,1,0,247, 25.000, 14.525,  0.000,-23.077, 13.525, 13.800,  0.000, 14.825, 14.300,  0.525,  0.800,  1.000,  0.800,0.00000,  0.000,
mon_rep231013,2023-10-13T11:31:54,3206.870,  0.400,1,0,247, 25.000, 14.525,  0.000,-23.077, 13.525, 13.800,  0.000, 14.825, 14.300,  0.525,  0.800,  1.000,  0.800,0.00000,  0.000,
mon_rep231013,2023-10-13T11:31:55,3207.270,  0.400,1,0,247, 25.000, 14.525,  0.000,-23.077, 13.525, 13.800,  0.000, 14.825, 14.300,  0.525,  0.800,  1.000,  0.800,0.00000,  0.000,
mon_rep231013,2023-10-13T11:31:55,3207.670,  0.400,1,0,247, 25.000, 14.525,  0.000,-23.077, 13.525, 13.800,  0.000, 14.825, 14.300,  0.525,  0.800,  1.000,  0.800,0.00000,  0.000,
mon_rep231013,2023-10-13T11:31:56,3208.070,  0.400,1,0,247, 25.000, 14.525,  0.000,-23.077, 13.525, 13.800,  0.000, 14.825, 14.300,  0.525,  0.800,  1.000,  0.800,0.00000,  0.000,
mon_rep231013,2023-10-13T11:31:56,3208.470,  0.400,1,0,247, 25.000, 14.525,  0.000,-23.077, 13.525, 13.800,  0.000, 14.825, 14.300,  0.525,  0.800,  1.000,  0.800,0.00000,  0.000,
mon_rep231013,2023-10-13T11:31:56,3208.870,  0.400,1,0,247, 25.000, 14.525,  0.000,-23.077, 13.525, 13.800,  0.000, 14.825, 14.300,  0.525,  0.800,  1.000,  0.800,0.00000,  0.000,
mon_rep231013,2023-10-13T11:31:57,3209.270,  0.400,1,0,247, 25.000, 14.525,  0.000,-23.077, 13.525, 13.800,  0.000, 14.825, 14.300,  0.525,  0.800,  1.000,  0.800,0.00000,  0.000,
mon_rep231013,2023-10-13T11:31:57,3209.670,  0.400,1,0,247, 25.000, 14.525,  0.000,-23.077, 13.525, 13.800,  0.000, 14.825, 14.300,  0.525,  0.800,  1.000,  0.800,0.00000,  0.000,
mon_rep231013,2023-10-13T11:31:58,3210.070,  0.400,1,0,247, 25.000, 14.525,  0.000,-23.077, 13.525, 13.800,  0.000, 14.825, 14.300,  0.525,  0.800,  1.000,  0.800,0.00000,  0.000,
mon_rep231013,2023-10-13T11:31:58,3210.470,  0.400,1,0,247, 25.000, 14.525,  0.000,-23.077, 13.525, 13.800,  0.000, 14.825, 14.300,  0.525,  0.800,  1.000,  0.800,0.00000,  0.000,
mon_rep231013,2023-10-13T11:31:58,3210.870,  0.400,1,0,247, 25.000, 14.525,  0.000,-23.077, 13.525, 13.800,  0.000, 14.825, 14.300,  0.525,  0.800,  1.000,  0.800,0.00000,  0.000,
mon_rep231013,2023-10-13T11:31:59,3211.270,  0.400,1,0,247, 25.000, 14.525,  0.000,-23.077, 13.525, 13.800,  0.000, 14.825, 14.300,  0.525,  0.800,  1.000,  0.800,0.00000,  0.000,
mon_rep231013,2023-10-13T11:31:59,3211.670,  0.400,1,0,247, 25.000, 14.525,  0.000,-23.077, 13.525, 13.800,  0.000, 14.825, 14.300,  0.525,  0.800,  1.000,  0.800,0.00000,  0.000,
mon_rep231013,2023-10-13T11:32:00,3212.070,  0.400,1,0,247, 25.000, 14.525,  0.000,-23.077, 13.525, 13.800,  0.000, 14.825, 14.300,  0.525,  0.800,  1.000,  0.800,0.00000,  0.000,
mon_rep231013,2023-10-13T11:32:00,3212.470,  0.400,1,0,247, 25.000, 14.525,  0.000,-23.077, 13.525, 13.800,  0.000, 14.825, 14.300,  0.525,  0.800,  1.000,  0.800,0.00000,  0.000,
mon_rep231013,2023-10-13T11:32:00,3212.870,  0.400,1,0,247, 25.000, 14.525,  0.000,-23.077, 13.525, 13.800,  0.000, 14.825, 14.300,  0.525,  0.800,  1.000,  0.800,0.00000,  0.000,
mon_rep231013,2023-10-13T11:32:01,3213.270,  0.400,1,0,247, 25.000, 14.525,  0.000,-23.077, 13.525, 13.800,  0.000, 14.825, 14.300,  0.525,  0.800,  1.000,  0.800,0.00000,  0.000,
mon_rep231013,2023-10-13T11:32:01,3213.670,  0.400,1,0,247, 25.000, 14.525,  0.000,-23.077, 13.525, 13.800,  0.000, 14.825, 14.300,  0.525,  0.800,  1.000,  0.800,0.00000,  0.000,
mon_rep231013,2023-10-13T11:32:02,3214.070,  0.400,1,0,247, 25.000, 14.525,  0.000,-23.077, 13.525, 13.800,  0.000, 14.825, 14.300,  0.525,  0.800,  1.000,  0.800,0.00000,  0.000,
mon_rep231013,2023-10-13T11:32:02,3214.470,  0.400,1,0,247, 25.000, 14.525,  0.000,-23.077, 13.525, 13.800,  0.000, 14.825, 14.300,  0.525,  0.800,  1.000,  0.800,0.00000,  0.000,
mon_rep231013,2023-10-13T11:32:02,3214.870,  0.400,1,0,247, 25.000, 14.525,  0.000,-23.077, 13.525, 13.800,  0.000, 14.825, 14.300,  0.525,  0.800,  1.000,  0.800,0.00000,  0.000,
mon_rep231013,2023-10-13T11:32:03,3215.270,  0.400,1,0,247, 25.000, 14.525,  0.000,-23.077, 13.525, 13.800,  0.000, 14.825, 14.300,  0.525,  0.800,  1.000,  0.800,0.00000,  0.000,
mon_rep231013,2023-10-13T11:32:03,3215.670,  0.400,1,0,247, 25.000, 14.525,  0.000,-23.077, 13.525, 13.800,  0.000, 14.825, 14.300,  0.525,  0.800,  1.000,  0.800,0.00000,  0.000,
mon_rep231013,2023-10-13T11:32:04,3216.070,  0.400,1,0,247, 25.000, 14.525,  0.000,-23.077, 13.525, 13.800,  0.000, 14.825, 14.300,  0.525,  0.800,  1.000,  0.800,0.00000,  0.000,
mon_rep231013,2023-10-13T11:32:04,3216.470,  0.400,1,0,247, 25.000, 14.525,  0.000,-23.077, 13.525, 13.800,  0.000, 14.825, 14.300,  0.525,  0.800,  1.000,  0.800,0.00000,  0.000,
mon_rep231013,2023-10-13T11:32:04,3216.870,  0.400,1,0,247, 25.000, 14.525,  0.000,-23.077, 13.525, 13.800,  0.000, 14.825, 14.300,  0.525,  0.800,  1.000,  0.800,0.00000,  0.000,
mon_rep231013,2023-10-13T11:32:05,3217.270,  0.400,1,0,247, 25.000, 14.525,  0.000,-23.077, 13.525, 13.800,  0.000, 14.825, 14.300,  0.525,  0.800,  1.000,  0.800,0.00000,  0.000,
mon_rep231013,2023-10-13T11:32:05,3217.670,  0.400,1,0,247, 25.000, 14.525,  0.000,-23.077, 13.525, 13.800,  0.000, 14.825, 14.300,  0.525,  0.800,  1.000,  0.800,0.00000,  0.000,
mon_rep231013,2023-10-13T11:32:06,3218.070,  0.400,1,0,247, 25.000, 14.525,  0.000,-23.077, 13.525, 13.800,  0.000, 14.825, 14.300,  0.525,  0.800,  1.000,  0.800,0.00000,  0.000,
mon_rep231013,2023-10-13T11:32:06,3218.470,  0.400,1,0,247, 25.000, 14.525,  0.000,-23.077, 13.525, 13.800,  0.000, 14.825, 14.300,  0.525,  0.800,  1.000,  0.800,0.00000,  0.000,
mon_rep231013,2023-10-13T11:32:06,3218.870,  0.400,1,0,247, 25.000, 14.525,  0.000,-23.077, 13.525, 13.800,  0.000, 14.825, 14.300,  0.525,  0.800,  1.000,  0.800,0.00000,  0.000,
mon_rep231013,2023-10-13T11:32:07,3219.270,  0.400,1,0,247, 25.000, 14.525,  0.000,-23.077, 13.525, 13.800,  0.000, 14.825, 14.300,  0.525,  0.800,  1.000,  0.800,0.00000,  0.000,
mon_rep231013,2023-10-13T11:32:07,3219.670,  0.400,1,0,247, 25.000, 14.525,  0.000,-23.077, 13.525, 13.800,  0.000, 14.825, 14.300,  0.525,  0.800,  1.000,  0.800,0.00000,  0.000,
mon_rep231013,2023-10-13T11:32:08,3220.070,  0.400,1,0,247, 25.000, 14.525,  0.000,-23.077, 13.525, 13.800,  0.000, 14.825, 14.300,  0.525,  0.800,  1.000,  0.800,0.00000,  0.000,
mon_rep231013,2023-10-13T11:32:08,3220.470,  0.400,1,0,247, 25.000, 14.525,  0.000,-23.077, 13.525, 13.800,  0.000, 14.825, 14.300,  0.525,  0.800,  1.000,  0.800,0.00000,  0.000,
mon_rep231013,2023-10-13T11:32:08,3220.870,  0.400,1,0,247, 25.000, 14.525,  0.000,-23.077, 13.525, 13.800,  0.000, 14.825, 14.300,  0.525,  0.800,  1.000,  0.800,0.00000,  0.000,
mon_rep231013,2023-10-13T11:32:09,3221.270,  0.400,1,0,247, 25.000, 14.525,  0.000,-23.077, 13.525, 13.800,  0.000, 14.825, 14.300,  0.525,  0.800,  1.000,  0.800,0.00000,  0.000,
mon_rep231013,2023-10-13T11:32:09,3221.670,  0.400,1,0,247, 25.000, 14.525,  0.000,-23.077, 13.525, 13.800,  0.000, 14.825, 14.300,  0.525,  0.800,  1.000,  0.800,0.00000,  0.000,
mon_rep231013,2023-10-13T11:32:10,3222.070,  0.400,1,0,247, 25.000, 14.525,  0.000,-23.077, 13.525, 13.800,  0.000, 14.825, 14.300,  0.525,  0.800,  1.000,  0.800,0.00000,  0.000,
mon_rep231013,2023-10-13T11:32:10,3222.470,  0.400,1,0,247, 25.000, 14.525,  0.000,-23.077, 13.525, 13.800,  0.000, 14.825, 14.300,  0.525,  0.800,  1.000,  0.800,0.00000,  0.000,
mon_rep231013,2023-10-13T11:32:10,3222.870,  0.400,1,0,247, 25.000, 14.525,  0.000,-23.077, 13.525, 13.800,  0.000, 14.825, 14.300,  0.525,  0.800,  1.000,  0.800,0.00000,  0.000,
mon_rep231013,2023-10-13T11:32:11,3223.270,  0.400,1,0,247, 25.000, 14.525,  0.000,-23.077, 13.525, 13.800,  0.000, 14.825, 14.300,  0.525,  0.800,  1.000,  0.800,0.00000,  0.000,
mon_rep231013,2023-10-13T11:32:11,3223.670,  0.400,1,0,247, 25.000, 14.525,  0.000,-23.077, 13.525, 13.800,  0.000, 14.825, 14.300,  0.525,  0.800,  1.000,  0.800,0.00000,  0.000,
mon_rep231013,2023-10-13T11:32:12,3224.070,  0.400,1,0,247, 25.000, 14.525,  0.000,-23.077, 13.525, 13.800,  0.000, 14.825, 14.300,  0.525,  0.800,  1.000,  0.800,0.00000,  0.000,
mon_rep231013,2023-10-13T11:32:12,3224.470,  0.400,1,0,247, 25.000, 14.525,  0.000,-23.077, 13.525, 13.800,  0.000, 14.825, 14.300,  0.525,  0.800,  1.000,  0.800,0.00000,  0.000,
mon_rep231013,2023-10-13T11:32:12,3224.870,  0.400,1,0,247, 25.000, 14.525,  0.000,-23.077, 13.525, 13.800,  0.000, 14.825, 14.300,  0.525,  0.800,  1.000,  0.800,0.00000,  0.000,
mon_rep231013,2023-10-13T11:32:13,3225.270,  0.400,1,0,247, 25.000, 14.525,  0.000,-23.077, 13.525, 13.800,  0.000, 14.825, 14.300,  0.525,  0.800,  1.000,  0.800,0.00000,  0.000,
mon_rep231013,2023-10-13T11:32:13,3225.670,  0.400,1,0,247, 25.000, 14.525,  0.000,-23.077, 13.525, 13.800,  0.000, 14.825, 14.300,  0.525,  0.800,  1.000,  0.800,0.00000,  0.000,
mon_rep231013,2023-10-13T11:32:14,3226.070,  0.400,1,0,247, 25.000, 14.525,  0.000,-23.077, 13.525, 13.800,  0.000, 14.825, 14.300,  0.525,  0.800,  1.000,  0.800,0.00000,  0.000,
mon_rep231013,2023-10-13T11:32:14,3226.470,  0.400,1,0,247, 25.000, 14.525,  0.000,-23.077, 13.525, 13.800,  0.000, 14.825, 14.300,  0.525,  0.800,  1.000,  0.800,0.00000,  0.000,
mon_rep231013,2023-10-13T11:32:14,3226.870,  0.400,1,0,247, 25.000, 14.525,  0.000,-23.077, 13.525, 13.800,  0.000, 14.825, 14.300,  0.525,  0.800,  1.000,  0.800,0.00000,  0.000,
mon_rep231013,2023-10-13T11:32:15,3227.270,  0.400,1,0,247, 25.000, 14.525,  0.000,-23.077, 13.525, 13.800,  0.000, 14.825, 14.300,  0.525,  0.800,  1.000,  0.800,0.00000,  0.000,
mon_rep231013,2023-10-13T11:32:15,3227.670,  0.400,1,0,247, 25.000, 14.525,  0.000,-23.077, 13.525, 13.800,  0.000, 14.825, 14.300,  0.525,  0.800,  1.000,  0.800,0.00000,  0.000,
mon_rep231013,2023-10-13T11:32:16,3228.070,  0.400,1,0,247, 25.000, 14.525,  0.000,-23.077, 13.525, 13.800,  0.000, 14.825, 14.300,  0.525,  0.800,  1.000,  0.800,0.00000,  0.000,
mon_rep231013,2023-10-13T11:32:16,3228.470,  0.400,1,0,247, 25.000, 14.525,  0.000,-23.077, 13.525, 13.800,  0.000, 14.825, 14.300,  0.525,  0.800,  1.000,  0.800,0.00000,  0.000,
mon_rep231013,2023-10-13T11:32:16,3228.870,  0.400,1,0,247, 25.000, 14.525,  0.000,-23.077, 13.525, 13.800,  0.000, 14.825, 14.300,  0.525,  0.800,  1.000,  0.800,0.00000,  0.000,
mon_rep231013,2023-10-13T11:32:17,3229.270,  0.400,1,0,247, 25.000, 14.525,  0.000,-23.077, 13.525, 13.800,  0.000, 14.825, 14.300,  0.525,  0.800,  1.000,  0.800,0.00000,  0.000,
mon_rep231013,2023-10-13T11:32:17,3229.670,  0.400,1,0,247, 25.000, 14.525,  0.000,-23.077, 13.525, 13.800,  0.000, 14.825, 14.300,  0.525,  0.800,  1.000,  0.800,0.00000,  0.000,
mon_rep231013,2023-10-13T11:32:18,3230.070,  0.400,1,0,247, 25.000, 14.525,  0.000,-23.077, 13.525, 13.800,  0.000, 14.825, 14.300,  0.525,  0.800,  1.000,  0.800,0.00000,  0.000,
mon_rep231013,2023-10-13T11:32:18,3230.470,  0.400,1,0,247, 25.000, 14.525,  0.000,-23.077, 13.525, 13.800,  0.000, 14.825, 14.300,  0.525,  0.800,  1.000,  0.800,0.00000,  0.000,
mon_rep231013,2023-10-13T11:32:18,3230.870,  0.400,1,0,247, 25.000, 14.525,  0.000,-23.077, 13.525, 13.800,  0.000, 14.825, 14.300,  0.525,  0.800,  1.000,  0.800,0.00000,  0.000,
mon_rep231013,2023-10-13T11:32:19,3231.270,  0.400,1,0,247, 25.000, 14.525,  0.000,-23.077, 13.525, 13.800,  0.000, 14.825, 14.300,  0.525,  0.800,  1.000,  0.800,0.00000,  0.000,
mon_rep231013,2023-10-13T11:32:19,3231.670,  0.400,1,0,247, 25.000, 14.525,  0.000,-23.077, 13.525, 13.800,  0.000, 14.825, 14.300,  0.525,  0.800,  1.000,  0.800,0.00000,  0.000,
mon_rep231013,2023-10-13T11:32:20,3232.070,  0.400,1,0,247, 25.000, 14.525,  0.000,-23.077, 13.525, 13.800,  0.000, 14.825, 14.300,  0.525,  0.800,  1.000,  0.800,0.00000,  0.000,
mon_rep231013,2023-10-13T11:32:20,3232.470,  0.400,1,0,247, 25.000, 14.525,  0.000,-23.077, 13.525, 13.800,  0.000, 14.825, 14.300,  0.525,  0.800,  1.000,  0.800,0.00000,  0.000,
mon_rep231013,2023-10-13T11:32:20,3232.870,  0.400,1,0,247, 25.000, 14.525,  0.000,-23.077, 13.525, 13.800,  0.000, 14.825, 14.300,  0.525,  0.800,  1.000,  0.800,0.00000,  0.000,
mon_rep231013,2023-10-13T11:32:21,3233.270,  0.400,1,0,247, 25.000, 14.525,  0.000,-23.077, 13.525, 13.800,  0.000, 14.825, 14.300,  0.525,  0.800,  1.000,  0.800,0.00000,  0.000,
mon_rep231013,2023-10-13T11:32:21,3233.670,  0.400,1,0,247, 25.000, 14.525,  0.000,-23.077, 13.525, 13.800,  0.000, 14.825, 14.300,  0.525,  0.800,  1.000,  0.800,0.00000,  0.000,
mon_rep231013,2023-10-13T11:32:22,3234.070,  0.400,1,0,247, 25.000, 14.525,  0.000,-23.077, 13.525, 13.800,  0.000, 14.825, 14.300,  0.525,  0.800,  1.000,  0.800,0.00000,  0.000,
mon_rep231013,2023-10-13T11:32:22,3234.470,  0.400,1,0,247, 25.000, 14.525,  0.000,-23.077, 13.525, 13.800,  0.000, 14.825, 14.300,  0.525,  0.800,  1.000,  0.800,0.00000,  0.000,
mon_rep231013,2023-10-13T11:32:22,3234.870,  0.400,1,0,247, 25.000, 14.525,  0.000,-23.077, 13.525, 13.800,  0.000, 14.825, 14.300,  0.525,  0.800,  1.000,  0.800,0.00000,  0.000,
mon_rep231013,2023-10-13T11:32:23,3235.270,  0.400,1,0,247, 25.000, 14.525,  0.000,-23.077, 13.525, 13.800,  0.000, 14.825, 14.300,  0.525,  0.800,  1.000,  0.800,0.00000,  0.000,
mon_rep231013,2023-10-13T11:32:23,3235.670,  0.400,1,0,247, 25.000, 14.525,  0.000,-23.077, 13.525, 13.800,  0.000, 14.825, 14.300,  0.525,  0.800,  1.000,  0.800,0.00000,  0.000,
mon_rep231013,2023-10-13T11:32:24,3236.070,  0.400,1,0,247, 25.000, 14.525,  0.000,-23.077, 13.525, 13.800,  0.000, 14.825, 14.300,  0.525,  0.800,  1.000,  0.800,0.00000,  0.000,
mon_rep231013,2023-10-13T11:32:24,3236.470,  0.400,1,0,247, 25.000, 14.525,  0.000,-23.077, 13.525, 13.800,  0.000, 14.825, 14.300,  0.525,  0.800,  1.000,  0.800,0.00000,  0.000,
mon_rep231013,2023-10-13T11:32:24,3236.870,  0.400,1,0,247, 25.000, 14.525,  0.000,-23.077, 13.525, 13.800,  0.000, 14.825, 14.300,  0.525,  0.800,  1.000,  0.800,0.00000,  0.000,
mon_rep231013,2023-10-13T11:32:25,3237.270,  0.400,1,0,247, 25.000, 14.525,  0.000,-23.077, 13.525, 13.800,  0.000, 14.825, 14.300,  0.525,  0.800,  1.000,  0.800,0.00000,  0.000,
mon_rep231013,2023-10-13T11:32:25,3237.670,  0.400,1,0,247, 25.000, 14.525,  0.000,-23.077, 13.525, 13.800,  0.000, 14.825, 14.300,  0.525,  0.800,  1.000,  0.800,0.00000,  0.000,
mon_rep231013,2023-10-13T11:32:26,3238.070,  0.400,1,0,247, 25.000, 14.525,  0.000,-23.077, 13.525, 13.800,  0.000, 14.825, 14.300,  0.525,  0.800,  1.000,  0.800,0.00000,  0.000,
mon_rep231013,2023-10-13T11:32:26,3238.470,  0.400,1,0,247, 25.000, 14.525,  0.000,-23.077, 13.525, 13.800,  0.000, 14.825, 14.300,  0.525,  0.800,  1.000,  0.800,0.00000,  0.000,
mon_rep231013,2023-10-13T11:32:26,3238.870,  0.400,1,0,247, 25.000, 14.525,  0.000,-23.077, 13.525, 13.800,  0.000, 14.825, 14.300,  0.525,  0.800,  1.000,  0.800,0.00000,  0.000,
mon_rep231013,2023-10-13T11:32:27,3239.270,  0.400,1,0,247, 25.000, 14.525,  0.000,-23.077, 13.525, 13.800,  0.000, 14.825, 14.300,  0.525,  0.800,  1.000,  0.800,0.00000,  0.000,
mon_rep231013,2023-10-13T11:32:27,3239.670,  0.400,1,0,247, 25.000, 14.525,  0.000,-23.077, 13.525, 13.800,  0.000, 14.825, 14.300,  0.525,  0.800,  1.000,  0.800,0.00000,  0.000,
mon_rep231013,2023-10-13T11:32:28,3240.070,  0.400,1,0,247, 25.000, 14.525,  0.000,-23.077, 13.525, 13.800,  0.000, 14.825, 14.300,  0.525,  0.800,  1.000,  0.800,0.00000,  0.000,
mon_rep231013,2023-10-13T11:32:28,3240.470,  0.400,1,0,247, 25.000, 14.525,  0.000,-23.077, 13.525, 13.800,  0.000, 14.825, 14.300,  0.525,  0.800,  1.000,  0.800,0.00000,  0.000,
mon_rep231013,2023-10-13T11:32:28,3240.870,  0.400,1,0,247, 25.000, 14.525,  0.000,-23.077, 13.525, 13.800,  0.000, 14.825, 14.300,  0.525,  0.800,  1.000,  0.800,0.00000,  0.000,
mon_rep231013,2023-10-13T11:32:29,3241.270,  0.400,1,0,247, 25.000, 14.525,  0.000,-23.077, 13.525, 13.800,  0.000, 14.825, 14.300,  0.525,  0.800,  1.000,  0.800,0.00000,  0.000,
mon_rep231013,2023-10-13T11:32:29,3241.670,  0.400,1,0,247, 25.000, 14.525,  0.000,-23.077, 13.525, 13.800,  0.000, 14.825, 14.300,  0.525,  0.800,  1.000,  0.800,0.00000,  0.000,
mon_rep231013,2023-10-13T11:32:30,3242.070,  0.400,1,0,247, 25.000, 14.525,  0.000,-23.077, 13.525, 13.800,  0.000, 14.825, 14.300,  0.525,  0.800,  1.000,  0.800,0.00000,  0.000,
mon_rep231013,2023-10-13T11:32:30,3242.470,  0.400,1,0,247, 25.000, 14.525,  0.000,-23.077, 13.525, 13.800,  0.000, 14.825, 14.300,  0.525,  0.800,  1.000,  0.800,0.00000,  0.000,
mon_rep231013,2023-10-13T11:32:30,3242.870,  0.400,1,0,247, 25.000, 14.525,  0.000,-23.077, 13.525, 13.800,  0.000, 14.825, 14.300,  0.525,  0.800,  1.000,  0.800,0.00000,  0.000,
mon_rep231013,2023-10-13T11:32:31,3243.270,  0.400,1,0,247, 25.000, 14.525,  0.000,-23.077, 13.525, 13.800,  0.000, 14.825, 14.300,  0.525,  0.800,  1.000,  0.800,0.00000,  0.000,
mon_rep231013,2023-10-13T11:32:31,3243.670,  0.400,1,0,247, 25.000, 14.525,  0.000,-23.077, 13.525, 13.800,  0.000, 14.825, 14.300,  0.525,  0.800,  1.000,  0.800,0.00000,  0.000,
mon_rep231013,2023-10-13T11:32:32,3244.070,  0.400,1,0,247, 25.000, 14.525,  0.000,-23.077, 13.525, 13.800,  0.000, 14.825, 14.300,  0.525,  0.800,  1.000,  0.800,0.00000,  0.000,
mon_rep231013,2023-10-13T11:32:32,3244.470,  0.400,1,0,247, 25.000, 14.525,  0.000,-23.077, 13.525, 13.800,  0.000, 14.825, 14.300,  0.525,  0.800,  1.000,  0.800,0.00000,  0.000,
mon_rep231013,2023-10-13T11:32:32,3244.870,  0.400,1,0,247, 25.000, 14.525,  0.000,-23.077, 13.525, 13.800,  0.000, 14.825, 14.300,  0.525,  0.800,  1.000,  0.800,0.00000,  0.000,
mon_rep231013,2023-10-13T11:32:33,3245.270,  0.400,1,0,247, 25.000, 14.525,  0.000,-23.077, 13.525, 13.800,  0.000, 14.825, 14.300,  0.525,  0.800,  1.000,  0.800,0.00000,  0.000,
mon_rep231013,2023-10-13T11:32:33,3245.670,  0.400,1,0,247, 25.000, 14.525,  0.000,-23.077, 13.525, 13.800,  0.000, 14.825, 14.300,  0.525,  0.800,  1.000,  0.800,0.00000,  0.000,
mon_rep231013,2023-10-13T11:32:34,3246.070,  0.400,1,0,247, 25.000, 14.525,  0.000,-23.077, 13.525, 13.800,  0.000, 14.825, 14.300,  0.525,  0.800,  1.000,  0.800,0.00000,  0.000,
mon_rep231013,2023-10-13T11:32:34,3246.470,  0.400,1,0,247, 25.000, 14.525,  0.000,-23.077, 13.525, 13.800,  0.000, 14.825, 14.300,  0.525,  0.800,  1.000,  0.800,0.00000,  0.000,
mon_rep231013,2023-10-13T11:32:34,3246.870,  0.400,1,0,247, 25.000, 14.525,  0.000,-23.077, 13.525, 13.800,  0.000, 14.825, 14.300,  0.525,  0.800,  1.000,  0.800,0.00000,  0.000,
mon_rep231013,2023-10-13T11:32:35,3247.270,  0.400,1,0,247, 25.000, 14.525,  0.000,-23.077, 13.525, 13.800,  0.000, 14.825, 14.300,  0.525,  0.800,  1.000,  0.800,0.00000,  0.000,
mon_rep231013,2023-10-13T11:32:35,3247.670,  0.400,1,0,247, 25.000, 14.525,  0.000,-23.077, 13.525, 13.800,  0.000, 14.825, 14.300,  0.525,  0.800,  1.000,  0.800,0.00000,  0.000,
mon_rep231013,2023-10-13T11:32:36,3248.070,  0.400,1,0,247, 25.000, 14.525,  0.000,-23.077, 13.525, 13.800,  0.000, 14.825, 14.300,  0.525,  0.800,  1.000,  0.800,0.00000,  0.000,
mon_rep231013,2023-10-13T11:32:36,3248.470,  0.400,1,0,247, 25.000, 14.525,  0.000,-23.077, 13.525, 13.800,  0.000, 14.825, 14.300,  0.525,  0.800,  1.000,  0.800,0.00000,  0.000,
mon_rep231013,2023-10-13T11:32:36,3248.870,  0.400,1,0,247, 25.000, 14.525,  0.000,-23.077, 13.525, 13.800,  0.000, 14.825, 14.300,  0.525,  0.800,  1.000,  0.800,0.00000,  0.000,
mon_rep231013,2023-10-13T11:32:37,3249.270,  0.400,1,0,247, 25.000, 14.525,  0.000,-23.077, 13.525, 13.800,  0.000, 14.825, 14.300,  0.525,  0.800,  1.000,  0.800,0.00000,  0.000,
mon_rep231013,2023-10-13T11:32:37,3249.670,  0.400,1,0,247, 25.000, 14.525,  0.000,-23.077, 13.525, 13.800,  0.000, 14.825, 14.300,  0.525,  0.800,  1.000,  0.800,0.00000,  0.000,
mon_rep231013,2023-10-13T11:32:38,3250.070,  0.400,1,0,247, 25.000, 14.525,  0.000,-23.077, 13.525, 13.800,  0.000, 14.825, 14.300,  0.525,  0.800,  1.000,  0.800,0.00000,  0.000,
mon_rep231013,2023-10-13T11:32:38,3250.470,  0.400,1,0,247, 25.000, 14.525,  0.000,-23.077, 13.525, 13.800,  0.000, 14.825, 14.300,  0.525,  0.800,  1.000,  0.800,0.00000,  0.000,
mon_rep231013,2023-10-13T11:32:38,3250.870,  0.400,1,0,247, 25.000, 14.525,  0.000,-23.077, 13.525, 13.800,  0.000, 14.825, 14.300,  0.525,  0.800,  1.000,  0.800,0.00000,  0.000,
mon_rep231013,2023-10-13T11:32:39,3251.270,  0.400,1,0,247, 25.000, 14.525,  0.000,-23.077, 13.525, 13.800,  0.000, 14.825, 14.300,  0.525,  0.800,  1.000,  0.800,0.00000,  0.000,
mon_rep231013,2023-10-13T11:32:39,3251.670,  0.400,1,0,247, 25.000, 14.525,  0.000,-23.077, 13.525, 13.800,  0.000, 14.825, 14.300,  0.525,  0.800,  1.000,  0.800,0.00000,  0.000,
mon_rep231013,2023-10-13T11:32:40,3252.070,  0.400,1,0,247, 25.000, 14.525,  0.000,-23.077, 13.525, 13.800,  0.000, 14.825, 14.300,  0.525,  0.800,  1.000,  0.800,0.00000,  0.000,
mon_rep231013,2023-10-13T11:32:40,3252.470,  0.400,1,0,247, 25.000, 14.525,  0.000,-23.077, 13.525, 13.800,  0.000, 14.825, 14.300,  0.525,  0.800,  1.000,  0.800,0.00000,  0.000,
mon_rep231013,2023-10-13T11:32:40,3252.870,  0.400,1,0,247, 25.000, 14.525,  0.000,-23.077, 13.525, 13.800,  0.000, 14.825, 14.300,  0.525,  0.800,  1.000,  0.800,0.00000,  0.000,
mon_rep231013,2023-10-13T11:32:41,3253.270,  0.400,1,0,247, 25.000, 14.525,  0.000,-23.077, 13.525, 13.800,  0.000, 14.825, 14.300,  0.525,  0.800,  1.000,  0.800,0.00000,  0.000,
mon_rep231013,2023-10-13T11:32:41,3253.670,  0.400,1,0,247, 25.000, 14.525,  0.000,-23.077, 13.525, 13.800,  0.000, 14.825, 14.300,  0.525,  0.800,  1.000,  0.800,0.00000,  0.000,
mon_rep231013,2023-10-13T11:32:42,3254.070,  0.400,1,0,247, 25.000, 14.525,  0.000,-23.077, 13.525, 13.800,  0.000, 14.825, 14.300,  0.525,  0.800,  1.000,  0.800,0.00000,  0.000,
mon_rep231013,2023-10-13T11:32:42,3254.470,  0.400,1,0,247, 25.000, 14.525,  0.000,-23.077, 13.525, 13.800,  0.000, 14.825, 14.300,  0.525,  0.800,  1.000,  0.800,0.00000,  0.000,
mon_rep231013,2023-10-13T11:32:42,3254.870,  0.400,1,0,247, 25.000, 14.525,  0.000,-23.077, 13.525, 13.800,  0.000, 14.825, 14.300,  0.525,  0.800,  1.000,  0.800,0.00000,  0.000,
mon_rep231013,2023-10-13T11:32:43,3255.270,  0.400,1,0,247, 25.000, 14.525,  0.000,-23.077, 13.525, 13.800,  0.000, 14.825, 14.300,  0.525,  0.800,  1.000,  0.800,0.00000,  0.000,
mon_rep231013,2023-10-13T11:32:43,3255.670,  0.400,1,0,247, 25.000, 14.525,  0.000,-23.077, 13.525, 13.800,  0.000, 14.825, 14.300,  0.525,  0.800,  1.000,  0.800,0.00000,  0.000,
mon_rep231013,2023-10-13T11:32:44,3256.070,  0.400,1,0,247, 25.000, 14.525,  0.000,-23.077, 13.525, 13.800,  0.000, 14.825, 14.300,  0.525,  0.800,  1.000,  0.800,0.00000,  0.000,
mon_rep231013,2023-10-13T11:32:44,3256.470,  0.400,1,0,247, 25.000, 14.525,  0.000,-23.077, 13.525, 13.800,  0.000, 14.825, 14.300,  0.525,  0.800,  1.000,  0.800,0.00000,  0.000,
mon_rep231013,2023-10-13T11:32:44,3256.870,  0.400,1,0,247, 25.000, 14.525,  0.000,-23.077, 13.525, 13.800,  0.000, 14.825, 14.300,  0.525,  0.800,  1.000,  0.800,0.00000,  0.000,
mon_rep231013,2023-10-13T11:32:45,3257.270,  0.400,1,0,247, 25.000, 14.525,  0.000,-23.077, 13.525, 13.800,  0.000, 14.825, 14.300,  0.525,  0.800,  1.000,  0.800,0.00000,  0.000,
mon_rep231013,2023-10-13T11:32:45,3257.670,  0.400,1,0,247, 25.000, 14.525,  0.000,-23.077, 13.525, 13.800,  0.000, 14.825, 14.300,  0.525,  0.800,  1.000,  0.800,0.00000,  0.000,
mon_rep231013,2023-10-13T11:32:46,3258.070,  0.400,1,0,247, 25.000, 14.525,  0.000,-23.077, 13.525, 13.800,  0.000, 14.825, 14.300,  0.525,  0.800,  1.000,  0.800,0.00000,  0.000,
mon_rep231013,2023-10-13T11:32:46,3258.470,  0.400,1,0,247, 25.000, 14.525,  0.000,-23.077, 13.525, 13.800,  0.000, 14.825, 14.300,  0.525,  0.800,  1.000,  0.800,0.00000,  0.000,
mon_rep231013,2023-10-13T11:32:46,3258.870,  0.400,1,0,247, 25.000, 14.525,  0.000,-23.077, 13.525, 13.800,  0.000, 14.825, 14.300,  0.525,  0.800,  1.000,  0.800,0.00000,  0.000,
mon_rep231013,2023-10-13T11:32:47,3259.270,  0.400,1,0,247, 25.000, 14.525,  0.000,-23.077, 13.525, 13.800,  0.000, 14.825, 14.300,  0.525,  0.800,  1.000,  0.800,0.00000,  0.000,
mon_rep231013,2023-10-13T11:32:47,3259.670,  0.400,1,0,247, 25.000, 14.525,  0.000,-23.077, 13.525, 13.800,  0.000, 14.825, 14.300,  0.525,  0.800,  1.000,  0.800,0.00000,  0.000,
mon_rep231013,2023-10-13T11:32:48,3260.070,  0.400,1,0,247, 25.000, 14.525,  0.000,-23.077, 13.525, 13.800,  0.000, 14.825, 14.300,  0.525,  0.800,  1.000,  0.800,0.00000,  0.000,
mon_rep231013,2023-10-13T11:32:48,3260.470,  0.400,1,0,247, 25.000, 14.525,  0.000,-23.077, 13.525, 13.800,  0.000, 14.825, 14.300,  0.525,  0.800,  1.000,  0.800,0.00000,  0.000,
mon_rep231013,2023-10-13T11:32:48,3260.870,  0.400,1,0,247, 25.000, 14.525,  0.000,-23.077, 13.525, 13.800,  0.000, 14.825, 14.300,  0.525,  0.800,  1.000,  0.800,0.00000,  0.000,
mon_rep231013,2023-10-13T11:32:49,3261.270,  0.400,1,0,247, 25.000, 14.525,  0.000,-23.077, 13.525, 13.800,  0.000, 14.825, 14.300,  0.525,  0.800,  1.000,  0.800,0.00000,  0.000,
mon_rep231013,2023-10-13T11:32:49,3261.670,  0.400,1,0,247, 25.000, 14.525,  0.000,-23.077, 13.525, 13.800,  0.000, 14.825, 14.300,  0.525,  0.800,  1.000,  0.800,0.00000,  0.000,
mon_rep231013,2023-10-13T11:32:50,3262.070,  0.400,1,0,247, 25.000, 14.525,  0.000,-23.077, 13.525, 13.800,  0.000, 14.825, 14.300,  0.525,  0.800,  1.000,  0.800,0.00000,  0.000,
mon_rep231013,2023-10-13T11:32:50,3262.470,  0.400,1,0,247, 25.000, 14.525,  0.000,-23.077, 13.525, 13.800,  0.000, 14.825, 14.300,  0.525,  0.800,  1.000,  0.800,0.00000,  0.000,
mon_rep231013,2023-10-13T11:32:50,3262.870,  0.400,1,0,247, 25.000, 14.525,  0.000,-23.077, 13.525, 13.800,  0.000, 14.825, 14.300,  0.525,  0.800,  1.000,  0.800,0.00000,  0.000,
mon_rep231013,2023-10-13T11:32:51,3263.270,  0.400,1,0,247, 25.000, 14.525,  0.000,-23.077, 13.525, 13.800,  0.000, 14.825, 14.300,  0.525,  0.800,  1.000,  0.800,0.00000,  0.000,
mon_rep231013,2023-10-13T11:32:51,3263.670,  0.400,1,0,247, 25.000, 14.525,  0.000,-23.077, 13.525, 13.800,  0.000, 14.825, 14.300,  0.525,  0.800,  1.000,  0.800,0.00000,  0.000,
mon_rep231013,2023-10-13T11:32:52,3264.070,  0.400,1,0,247, 25.000, 14.525,  0.000,-23.077, 13.525, 13.800,  0.000, 14.825, 14.300,  0.525,  0.800,  1.000,  0.800,0.00000,  0.000,
mon_rep231013,2023-10-13T11:32:52,3264.470,  0.400,1,0,247, 25.000, 14.525,  0.000,-23.077, 13.525, 13.800,  0.000, 14.825, 14.300,  0.525,  0.800,  1.000,  0.800,0.00000,  0.000,
mon_rep231013,2023-10-13T11:32:52,3264.870,  0.400,1,0,247, 25.000, 14.525,  0.000,-23.077, 13.525, 13.800,  0.000, 14.825, 14.300,  0.525,  0.800,  1.000,  0.800,0.00000,  0.000,
mon_rep231013,2023-10-13T11:32:53,3265.270,  0.400,1,0,247, 25.000, 14.525,  0.000,-23.077, 13.525, 13.800,  0.000, 14.825, 14.300,  0.525,  0.800,  1.000,  0.800,0.00000,  0.000,
mon_rep231013,2023-10-13T11:32:53,3265.670,  0.400,1,0,247, 25.000, 14.525,  0.000,-23.077, 13.525, 13.800,  0.000, 14.825, 14.300,  0.525,  0.800,  1.000,  0.800,0.00000,  0.000,
mon_rep231013,2023-10-13T11:32:54,3266.070,  0.400,1,0,247, 25.000, 14.525,  0.000,-23.077, 13.525, 13.800,  0.000, 14.825, 14.300,  0.525,  0.800,  1.000,  0.800,0.00000,  0.000,
mon_rep231013,2023-10-13T11:32:54,3266.470,  0.400,1,0,247, 25.000, 14.525,  0.000,-23.077, 13.525, 13.800,  0.000, 14.825, 14.300,  0.525,  0.800,  1.000,  0.800,0.00000,  0.000,
mon_rep231013,2023-10-13T11:32:54,3266.870,  0.400,1,0,247, 25.000, 14.525,  0.000,-23.077, 13.525, 13.800,  0.000, 14.825, 14.300,  0.525,  0.800,  1.000,  0.800,0.00000,  0.000,
mon_rep231013,2023-10-13T11:32:55,3267.270,  0.400,1,0,247, 25.000, 14.525,  0.000,-23.077, 13.525, 13.800,  0.000, 14.825, 14.300,  0.525,  0.800,  1.000,  0.800,0.00000,  0.000,
mon_rep231013,2023-10-13T11:32:55,3267.670,  0.400,1,0,247, 25.000, 14.525,  0.000,-23.077, 13.525, 13.800,  0.000, 14.825, 14.300,  0.525,  0.800,  1.000,  0.800,0.00000,  0.000,
mon_rep231013,2023-10-13T11:32:56,3268.070,  0.400,1,0,247, 25.000, 14.525,  0.000,-23.077, 13.525, 13.800,  0.000, 14.825, 14.300,  0.525,  0.800,  1.000,  0.800,0.00000,  0.000,
mon_rep231013,2023-10-13T11:32:56,3268.470,  0.400,1,0,247, 25.000, 14.525,  0.000,-23.077, 13.525, 13.800,  0.000, 14.825, 14.300,  0.525,  0.800,  1.000,  0.800,0.00000,  0.000,
mon_rep231013,2023-10-13T11:32:56,3268.870,  0.400,1,0,247, 25.000, 14.525,  0.000,-23.077, 13.525, 13.800,  0.000, 14.825, 14.300,  0.525,  0.800,  1.000,  0.800,0.00000,  0.000,
mon_rep231013,2023-10-13T11:32:57,3269.270,  0.400,1,0,247, 25.000, 14.525,  0.000,-23.077, 13.525, 13.800,  0.000, 14.825, 14.300,  0.525,  0.800,  1.000,  0.800,0.00000,  0.000,
mon_rep231013,2023-10-13T11:32:57,3269.670,  0.400,1,0,247, 25.000, 14.525,  0.000,-23.077, 13.525, 13.800,  0.000, 14.825, 14.300,  0.525,  0.800,  1.000,  0.800,0.00000,  0.000,
mon_rep231013,2023-10-13T11:32:58,3270.070,  0.400,1,0,247, 25.000, 14.525,  0.000,-23.077, 13.525, 13.800,  0.000, 14.825, 14.300,  0.525,  0.800,  1.000,  0.800,0.00000,  0.000,
mon_rep231013,2023-10-13T11:32:58,3270.470,  0.400,1,0,247, 25.000, 14.525,  0.000,-23.077, 13.525, 13.800,  0.000, 14.825, 14.300,  0.525,  0.800,  1.000,  0.800,0.00000,  0.000,
mon_rep231013,2023-10-13T11:32:58,3270.870,  0.400,1,0,247, 25.000, 14.525,  0.000,-23.077, 13.525, 13.800,  0.000, 14.825, 14.300,  0.525,  0.800,  1.000,  0.800,0.00000,  0.000,
mon_rep231013,2023-10-13T11:32:59,3271.270,  0.400,1,0,247, 25.000, 14.525,  0.000,-23.077, 13.525, 13.800,  0.000, 14.825, 14.300,  0.525,  0.800,  1.000,  0.800,0.00000,  0.000,
mon_rep231013,2023-10-13T11:32:59,3271.670,  0.400,1,0,247, 25.000, 14.525,  0.000,-23.077, 13.525, 13.800,  0.000, 14.825, 14.300,  0.525,  0.800,  1.000,  0.800,0.00000,  0.000,
mon_rep231013,2023-10-13T11:33:00,3272.070,  0.400,1,0,247, 25.000, 14.525,  0.000,-23.077, 13.525, 13.800,  0.000, 14.825, 14.300,  0.525,  0.800,  1.000,  0.800,0.00000,  0.000,
mon_rep231013,2023-10-13T11:33:00,3272.470,  0.400,1,0,247, 25.000, 14.525,  0.000,-23.077, 13.525, 13.800,  0.000, 14.825, 14.300,  0.525,  0.800,  1.000,  0.800,0.00000,  0.000,
mon_rep231013,2023-10-13T11:33:00,3272.870,  0.400,1,0,247, 25.000, 14.525,  0.000,-23.077, 13.525, 13.800,  0.000, 14.825, 14.300,  0.525,  0.800,  1.000,  0.800,0.00000,  0.000,
mon_rep231013,2023-10-13T11:33:01,3273.270,  0.400,1,0,247, 25.000, 14.525,  0.000,-23.077, 13.525, 13.800,  0.000, 14.825, 14.300,  0.525,  0.800,  1.000,  0.800,0.00000,  0.000,
mon_rep231013,2023-10-13T11:33:01,3273.670,  0.400,1,0,247, 25.000, 14.525,  0.000,-23.077, 13.525, 13.800,  0.000, 14.825, 14.300,  0.525,  0.800,  1.000,  0.800,0.00000,  0.000,
mon_rep231013,2023-10-13T11:33:02,3274.070,  0.400,1,0,247, 25.000, 14.525,  0.000,-23.077, 13.525, 13.800,  0.000, 14.825, 14.300,  0.525,  0.800,  1.000,  0.800,0.00000,  0.000,
mon_rep231013,2023-10-13T11:33:02,3274.470,  0.400,1,0,247, 25.000, 14.525,  0.000,-23.077, 13.525, 13.800,  0.000, 14.825, 14.300,  0.525,  0.800,  1.000,  0.800,0.00000,  0.000,
mon_rep231013,2023-10-13T11:33:02,3274.870,  0.400,1,0,247, 25.000, 14.525,  0.000,-23.077, 13.525, 13.800,  0.000, 14.825, 14.300,  0.525,  0.800,  1.000,  0.800,0.00000,  0.000,
mon_rep231013,2023-10-13T11:33:03,3275.270,  0.400,1,0,247, 25.000, 14.525,  0.000,-23.077, 13.525, 13.800,  0.000, 14.825, 14.300,  0.525,  0.800,  1.000,  0.800,0.00000,  0.000,
mon_rep231013,2023-10-13T11:33:03,3275.670,  0.400,1,0,247, 25.000, 14.525,  0.000,-23.077, 13.525, 13.800,  0.000, 14.825, 14.300,  0.525,  0.800,  1.000,  0.800,0.00000,  0.000,
mon_rep231013,2023-10-13T11:33:04,3276.070,  0.400,1,0,247, 25.000, 14.525,  0.000,-23.077, 13.525, 13.800,  0.000, 14.825, 14.300,  0.525,  0.800,  1.000,  0.800,0.00000,  0.000,
mon_rep231013,2023-10-13T11:33:04,3276.470,  0.400,1,0,247, 25.000, 14.525,  0.000,-23.077, 13.525, 13.800,  0.000, 14.825, 14.300,  0.525,  0.800,  1.000,  0.800,0.00000,  0.000,
mon_rep231013,2023-10-13T11:33:04,3276.870,  0.400,1,0,247, 25.000, 14.525,  0.000,-23.077, 13.525, 13.800,  0.000, 14.825, 14.300,  0.525,  0.800,  1.000,  0.800,0.00000,  0.000,
mon_rep231013,2023-10-13T11:33:05,3277.270,  0.400,1,0,247, 25.000, 14.525,  0.000,-23.077, 13.525, 13.800,  0.000, 14.825, 14.300,  0.525,  0.800,  1.000,  0.800,0.00000,  0.000,
mon_rep231013,2023-10-13T11:33:05,3277.670,  0.400,1,0,247, 25.000, 14.525,  0.000,-23.077, 13.525, 13.800,  0.000, 14.825, 14.300,  0.525,  0.800,  1.000,  0.800,0.00000,  0.000,
mon_rep231013,2023-10-13T11:33:06,3278.070,  0.400,1,0,247, 25.000, 14.525,  0.000,-23.077, 13.525, 13.800,  0.000, 14.825, 14.300,  0.525,  0.800,  1.000,  0.800,0.00000,  0.000,
mon_rep231013,2023-10-13T11:33:06,3278.470,  0.400,1,0,247, 25.000, 14.525,  0.000,-23.077, 13.525, 13.800,  0.000, 14.825, 14.300,  0.525,  0.800,  1.000,  0.800,0.00000,  0.000,
mon_rep231013,2023-10-13T11:33:06,3278.870,  0.400,1,0,247, 25.000, 14.525,  0.000,-23.077, 13.525, 13.800,  0.000, 14.825, 14.300,  0.525,  0.800,  1.000,  0.800,0.00000,  0.000,
mon_rep231013,2023-10-13T11:33:07,3279.270,  0.400,1,0,247, 25.000, 14.525,  0.000,-23.077, 13.525, 13.800,  0.000, 14.825, 14.300,  0.525,  0.800,  1.000,  0.800,0.00000,  0.000,
mon_rep231013,2023-10-13T11:33:07,3279.670,  0.400,1,0,247, 25.000, 14.525,  0.000,-23.077, 13.525, 13.800,  0.000, 14.825, 14.300,  0.525,  0.800,  1.000,  0.800,0.00000,  0.000,
mon_rep231013,2023-10-13T11:33:08,3280.070,  0.400,1,0,247, 25.000, 14.525,  0.000,-23.077, 13.525, 13.800,  0.000, 14.825, 14.300,  0.525,  0.800,  1.000,  0.800,0.00000,  0.000,
mon_rep231013,2023-10-13T11:33:08,3280.470,  0.400,1,0,247, 25.000, 14.525,  0.000,-23.077, 13.525, 13.800,  0.000, 14.825, 14.300,  0.525,  0.800,  1.000,  0.800,0.00000,  0.000,
mon_rep231013,2023-10-13T11:33:08,3280.870,  0.400,1,0,247, 25.000, 14.525,  0.000,-23.077, 13.525, 13.800,  0.000, 14.825, 14.300,  0.525,  0.800,  1.000,  0.800,0.00000,  0.000,
mon_rep231013,2023-10-13T11:33:09,3281.270,  0.400,1,0,247, 25.000, 14.525,  0.000,-23.077, 13.525, 13.800,  0.000, 14.825, 14.300,  0.525,  0.800,  1.000,  0.800,0.00000,  0.000,
mon_rep231013,2023-10-13T11:33:09,3281.670,  0.400,1,0,247, 25.000, 14.525,  0.000,-23.077, 13.525, 13.800,  0.000, 14.825, 14.300,  0.525,  0.800,  1.000,  0.800,0.00000,  0.000,
mon_rep231013,2023-10-13T11:33:10,3282.070,  0.400,1,0,247, 25.000, 14.525,  0.000,-23.077, 13.525, 13.800,  0.000, 14.825, 14.300,  0.525,  0.800,  1.000,  0.800,0.00000,  0.000,
mon_rep231013,2023-10-13T11:33:10,3282.470,  0.400,1,0,247, 25.000, 14.525,  0.000,-23.077, 13.525, 13.800,  0.000, 14.825, 14.300,  0.525,  0.800,  1.000,  0.800,0.00000,  0.000,
mon_rep231013,2023-10-13T11:33:10,3282.870,  0.400,1,0,247, 25.000, 14.525,  0.000,-23.077, 13.525, 13.800,  0.000, 14.825, 14.300,  0.525,  0.800,  1.000,  0.800,0.00000,  0.000,
mon_rep231013,2023-10-13T11:33:11,3283.270,  0.400,1,0,247, 25.000, 14.525,  0.000,-23.077, 13.525, 13.800,  0.000, 14.825, 14.300,  0.525,  0.800,  1.000,  0.800,0.00000,  0.000,
mon_rep231013,2023-10-13T11:33:11,3283.670,  0.400,1,0,247, 25.000, 14.525,  0.000,-23.077, 13.525, 13.800,  0.000, 14.825, 14.300,  0.525,  0.800,  1.000,  0.800,0.00000,  0.000,
mon_rep231013,2023-10-13T11:33:12,3284.070,  0.400,1,0,247, 25.000, 14.525,  0.000,-23.077, 13.525, 13.800,  0.000, 14.825, 14.300,  0.525,  0.800,  1.000,  0.800,0.00000,  0.000,
mon_rep231013,2023-10-13T11:33:12,3284.470,  0.400,1,0,247, 25.000, 14.525,  0.000,-23.077, 13.525, 13.800,  0.000, 14.825, 14.300,  0.525,  0.800,  1.000,  0.800,0.00000,  0.000,
mon_rep231013,2023-10-13T11:33:12,3284.870,  0.400,1,0,247, 25.000, 14.525,  0.000,-23.077, 13.525, 13.800,  0.000, 14.825, 14.300,  0.525,  0.800,  1.000,  0.800,0.00000,  0.000,
mon_rep231013,2023-10-13T11:33:13,3285.270,  0.400,1,0,247, 25.000, 14.525,  0.000,-23.077, 13.525, 13.800,  0.000, 14.825, 14.300,  0.525,  0.800,  1.000,  0.800,0.00000,  0.000,
mon_rep231013,2023-10-13T11:33:13,3285.670,  0.400,1,0,247, 25.000, 14.525,  0.000,-23.077, 13.525, 13.800,  0.000, 14.825, 14.300,  0.525,  0.800,  1.000,  0.800,0.00000,  0.000,
mon_rep231013,2023-10-13T11:33:14,3286.070,  0.400,1,0,247, 25.000, 14.525,  0.000,-23.077, 13.525, 13.800,  0.000, 14.825, 14.300,  0.525,  0.800,  1.000,  0.800,0.00000,  0.000,
mon_rep231013,2023-10-13T11:33:14,3286.470,  0.400,1,0,247, 25.000, 14.525,  0.000,-23.077, 13.525, 13.800,  0.000, 14.825, 14.300,  0.525,  0.800,  1.000,  0.800,0.00000,  0.000,
mon_rep231013,2023-10-13T11:33:14,3286.870,  0.400,1,0,247, 25.000, 14.525,  0.000,-23.077, 13.525, 13.800,  0.000, 14.825, 14.300,  0.525,  0.800,  1.000,  0.800,0.00000,  0.000,
mon_rep231013,2023-10-13T11:33:15,3287.270,  0.400,1,0,247, 25.000, 14.525,  0.000,-23.077, 13.525, 13.800,  0.000, 14.825, 14.300,  0.525,  0.800,  1.000,  0.800,0.00000,  0.000,
mon_rep231013,2023-10-13T11:33:15,3287.670,  0.400,1,0,247, 25.000, 14.525,  0.000,-23.077, 13.525, 13.800,  0.000, 14.825, 14.300,  0.525,  0.800,  1.000,  0.800,0.00000,  0.000,
mon_rep231013,2023-10-13T11:33:16,3288.070,  0.400,1,0,247, 25.000, 14.525,  0.000,-23.077, 13.525, 13.800,  0.000, 14.825, 14.300,  0.525,  0.800,  1.000,  0.800,0.00000,  0.000,
mon_rep231013,2023-10-13T11:33:16,3288.470,  0.400,1,0,247, 25.000, 14.525,  0.000,-23.077, 13.525, 13.800,  0.000, 14.825, 14.300,  0.525,  0.800,  1.000,  0.800,0.00000,  0.000,
mon_rep231013,2023-10-13T11:33:16,3288.870,  0.400,1,0,247, 25.000, 14.525,  0.000,-23.077, 13.525, 13.800,  0.000, 14.825, 14.300,  0.525,  0.800,  1.000,  0.800,0.00000,  0.000,
mon_rep231013,2023-10-13T11:33:17,3289.270,  0.400,1,0,247, 25.000, 14.525,  0.000,-23.077, 13.525, 13.800,  0.000, 14.825, 14.300,  0.525,  0.800,  1.000,  0.800,0.00000,  0.000,
mon_rep231013,2023-10-13T11:33:17,3289.670,  0.400,1,0,247, 25.000, 14.525,  0.000,-23.077, 13.525, 13.800,  0.000, 14.825, 14.300,  0.525,  0.800,  1.000,  0.800,0.00000,  0.000,
mon_rep231013,2023-10-13T11:33:18,3290.070,  0.400,1,0,247, 25.000, 14.525,  0.000,-23.077, 13.525, 13.800,  0.000, 14.825, 14.300,  0.525,  0.800,  1.000,  0.800,0.00000,  0.000,
mon_rep231013,2023-10-13T11:33:18,3290.470,  0.400,1,0,247, 25.000, 14.525,  0.000,-23.077, 13.525, 13.800,  0.000, 14.825, 14.300,  0.525,  0.800,  1.000,  0.800,0.00000,  0.000,
mon_rep231013,2023-10-13T11:33:18,3290.870,  0.400,1,0,247, 25.000, 14.525,  0.000,-23.077, 13.525, 13.800,  0.000, 14.825, 14.300,  0.525,  0.800,  1.000,  0.800,0.00000,  0.000,
mon_rep231013,2023-10-13T11:33:19,3291.270,  0.400,1,0,247, 25.000, 14.525,  0.000,-23.077, 13.525, 13.800,  0.000, 14.825, 14.300,  0.525,  0.800,  1.000,  0.800,0.00000,  0.000,
mon_rep231013,2023-10-13T11:33:19,3291.670,  0.400,1,0,247, 25.000, 14.525,  0.000,-23.077, 13.525, 13.800,  0.000, 14.825, 14.300,  0.525,  0.800,  1.000,  0.800,0.00000,  0.000,
mon_rep231013,2023-10-13T11:33:20,3292.070,  0.400,1,0,247, 25.000, 14.525,  0.000,-23.077, 13.525, 13.800,  0.000, 14.825, 14.300,  0.525,  0.800,  1.000,  0.800,0.00000,  0.000,
mon_rep231013,2023-10-13T11:33:20,3292.470,  0.400,1,0,247, 25.000, 14.525,  0.000,-23.077, 13.525, 13.800,  0.000, 14.825, 14.300,  0.525,  0.800,  1.000,  0.800,0.00000,  0.000,
mon_rep231013,2023-10-13T11:33:20,3292.870,  0.400,1,0,247, 25.000, 14.525,  0.000,-23.077, 13.525, 13.800,  0.000, 14.825, 14.300,  0.525,  0.800,  1.000,  0.800,0.00000,  0.000,
mon_rep231013,2023-10-13T11:33:21,3293.270,  0.400,1,0,247, 25.000, 14.525,  0.000,-23.077, 13.525, 13.800,  0.000, 14.825, 14.300,  0.525,  0.800,  1.000,  0.800,0.00000,  0.000,
mon_rep231013,2023-10-13T11:33:21,3293.670,  0.400,1,0,247, 25.000, 14.525,  0.000,-23.077, 13.525, 13.800,  0.000, 14.825, 14.300,  0.525,  0.800,  1.000,  0.800,0.00000,  0.000,
mon_rep231013,2023-10-13T11:33:22,3294.070,  0.400,1,0,247, 25.000, 14.525,  0.000,-23.077, 13.525, 13.800,  0.000, 14.825, 14.300,  0.525,  0.800,  1.000,  0.800,0.00000,  0.000,
mon_rep231013,2023-10-13T11:33:22,3294.470,  0.400,1,0,247, 25.000, 14.525,  0.000,-23.077, 13.525, 13.800,  0.000, 14.825, 14.300,  0.525,  0.800,  1.000,  0.800,0.00000,  0.000,
mon_rep231013,2023-10-13T11:33:22,3294.870,  0.400,1,0,247, 25.000, 14.525,  0.000,-23.077, 13.525, 13.800,  0.000, 14.825, 14.300,  0.525,  0.800,  1.000,  0.800,0.00000,  0.000,
mon_rep231013,2023-10-13T11:33:23,3295.270,  0.400,1,0,247, 25.000, 14.525,  0.000,-23.077, 13.525, 13.800,  0.000, 14.825, 14.300,  0.525,  0.800,  1.000,  0.800,0.00000,  0.000,
mon_rep231013,2023-10-13T11:33:23,3295.670,  0.400,1,0,247, 25.000, 14.525,  0.000,-23.077, 13.525, 13.800,  0.000, 14.825, 14.300,  0.525,  0.800,  1.000,  0.800,0.00000,  0.000,
mon_rep231013,2023-10-13T11:33:24,3296.070,  0.400,1,0,247, 25.000, 14.525,  0.000,-23.077, 13.525, 13.800,  0.000, 14.825, 14.300,  0.525,  0.800,  1.000,  0.800,0.00000,  0.000,
mon_rep231013,2023-10-13T11:33:24,3296.470,  0.400,1,0,247, 25.000, 14.525,  0.000,-23.077, 13.525, 13.800,  0.000, 14.825, 14.300,  0.525,  0.800,  1.000,  0.800,0.00000,  0.000,
mon_rep231013,2023-10-13T11:33:24,3296.870,  0.400,1,0,247, 25.000, 14.525,  0.000,-23.077, 13.525, 13.800,  0.000, 14.825, 14.300,  0.525,  0.800,  1.000,  0.800,0.00000,  0.000,
mon_rep231013,2023-10-13T11:33:25,3297.270,  0.400,1,0,247, 25.000, 14.525,  0.000,-23.077, 13.525, 13.800,  0.000, 14.825, 14.300,  0.525,  0.800,  1.000,  0.800,0.00000,  0.000,
mon_rep231013,2023-10-13T11:33:25,3297.670,  0.400,1,0,247, 25.000, 14.525,  0.000,-23.077, 13.525, 13.800,  0.000, 14.825, 14.300,  0.525,  0.800,  1.000,  0.800,0.00000,  0.000,
mon_rep231013,2023-10-13T11:33:26,3298.070,  0.400,1,0,247, 25.000, 14.525,  0.000,-23.077, 13.525, 13.800,  0.000, 14.825, 14.300,  0.525,  0.800,  1.000,  0.800,0.00000,  0.000,
mon_rep231013,2023-10-13T11:33:26,3298.470,  0.400,1,0,247, 25.000, 14.525,  0.000,-23.077, 13.525, 13.800,  0.000, 14.825, 14.300,  0.525,  0.800,  1.000,  0.800,0.00000,  0.000,
mon_rep231013,2023-10-13T11:33:26,3298.870,  0.400,1,0,247, 25.000, 14.525,  0.000,-23.077, 13.525, 13.800,  0.000, 14.825, 14.300,  0.525,  0.800,  1.000,  0.800,0.00000,  0.000,
mon_rep231013,2023-10-13T11:33:27,3299.270,  0.400,1,0,247, 25.000, 14.525,  0.000,-23.077, 13.525, 13.800,  0.000, 14.825, 14.300,  0.525,  0.800,  1.000,  0.800,0.00000,  0.000,
mon_rep231013,2023-10-13T11:33:27,3299.670,  0.400,1,0,247, 25.000, 14.525,  0.000,-23.077, 13.525, 13.800,  0.000, 14.825, 14.300,  0.525,  0.800,  1.000,  0.800,0.00000,  0.000,
mon_rep231013,2023-10-13T11:33:28,3300.070,  0.400,1,0,247, 25.000, 14.525,  0.000,-23.077, 13.525, 13.800,  0.000, 14.825, 14.300,  0.525,  0.800,  1.000,  0.800,0.00000,  0.000,
mon_rep231013,2023-10-13T11:33:28,3300.470,  0.400,1,0,247, 25.000, 14.525,  0.000,-23.077, 13.525, 13.800,  0.000, 14.825, 14.300,  0.525,  0.800,  1.000,  0.800,0.00000,  0.000,
mon_rep231013,2023-10-13T11:33:28,3300.870,  0.400,1,0,247, 25.000, 14.525,  0.000,-23.077, 13.525, 13.800,  0.000, 14.825, 14.300,  0.525,  0.800,  1.000,  0.800,0.00000,  0.000,
mon_rep231013,2023-10-13T11:33:29,3301.270,  0.400,1,0,247, 25.000, 14.525,  0.000,-23.077, 13.525, 13.800,  0.000, 14.825, 14.300,  0.525,  0.800,  1.000,  0.800,0.00000,  0.000,
mon_rep231013,2023-10-13T11:33:29,3301.670,  0.400,1,0,247, 25.000, 14.525,  0.000,-23.077, 13.525, 13.800,  0.000, 14.825, 14.300,  0.525,  0.800,  1.000,  0.800,0.00000,  0.000,
mon_rep231013,2023-10-13T11:33:30,3302.070,  0.400,1,0,247, 25.000, 14.525,  0.000,-23.077, 13.525, 13.800,  0.000, 14.825, 14.300,  0.525,  0.800,  1.000,  0.800,0.00000,  0.000,
mon_rep231013,2023-10-13T11:33:30,3302.470,  0.400,1,0,247, 25.000, 14.525,  0.000,-23.077, 13.525, 13.800,  0.000, 14.825, 14.300,  0.525,  0.800,  1.000,  0.800,0.00000,  0.000,
mon_rep231013,2023-10-13T11:33:30,3302.870,  0.400,1,0,247, 25.000, 14.525,  0.000,-23.077, 13.525, 13.800,  0.000, 14.825, 14.300,  0.525,  0.800,  1.000,  0.800,0.00000,  0.000,
mon_rep231013,2023-10-13T11:33:31,3303.270,  0.400,1,0,247, 25.000, 14.525,  0.000,-23.077, 13.525, 13.800,  0.000, 14.825, 14.300,  0.525,  0.800,  1.000,  0.800,0.00000,  0.000,
mon_rep231013,2023-10-13T11:33:31,3303.670,  0.400,1,0,247, 25.000, 14.525,  0.000,-23.077, 13.525, 13.800,  0.000, 14.825, 14.300,  0.525,  0.800,  1.000,  0.800,0.00000,  0.000,
mon_rep231013,2023-10-13T11:33:32,3304.070,  0.400,1,0,247, 25.000, 14.525,  0.000,-23.077, 13.525, 13.800,  0.000, 14.825, 14.300,  0.525,  0.800,  1.000,  0.800,0.00000,  0.000,
mon_rep231013,2023-10-13T11:33:32,3304.470,  0.400,1,0,247, 25.000, 14.525,  0.000,-23.077, 13.525, 13.800,  0.000, 14.825, 14.300,  0.525,  0.800,  1.000,  0.800,0.00000,  0.000,
mon_rep231013,2023-10-13T11:33:32,3304.870,  0.400,1,0,247, 25.000, 14.525,  0.000,-23.077, 13.525, 13.800,  0.000, 14.825, 14.300,  0.525,  0.800,  1.000,  0.800,0.00000,  0.000,
mon_rep231013,2023-10-13T11:33:33,3305.270,  0.400,1,0,247, 25.000, 14.525,  0.000,-23.077, 13.525, 13.800,  0.000, 14.825, 14.300,  0.525,  0.800,  1.000,  0.800,0.00000,  0.000,
mon_rep231013,2023-10-13T11:33:33,3305.670,  0.400,1,0,247, 25.000, 14.525,  0.000,-23.077, 13.525, 13.800,  0.000, 14.825, 14.300,  0.525,  0.800,  1.000,  0.800,0.00000,  0.000,
mon_rep231013,2023-10-13T11:33:34,3306.070,  0.400,1,0,247, 25.000, 14.525,  0.000,-23.077, 13.525, 13.800,  0.000, 14.825, 14.300,  0.525,  0.800,  1.000,  0.800,0.00000,  0.000,
mon_rep231013,2023-10-13T11:33:34,3306.470,  0.400,1,0,247, 25.000, 14.525,  0.000,-23.077, 13.525, 13.800,  0.000, 14.825, 14.300,  0.525,  0.800,  1.000,  0.800,0.00000,  0.000,
mon_rep231013,2023-10-13T11:33:34,3306.870,  0.400,1,0,247, 25.000, 14.525,  0.000,-23.077, 13.525, 13.800,  0.000, 14.825, 14.300,  0.525,  0.800,  1.000,  0.800,0.00000,  0.000,
mon_rep231013,2023-10-13T11:33:35,3307.270,  0.400,1,0,247, 25.000, 14.525,  0.000,-23.077, 13.525, 13.800,  0.000, 14.825, 14.300,  0.525,  0.800,  1.000,  0.800,0.00000,  0.000,
mon_rep231013,2023-10-13T11:33:35,3307.670,  0.400,1,0,247, 25.000, 14.525,  0.000,-23.077, 13.525, 13.800,  0.000, 14.825, 14.300,  0.525,  0.800,  1.000,  0.800,0.00000,  0.000,
mon_rep231013,2023-10-13T11:33:36,3308.070,  0.400,1,0,247, 25.000, 14.525,  0.000,-23.077, 13.525, 13.800,  0.000, 14.825, 14.300,  0.525,  0.800,  1.000,  0.800,0.00000,  0.000,
mon_rep231013,2023-10-13T11:33:36,3308.470,  0.400,1,0,247, 25.000, 14.525,  0.000,-23.077, 13.525, 13.800,  0.000, 14.825, 14.300,  0.525,  0.800,  1.000,  0.800,0.00000,  0.000,
mon_rep231013,2023-10-13T11:33:36,3308.870,  0.400,1,0,247, 25.000, 14.525,  0.000,-23.077, 13.525, 13.800,  0.000, 14.825, 14.300,  0.525,  0.800,  1.000,  0.800,0.00000,  0.000,
mon_rep231013,2023-10-13T11:33:37,3309.270,  0.400,1,0,247, 25.000, 14.525,  0.000,-23.077, 13.525, 13.800,  0.000, 14.825, 14.300,  0.525,  0.800,  1.000,  0.800,0.00000,  0.000,
mon_rep231013,2023-10-13T11:33:37,3309.670,  0.400,1,0,247, 25.000, 14.525,  0.000,-23.077, 13.525, 13.800,  0.000, 14.825, 14.300,  0.525,  0.800,  1.000,  0.800,0.00000,  0.000,
mon_rep231013,2023-10-13T11:33:38,3310.070,  0.400,1,0,247, 25.000, 14.525,  0.000,-23.077, 13.525, 13.800,  0.000, 14.825, 14.300,  0.525,  0.800,  1.000,  0.800,0.00000,  0.000,
mon_rep231013,2023-10-13T11:33:38,3310.470,  0.400,1,0,247, 25.000, 14.525,  0.000,-23.077, 13.525, 13.800,  0.000, 14.825, 14.300,  0.525,  0.800,  1.000,  0.800,0.00000,  0.000,
mon_rep231013,2023-10-13T11:33:38,3310.870,  0.400,1,0,247, 25.000, 14.525,  0.000,-23.077, 13.525, 13.800,  0.000, 14.825, 14.300,  0.525,  0.800,  1.000,  0.800,0.00000,  0.000,
mon_rep231013,2023-10-13T11:33:39,3311.270,  0.400,1,0,247, 25.000, 14.525,  0.000,-23.077, 13.525, 13.800,  0.000, 14.825, 14.300,  0.525,  0.800,  1.000,  0.800,0.00000,  0.000,
mon_rep231013,2023-10-13T11:33:39,3311.670,  0.400,1,0,247, 25.000, 14.525,  0.000,-23.077, 13.525, 13.800,  0.000, 14.825, 14.300,  0.525,  0.800,  1.000,  0.800,0.00000,  0.000,
mon_rep231013,2023-10-13T11:33:40,3312.070,  0.400,1,0,247, 25.000, 14.525,  0.000,-23.077, 13.525, 13.800,  0.000, 14.825, 14.300,  0.525,  0.800,  1.000,  0.800,0.00000,  0.000,
mon_rep231013,2023-10-13T11:33:40,3312.470,  0.400,1,0,247, 25.000, 14.525,  0.000,-23.077, 13.525, 13.800,  0.000, 14.825, 14.300,  0.525,  0.800,  1.000,  0.800,0.00000,  0.000,
mon_rep231013,2023-10-13T11:33:40,3312.870,  0.400,1,0,247, 25.000, 14.525,  0.000,-23.077, 13.525, 13.800,  0.000, 14.825, 14.300,  0.525,  0.800,  1.000,  0.800,0.00000,  0.000,
mon_rep231013,2023-10-13T11:33:41,3313.270,  0.400,1,0,247, 25.000, 14.525,  0.000,-23.077, 13.525, 13.800,  0.000, 14.825, 14.300,  0.525,  0.800,  1.000,  0.800,0.00000,  0.000,
mon_rep231013,2023-10-13T11:33:41,3313.670,  0.400,1,0,247, 25.000, 14.525,  0.000,-23.077, 13.525, 13.800,  0.000, 14.825, 14.300,  0.525,  0.800,  1.000,  0.800,0.00000,  0.000,
mon_rep231013,2023-10-13T11:33:42,3314.070,  0.400,1,0,247, 25.000, 14.525,  0.000,-23.077, 13.525, 13.800,  0.000, 14.825, 14.300,  0.525,  0.800,  1.000,  0.800,0.00000,  0.000,
mon_rep231013,2023-10-13T11:33:42,3314.470,  0.400,1,0,247, 25.000, 14.525,  0.000,-23.077, 13.525, 13.800,  0.000, 14.825, 14.300,  0.525,  0.800,  1.000,  0.800,0.00000,  0.000,
mon_rep231013,2023-10-13T11:33:42,3314.870,  0.400,1,0,247, 25.000, 14.525,  0.000,-23.077, 13.525, 13.800,  0.000, 14.825, 14.300,  0.525,  0.800,  1.000,  0.800,0.00000,  0.000,
mon_rep231013,2023-10-13T11:33:43,3315.270,  0.400,1,0,247, 25.000, 14.525,  0.000,-23.077, 13.525, 13.800,  0.000, 14.825, 14.300,  0.525,  0.800,  1.000,  0.800,0.00000,  0.000,
mon_rep231013,2023-10-13T11:33:43,3315.670,  0.400,1,0,247, 25.000, 14.525,  0.000,-23.077, 13.525, 13.800,  0.000, 14.825, 14.300,  0.525,  0.800,  1.000,  0.800,0.00000,  0.000,
mon_rep231013,2023-10-13T11:33:44,3316.070,  0.400,1,0,247, 25.000, 14.525,  0.000,-23.077, 13.525, 13.800,  0.000, 14.825, 14.300,  0.525,  0.800,  1.000,  0.800,0.00000,  0.000,
mon_rep231013,2023-10-13T11:33:44,3316.470,  0.400,1,0,247, 25.000, 14.525,  0.000,-23.077, 13.525, 13.800,  0.000, 14.825, 14.300,  0.525,  0.800,  1.000,  0.800,0.00000,  0.000,
mon_rep231013,2023-10-13T11:33:44,3316.870,  0.400,1,0,247, 25.000, 14.525,  0.000,-23.077, 13.525, 13.800,  0.000, 14.825, 14.300,  0.525,  0.800,  1.000,  0.800,0.00000,  0.000,
mon_rep231013,2023-10-13T11:33:45,3317.270,  0.400,1,0,247, 25.000, 14.525,  0.000,-23.077, 13.525, 13.800,  0.000, 14.825, 14.300,  0.525,  0.800,  1.000,  0.800,0.00000,  0.000,
mon_rep231013,2023-10-13T11:33:45,3317.670,  0.400,1,0,247, 25.000, 14.525,  0.000,-23.077, 13.525, 13.800,  0.000, 14.825, 14.300,  0.525,  0.800,  1.000,  0.800,0.00000,  0.000,
mon_rep231013,2023-10-13T11:33:46,3318.070,  0.400,1,0,247, 25.000, 14.525,  0.000,-23.077, 13.525, 13.800,  0.000, 14.825, 14.300,  0.525,  0.800,  1.000,  0.800,0.00000,  0.000,
mon_rep231013,2023-10-13T11:33:46,3318.470,  0.400,1,0,247, 25.000, 14.525,  0.000,-23.077, 13.525, 13.800,  0.000, 14.825, 14.300,  0.525,  0.800,  1.000,  0.800,0.00000,  0.000,
mon_rep231013,2023-10-13T11:33:46,3318.870,  0.400,1,0,247, 25.000, 14.525,  0.000,-23.077, 13.525, 13.800,  0.000, 14.825, 14.300,  0.525,  0.800,  1.000,  0.800,0.00000,  0.000,
mon_rep231013,2023-10-13T11:33:47,3319.270,  0.400,1,0,247, 25.000, 14.525,  0.000,-23.077, 13.525, 13.800,  0.000, 14.825, 14.300,  0.525,  0.800,  1.000,  0.800,0.00000,  0.000,
mon_rep231013,2023-10-13T11:33:47,3319.670,  0.400,1,0,247, 25.000, 14.525,  0.000,-23.077, 13.525, 13.800,  0.000, 14.825, 14.300,  0.525,  0.800,  1.000,  0.800,0.00000,  0.000,
mon_rep231013,2023-10-13T11:33:48,3320.070,  0.400,1,0,247, 25.000, 14.525,  0.000,-23.077, 13.525, 13.800,  0.000, 14.825, 14.300,  0.525,  0.800,  1.000,  0.800,0.00000,  0.000,
mon_rep231013,2023-10-13T11:33:48,3320.470,  0.400,1,0,247, 25.000, 14.525,  0.000,-23.077, 13.525, 13.800,  0.000, 14.825, 14.300,  0.525,  0.800,  1.000,  0.800,0.00000,  0.000,
mon_rep231013,2023-10-13T11:33:48,3320.870,  0.400,1,0,247, 25.000, 14.525,  0.000,-23.077, 13.525, 13.800,  0.000, 14.825, 14.300,  0.525,  0.800,  1.000,  0.800,0.00000,  0.000,
mon_rep231013,2023-10-13T11:33:49,3321.270,  0.400,1,0,247, 25.000, 14.525,  0.000,-23.077, 13.525, 13.800,  0.000, 14.825, 14.300,  0.525,  0.800,  1.000,  0.800,0.00000,  0.000,
mon_rep231013,2023-10-13T11:33:49,3321.670,  0.400,1,0,247, 25.000, 14.525,  0.000,-23.077, 13.525, 13.800,  0.000, 14.825, 14.300,  0.525,  0.800,  1.000,  0.800,0.00000,  0.000,
mon_rep231013,2023-10-13T11:33:50,3322.070,  0.400,1,0,247, 25.000, 14.525,  0.000,-23.077, 13.525, 13.800,  0.000, 14.825, 14.300,  0.525,  0.800,  1.000,  0.800,0.00000,  0.000,
mon_rep231013,2023-10-13T11:33:50,3322.470,  0.400,1,0,247, 25.000, 14.525,  0.000,-23.077, 13.525, 13.800,  0.000, 14.825, 14.300,  0.525,  0.800,  1.000,  0.800,0.00000,  0.000,
mon_rep231013,2023-10-13T11:33:50,3322.870,  0.400,1,0,247, 25.000, 14.525,  0.000,-23.077, 13.525, 13.800,  0.000, 14.825, 14.300,  0.525,  0.800,  1.000,  0.800,0.00000,  0.000,
mon_rep231013,2023-10-13T11:33:51,3323.270,  0.400,1,0,247, 25.000, 14.525,  0.000,-23.077, 13.525, 13.800,  0.000, 14.825, 14.300,  0.525,  0.800,  1.000,  0.800,0.00000,  0.000,
mon_rep231013,2023-10-13T11:33:51,3323.670,  0.400,1,0,247, 25.000, 14.525,  0.000,-23.077, 13.525, 13.800,  0.000, 14.825, 14.300,  0.525,  0.800,  1.000,  0.800,0.00000,  0.000,
mon_rep231013,2023-10-13T11:33:52,3324.070,  0.400,1,0,247, 25.000, 14.525,  0.000,-23.077, 13.525, 13.800,  0.000, 14.825, 14.300,  0.525,  0.800,  1.000,  0.800,0.00000,  0.000,
mon_rep231013,2023-10-13T11:33:52,3324.470,  0.400,1,0,247, 25.000, 14.525,  0.000,-23.077, 13.525, 13.800,  0.000, 14.825, 14.300,  0.525,  0.800,  1.000,  0.800,0.00000,  0.000,
mon_rep231013,2023-10-13T11:33:52,3324.870,  0.400,1,0,247, 25.000, 14.525,  0.000,-23.077, 13.525, 13.800,  0.000, 14.825, 14.300,  0.525,  0.800,  1.000,  0.800,0.00000,  0.000,
mon_rep231013,2023-10-13T11:33:53,3325.270,  0.400,1,0,247, 25.000, 14.525,  0.000,-23.077, 13.525, 13.800,  0.000, 14.825, 14.300,  0.525,  0.800,  1.000,  0.800,0.00000,  0.000,
mon_rep231013,2023-10-13T11:33:53,3325.670,  0.400,1,0,247, 25.000, 14.525,  0.000,-23.077, 13.525, 13.800,  0.000, 14.825, 14.300,  0.525,  0.800,  1.000,  0.800,0.00000,  0.000,
mon_rep231013,2023-10-13T11:33:54,3326.070,  0.400,1,0,247, 25.000, 14.525,  0.000,-23.077, 13.525, 13.800,  0.000, 14.825, 14.300,  0.525,  0.800,  1.000,  0.800,0.00000,  0.000,
mon_rep231013,2023-10-13T11:33:54,3326.470,  0.400,1,0,247, 25.000, 14.525,  0.000,-23.077, 13.525, 13.800,  0.000, 14.825, 14.300,  0.525,  0.800,  1.000,  0.800,0.00000,  0.000,
mon_rep231013,2023-10-13T11:33:54,3326.870,  0.400,1,0,247, 25.000, 14.525,  0.000,-23.077, 13.525, 13.800,  0.000, 14.825, 14.300,  0.525,  0.800,  1.000,  0.800,0.00000,  0.000,
mon_rep231013,2023-10-13T11:33:55,3327.270,  0.400,1,0,247, 25.000, 14.525,  0.000,-23.077, 13.525, 13.800,  0.000, 14.825, 14.300,  0.525,  0.800,  1.000,  0.800,0.00000,  0.000,
mon_rep231013,2023-10-13T11:33:55,3327.670,  0.400,1,0,247, 25.000, 14.525,  0.000,-23.077, 13.525, 13.800,  0.000, 14.825, 14.300,  0.525,  0.800,  1.000,  0.800,0.00000,  0.000,
mon_rep231013,2023-10-13T11:33:56,3328.070,  0.400,1,0,247, 25.000, 14.525,  0.000,-23.077, 13.525, 13.800,  0.000, 14.825, 14.300,  0.525,  0.800,  1.000,  0.800,0.00000,  0.000,
mon_rep231013,2023-10-13T11:33:56,3328.470,  0.400,1,0,247, 25.000, 14.525,  0.000,-23.077, 13.525, 13.800,  0.000, 14.825, 14.300,  0.525,  0.800,  1.000,  0.800,0.00000,  0.000,
mon_rep231013,2023-10-13T11:33:56,3328.870,  0.400,1,0,247, 25.000, 14.525,  0.000,-23.077, 13.525, 13.800,  0.000, 14.825, 14.300,  0.525,  0.800,  1.000,  0.800,0.00000,  0.000,
mon_rep231013,2023-10-13T11:33:57,3329.270,  0.400,1,0,247, 25.000, 14.525,  0.000,-23.077, 13.525, 13.800,  0.000, 14.825, 14.300,  0.525,  0.800,  1.000,  0.800,0.00000,  0.000,
mon_rep231013,2023-10-13T11:33:57,3329.670,  0.400,1,0,247, 25.000, 14.525,  0.000,-23.077, 13.525, 13.800,  0.000, 14.825, 14.300,  0.525,  0.800,  1.000,  0.800,0.00000,  0.000,
mon_rep231013,2023-10-13T11:33:58,3330.070,  0.400,1,0,247, 25.000, 14.525,  0.000,-23.077, 13.525, 13.800,  0.000, 14.825, 14.300,  0.525,  0.800,  1.000,  0.800,0.00000,  0.000,
mon_rep231013,2023-10-13T11:33:58,3330.470,  0.400,1,0,247, 25.000, 14.525,  0.000,-23.077, 13.525, 13.800,  0.000, 14.825, 14.300,  0.525,  0.800,  1.000,  0.800,0.00000,  0.000,
mon_rep231013,2023-10-13T11:33:58,3330.870,  0.400,1,0,247, 25.000, 14.525,  0.000,-23.077, 13.525, 13.800,  0.000, 14.825, 14.300,  0.525,  0.800,  1.000,  0.800,0.00000,  0.000,
mon_rep231013,2023-10-13T11:33:59,3331.270,  0.400,1,0,247, 25.000, 14.525,  0.000,-23.077, 13.525, 13.800,  0.000, 14.825, 14.300,  0.525,  0.800,  1.000,  0.800,0.00000,  0.000,
mon_rep231013,2023-10-13T11:33:59,3331.670,  0.400,1,0,247, 25.000, 14.525,  0.000,-23.077, 13.525, 13.800,  0.000, 14.825, 14.300,  0.525,  0.800,  1.000,  0.800,0.00000,  0.000,
mon_rep231013,2023-10-13T11:34:00,3332.070,  0.400,1,0,247, 25.000, 14.525,  0.000,-23.077, 13.525, 13.800,  0.000, 14.825, 14.300,  0.525,  0.800,  1.000,  0.800,0.00000,  0.000,
mon_rep231013,2023-10-13T11:34:00,3332.470,  0.400,1,0,247, 25.000, 14.525,  0.000,-23.077, 13.525, 13.800,  0.000, 14.825, 14.300,  0.525,  0.800,  1.000,  0.800,0.00000,  0.000,
mon_rep231013,2023-10-13T11:34:00,3332.870,  0.400,1,0,247, 25.000, 14.525,  0.000,-23.077, 13.525, 13.800,  0.000, 14.825, 14.300,  0.525,  0.800,  1.000,  0.800,0.00000,  0.000,
mon_rep231013,2023-10-13T11:34:01,3333.270,  0.400,1,0,247, 25.000, 14.525,  0.000,-23.077, 13.525, 13.800,  0.000, 14.825, 14.300,  0.525,  0.800,  1.000,  0.800,0.00000,  0.000,
mon_rep231013,2023-10-13T11:34:01,3333.670,  0.400,1,0,247, 25.000, 14.525,  0.000,-23.077, 13.525, 13.800,  0.000, 14.825, 14.300,  0.525,  0.800,  1.000,  0.800,0.00000,  0.000,
mon_rep231013,2023-10-13T11:34:02,3334.070,  0.400,1,0,247, 25.000, 14.525,  0.000,-23.077, 13.525, 13.800,  0.000, 14.825, 14.300,  0.525,  0.800,  1.000,  0.800,0.00000,  0.000,
mon_rep231013,2023-10-13T11:34:02,3334.470,  0.400,1,0,247, 25.000, 14.525,  0.000,-23.077, 13.525, 13.800,  0.000, 14.825, 14.300,  0.525,  0.800,  1.000,  0.800,0.00000,  0.000,
mon_rep231013,2023-10-13T11:34:02,3334.870,  0.400,1,0,247, 25.000, 14.525,  0.000,-23.077, 13.525, 13.800,  0.000, 14.825, 14.300,  0.525,  0.800,  1.000,  0.800,0.00000,  0.000,
mon_rep231013,2023-10-13T11:34:03,3335.270,  0.400,1,0,247, 25.000, 14.525,  0.000,-23.077, 13.525, 13.800,  0.000, 14.825, 14.300,  0.525,  0.800,  1.000,  0.800,0.00000,  0.000,
mon_rep231013,2023-10-13T11:34:03,3335.670,  0.400,1,0,247, 25.000, 14.525,  0.000,-23.077, 13.525, 13.800,  0.000, 14.825, 14.300,  0.525,  0.800,  1.000,  0.800,0.00000,  0.000,
mon_rep231013,2023-10-13T11:34:04,3336.070,  0.400,1,0,247, 25.000, 14.525,  0.000,-23.077, 13.525, 13.800,  0.000, 14.825, 14.300,  0.525,  0.800,  1.000,  0.800,0.00000,  0.000,
mon_rep231013,2023-10-13T11:34:04,3336.470,  0.400,1,0,247, 25.000, 14.525,  0.000,-23.077, 13.525, 13.800,  0.000, 14.825, 14.300,  0.525,  0.800,  1.000,  0.800,0.00000,  0.000,
mon_rep231013,2023-10-13T11:34:04,3336.870,  0.400,1,0,247, 25.000, 14.525,  0.000,-23.077, 13.525, 13.800,  0.000, 14.825, 14.300,  0.525,  0.800,  1.000,  0.800,0.00000,  0.000,
mon_rep231013,2023-10-13T11:34:05,3337.270,  0.400,1,0,247, 25.000, 14.525,  0.000,-23.077, 13.525, 13.800,  0.000, 14.825, 14.300,  0.525,  0.800,  1.000,  0.800,0.00000,  0.000,
mon_rep231013,2023-10-13T11:34:05,3337.670,  0.400,1,0,247, 25.000, 14.525,  0.000,-23.077, 13.525, 13.800,  0.000, 14.825, 14.300,  0.525,  0.800,  1.000,  0.800,0.00000,  0.000,
mon_rep231013,2023-10-13T11:34:06,3338.070,  0.400,1,0,247, 25.000, 14.525,  0.000,-23.077, 13.525, 13.800,  0.000, 14.825, 14.300,  0.525,  0.800,  1.000,  0.800,0.00000,  0.000,
mon_rep231013,2023-10-13T11:34:06,3338.470,  0.400,1,0,247, 25.000, 14.525,  0.000,-23.077, 13.525, 13.800,  0.000, 14.825, 14.300,  0.525,  0.800,  1.000,  0.800,0.00000,  0.000,
mon_rep231013,2023-10-13T11:34:06,3338.870,  0.400,1,0,247, 25.000, 14.525,  0.000,-23.077, 13.525, 13.800,  0.000, 14.825, 14.300,  0.525,  0.800,  1.000,  0.800,0.00000,  0.000,
mon_rep231013,2023-10-13T11:34:07,3339.270,  0.400,1,0,247, 25.000, 14.525,  0.000,-23.077, 13.525, 13.800,  0.000, 14.825, 14.300,  0.525,  0.800,  1.000,  0.800,0.00000,  0.000,
mon_rep231013,2023-10-13T11:34:07,3339.670,  0.400,1,0,247, 25.000, 14.525,  0.000,-23.077, 13.525, 13.800,  0.000, 14.825, 14.300,  0.525,  0.800,  1.000,  0.800,0.00000,  0.000,
mon_rep231013,2023-10-13T11:34:08,3340.070,  0.400,1,0,247, 25.000, 14.525,  0.000,-23.077, 13.525, 13.800,  0.000, 14.825, 14.300,  0.525,  0.800,  1.000,  0.800,0.00000,  0.000,
mon_rep231013,2023-10-13T11:34:08,3340.470,  0.400,1,0,247, 25.000, 14.525,  0.000,-23.077, 13.525, 13.800,  0.000, 14.825, 14.300,  0.525,  0.800,  1.000,  0.800,0.00000,  0.000,
mon_rep231013,2023-10-13T11:34:08,3340.870,  0.400,1,0,247, 25.000, 14.525,  0.000,-23.077, 13.525, 13.800,  0.000, 14.825, 14.300,  0.525,  0.800,  1.000,  0.800,0.00000,  0.000,
mon_rep231013,2023-10-13T11:34:09,3341.270,  0.400,1,0,247, 25.000, 14.525,  0.000,-23.077, 13.525, 13.800,  0.000, 14.825, 14.300,  0.525,  0.800,  1.000,  0.800,0.00000,  0.000,
mon_rep231013,2023-10-13T11:34:09,3341.670,  0.400,1,0,247, 25.000, 14.525,  0.000,-23.077, 13.525, 13.800,  0.000, 14.825, 14.300,  0.525,  0.800,  1.000,  0.800,0.00000,  0.000,
mon_rep231013,2023-10-13T11:34:10,3342.070,  0.400,1,0,247, 25.000, 14.525,  0.000,-23.077, 13.525, 13.800,  0.000, 14.825, 14.300,  0.525,  0.800,  1.000,  0.800,0.00000,  0.000,
mon_rep231013,2023-10-13T11:34:10,3342.470,  0.400,1,0,247, 25.000, 14.525,  0.000,-23.077, 13.525, 13.800,  0.000, 14.825, 14.300,  0.525,  0.800,  1.000,  0.800,0.00000,  0.000,
mon_rep231013,2023-10-13T11:34:10,3342.870,  0.400,1,0,247, 25.000, 14.525,  0.000,-23.077, 13.525, 13.800,  0.000, 14.825, 14.300,  0.525,  0.800,  1.000,  0.800,0.00000,  0.000,
mon_rep231013,2023-10-13T11:34:11,3343.270,  0.400,1,0,247, 25.000, 14.525,  0.000,-23.077, 13.525, 13.800,  0.000, 14.825, 14.300,  0.525,  0.800,  1.000,  0.800,0.00000,  0.000,
mon_rep231013,2023-10-13T11:34:11,3343.670,  0.400,1,0,247, 25.000, 14.525,  0.000,-23.077, 13.525, 13.800,  0.000, 14.825, 14.300,  0.525,  0.800,  1.000,  0.800,0.00000,  0.000,
mon_rep231013,2023-10-13T11:34:12,3344.070,  0.400,1,0,247, 25.000, 14.525,  0.000,-23.077, 13.525, 13.800,  0.000, 14.825, 14.300,  0.525,  0.800,  1.000,  0.800,0.00000,  0.000,
mon_rep231013,2023-10-13T11:34:12,3344.470,  0.400,1,0,247, 25.000, 14.525,  0.000,-23.077, 13.525, 13.800,  0.000, 14.825, 14.300,  0.525,  0.800,  1.000,  0.800,0.00000,  0.000,
mon_rep231013,2023-10-13T11:34:12,3344.870,  0.400,1,0,247, 25.000, 14.525,  0.000,-23.077, 13.525, 13.800,  0.000, 14.825, 14.300,  0.525,  0.800,  1.000,  0.800,0.00000,  0.000,
mon_rep231013,2023-10-13T11:34:13,3345.270,  0.400,1,0,247, 25.000, 14.525,  0.000,-23.077, 13.525, 13.800,  0.000, 14.825, 14.300,  0.525,  0.800,  1.000,  0.800,0.00000,  0.000,
mon_rep231013,2023-10-13T11:34:13,3345.670,  0.400,1,0,247, 25.000, 14.525,  0.000,-23.077, 13.525, 13.800,  0.000, 14.825, 14.300,  0.525,  0.800,  1.000,  0.800,0.00000,  0.000,
mon_rep231013,2023-10-13T11:34:14,3346.070,  0.400,1,0,247, 25.000, 14.525,  0.000,-23.077, 13.525, 13.800,  0.000, 14.825, 14.300,  0.525,  0.800,  1.000,  0.800,0.00000,  0.000,
mon_rep231013,2023-10-13T11:34:14,3346.470,  0.400,1,0,247, 25.000, 14.525,  0.000,-23.077, 13.525, 13.800,  0.000, 14.825, 14.300,  0.525,  0.800,  1.000,  0.800,0.00000,  0.000,
mon_rep231013,2023-10-13T11:34:14,3346.870,  0.400,1,0,247, 25.000, 14.525,  0.000,-23.077, 13.525, 13.800,  0.000, 14.825, 14.300,  0.525,  0.800,  1.000,  0.800,0.00000,  0.000,
mon_rep231013,2023-10-13T11:34:15,3347.270,  0.400,1,0,247, 25.000, 14.525,  0.000,-23.077, 13.525, 13.800,  0.000, 14.825, 14.300,  0.525,  0.800,  1.000,  0.800,0.00000,  0.000,
mon_rep231013,2023-10-13T11:34:15,3347.670,  0.400,1,0,247, 25.000, 14.525,  0.000,-23.077, 13.525, 13.800,  0.000, 14.825, 14.300,  0.525,  0.800,  1.000,  0.800,0.00000,  0.000,
mon_rep231013,2023-10-13T11:34:16,3348.070,  0.400,1,0,247, 25.000, 14.525,  0.000,-23.077, 13.525, 13.800,  0.000, 14.825, 14.300,  0.525,  0.800,  1.000,  0.800,0.00000,  0.000,
mon_rep231013,2023-10-13T11:34:16,3348.470,  0.400,1,0,247, 25.000, 14.525,  0.000,-23.077, 13.525, 13.800,  0.000, 14.825, 14.300,  0.525,  0.800,  1.000,  0.800,0.00000,  0.000,
mon_rep231013,2023-10-13T11:34:16,3348.870,  0.400,1,0,247, 25.000, 14.525,  0.000,-23.077, 13.525, 13.800,  0.000, 14.825, 14.300,  0.525,  0.800,  1.000,  0.800,0.00000,  0.000,
mon_rep231013,2023-10-13T11:34:17,3349.270,  0.400,1,0,247, 25.000, 14.525,  0.000,-23.077, 13.525, 13.800,  0.000, 14.825, 14.300,  0.525,  0.800,  1.000,  0.800,0.00000,  0.000,
mon_rep231013,2023-10-13T11:34:17,3349.670,  0.400,1,0,247, 25.000, 14.525,  0.000,-23.077, 13.525, 13.800,  0.000, 14.825, 14.300,  0.525,  0.800,  1.000,  0.800,0.00000,  0.000,
mon_rep231013,2023-10-13T11:34:18,3350.070,  0.400,1,0,247, 25.000, 14.525,  0.000,-23.077, 13.525, 13.800,  0.000, 14.825, 14.300,  0.525,  0.800,  1.000,  0.800,0.00000,  0.000,
mon_rep231013,2023-10-13T11:34:18,3350.470,  0.400,1,0,247, 25.000, 14.525,  0.000,-23.077, 13.525, 13.800,  0.000, 14.825, 14.300,  0.525,  0.800,  1.000,  0.800,0.00000,  0.000,
mon_rep231013,2023-10-13T11:34:18,3350.870,  0.400,1,0,247, 25.000, 14.525,  0.000,-23.077, 13.525, 13.800,  0.000, 14.825, 14.300,  0.525,  0.800,  1.000,  0.800,0.00000,  0.000,
mon_rep231013,2023-10-13T11:34:19,3351.270,  0.400,1,0,247, 25.000, 14.525,  0.000,-23.077, 13.525, 13.800,  0.000, 14.825, 14.300,  0.525,  0.800,  1.000,  0.800,0.00000,  0.000,
mon_rep231013,2023-10-13T11:34:19,3351.670,  0.400,1,0,247, 25.000, 14.525,  0.000,-23.077, 13.525, 13.800,  0.000, 14.825, 14.300,  0.525,  0.800,  1.000,  0.800,0.00000,  0.000,
mon_rep231013,2023-10-13T11:34:20,3352.070,  0.400,1,0,247, 25.000, 14.525,  0.000,-23.077, 13.525, 13.800,  0.000, 14.825, 14.300,  0.525,  0.800,  1.000,  0.800,0.00000,  0.000,
mon_rep231013,2023-10-13T11:34:20,3352.470,  0.400,1,0,247, 25.000, 14.525,  0.000,-23.077, 13.525, 13.800,  0.000, 14.825, 14.300,  0.525,  0.800,  1.000,  0.800,0.00000,  0.000,
mon_rep231013,2023-10-13T11:34:20,3352.870,  0.400,1,0,247, 25.000, 14.525,  0.000,-23.077, 13.525, 13.800,  0.000, 14.825, 14.300,  0.525,  0.800,  1.000,  0.800,0.00000,  0.000,
mon_rep231013,2023-10-13T11:34:21,3353.270,  0.400,1,0,247, 25.000, 14.525,  0.000,-23.077, 13.525, 13.800,  0.000, 14.825, 14.300,  0.525,  0.800,  1.000,  0.800,0.00000,  0.000,
mon_rep231013,2023-10-13T11:34:21,3353.670,  0.400,1,0,247, 25.000, 14.525,  0.000,-23.077, 13.525, 13.800,  0.000, 14.825, 14.300,  0.525,  0.800,  1.000,  0.800,0.00000,  0.000,
mon_rep231013,2023-10-13T11:34:22,3354.070,  0.400,1,0,247, 25.000, 14.525,  0.000,-23.077, 13.525, 13.800,  0.000, 14.825, 14.300,  0.525,  0.800,  1.000,  0.800,0.00000,  0.000,
mon_rep231013,2023-10-13T11:34:22,3354.470,  0.400,1,0,247, 25.000, 14.525,  0.000,-23.077, 13.525, 13.800,  0.000, 14.825, 14.300,  0.525,  0.800,  1.000,  0.800,0.00000,  0.000,
mon_rep231013,2023-10-13T11:34:22,3354.870,  0.400,1,0,247, 25.000, 14.525,  0.000,-23.077, 13.525, 13.800,  0.000, 14.825, 14.300,  0.525,  0.800,  1.000,  0.800,0.00000,  0.000,
mon_rep231013,2023-10-13T11:34:23,3355.270,  0.400,1,0,247, 25.000, 14.525,  0.000,-23.077, 13.525, 13.800,  0.000, 14.825, 14.300,  0.525,  0.800,  1.000,  0.800,0.00000,  0.000,
mon_rep231013,2023-10-13T11:34:23,3355.670,  0.400,1,0,247, 25.000, 14.525,  0.000,-23.077, 13.525, 13.800,  0.000, 14.825, 14.300,  0.525,  0.800,  1.000,  0.800,0.00000,  0.000,
mon_rep231013,2023-10-13T11:34:24,3356.070,  0.400,1,0,247, 25.000, 14.525,  0.000,-23.077, 13.525, 13.800,  0.000, 14.825, 14.300,  0.525,  0.800,  1.000,  0.800,0.00000,  0.000,
mon_rep231013,2023-10-13T11:34:24,3356.470,  0.400,1,0,247, 25.000, 14.525,  0.000,-23.077, 13.525, 13.800,  0.000, 14.825, 14.300,  0.525,  0.800,  1.000,  0.800,0.00000,  0.000,
mon_rep231013,2023-10-13T11:34:24,3356.870,  0.400,1,0,247, 25.000, 14.525,  0.000,-23.077, 13.525, 13.800,  0.000, 14.825, 14.300,  0.525,  0.800,  1.000,  0.800,0.00000,  0.000,
mon_rep231013,2023-10-13T11:34:25,3357.270,  0.400,1,0,247, 25.000, 14.525,  0.000,-23.077, 13.525, 13.800,  0.000, 14.825, 14.300,  0.525,  0.800,  1.000,  0.800,0.00000,  0.000,
mon_rep231013,2023-10-13T11:34:25,3357.670,  0.400,1,0,247, 25.000, 14.525,  0.000,-23.077, 13.525, 13.800,  0.000, 14.825, 14.300,  0.525,  0.800,  1.000,  0.800,0.00000,  0.000,
mon_rep231013,2023-10-13T11:34:26,3358.070,  0.400,1,0,247, 25.000, 14.525,  0.000,-23.077, 13.525, 13.800,  0.000, 14.825, 14.300,  0.525,  0.800,  1.000,  0.800,0.00000,  0.000,
mon_rep231013,2023-10-13T11:34:26,3358.470,  0.400,1,0,247, 25.000, 14.525,  0.000,-23.077, 13.525, 13.800,  0.000, 14.825, 14.300,  0.525,  0.800,  1.000,  0.800,0.00000,  0.000,
mon_rep231013,2023-10-13T11:34:26,3358.870,  0.400,1,0,247, 25.000, 14.525,  0.000,-23.077, 13.525, 13.800,  0.000, 14.825, 14.300,  0.525,  0.800,  1.000,  0.800,0.00000,  0.000,
mon_rep231013,2023-10-13T11:34:27,3359.270,  0.400,1,0,247, 25.000, 14.525,  0.000,-23.077, 13.525, 13.800,  0.000, 14.825, 14.300,  0.525,  0.800,  1.000,  0.800,0.00000,  0.000,
mon_rep231013,2023-10-13T11:34:27,3359.670,  0.400,1,0,247, 25.000, 14.525,  0.000,-23.077, 13.525, 13.800,  0.000, 14.825, 14.300,  0.525,  0.800,  1.000,  0.800,0.00000,  0.000,
mon_rep231013,2023-10-13T11:34:28,3360.070,  0.400,1,0,247, 25.000, 14.525,  0.000,-23.077, 13.525, 13.800,  0.000, 14.825, 14.300,  0.525,  0.800,  1.000,  0.800,0.00000,  0.000,
mon_rep231013,2023-10-13T11:34:28,3360.470,  0.400,1,0,247, 25.000, 14.525,  0.000,-23.077, 13.525, 13.800,  0.000, 14.825, 14.300,  0.525,  0.800,  1.000,  0.800,0.00000,  0.000,
mon_rep231013,2023-10-13T11:34:28,3360.870,  0.400,1,0,247, 25.000, 14.525,  0.000,-23.077, 13.525, 13.800,  0.000, 14.825, 14.300,  0.525,  0.800,  1.000,  0.800,0.00000,  0.000,
mon_rep231013,2023-10-13T11:34:29,3361.270,  0.400,1,0,247, 25.000, 14.525,  0.000,-23.077, 13.525, 13.800,  0.000, 14.825, 14.300,  0.525,  0.800,  1.000,  0.800,0.00000,  0.000,
mon_rep231013,2023-10-13T11:34:29,3361.670,  0.400,1,0,247, 25.000, 14.525,  0.000,-23.077, 13.525, 13.800,  0.000, 14.825, 14.300,  0.525,  0.800,  1.000,  0.800,0.00000,  0.000,
mon_rep231013,2023-10-13T11:34:30,3362.070,  0.400,1,0,247, 25.000, 14.525,  0.000,-23.077, 13.525, 13.800,  0.000, 14.825, 14.300,  0.525,  0.800,  1.000,  0.800,0.00000,  0.000,
mon_rep231013,2023-10-13T11:34:30,3362.470,  0.400,1,0,247, 25.000, 14.525,  0.000,-23.077, 13.525, 13.800,  0.000, 14.825, 14.300,  0.525,  0.800,  1.000,  0.800,0.00000,  0.000,
mon_rep231013,2023-10-13T11:34:30,3362.870,  0.400,1,0,247, 25.000, 14.525,  0.000,-23.077, 13.525, 13.800,  0.000, 14.825, 14.300,  0.525,  0.800,  1.000,  0.800,0.00000,  0.000,
mon_rep231013,2023-10-13T11:34:31,3363.270,  0.400,1,0,247, 25.000, 14.525,  0.000,-23.077, 13.525, 13.800,  0.000, 14.825, 14.300,  0.525,  0.800,  1.000,  0.800,0.00000,  0.000,
mon_rep231013,2023-10-13T11:34:31,3363.670,  0.400,1,0,247, 25.000, 14.525,  0.000,-23.077, 13.525, 13.800,  0.000, 14.825, 14.300,  0.525,  0.800,  1.000,  0.800,0.00000,  0.000,
mon_rep231013,2023-10-13T11:34:32,3364.070,  0.400,1,0,247, 25.000, 14.525,  0.000,-23.077, 13.525, 13.800,  0.000, 14.825, 14.300,  0.525,  0.800,  1.000,  0.800,0.00000,  0.000,
mon_rep231013,2023-10-13T11:34:32,3364.470,  0.400,1,0,247, 25.000, 14.525,  0.000,-23.077, 13.525, 13.800,  0.000, 14.825, 14.300,  0.525,  0.800,  1.000,  0.800,0.00000,  0.000,
mon_rep231013,2023-10-13T11:34:32,3364.870,  0.400,1,0,247, 25.000, 14.525,  0.000,-23.077, 13.525, 13.800,  0.000, 14.825, 14.300,  0.525,  0.800,  1.000,  0.800,0.00000,  0.000,
mon_rep231013,2023-10-13T11:34:33,3365.270,  0.400,1,0,247, 25.000, 14.525,  0.000,-23.077, 13.525, 13.800,  0.000, 14.825, 14.300,  0.525,  0.800,  1.000,  0.800,0.00000,  0.000,
mon_rep231013,2023-10-13T11:34:33,3365.670,  0.400,1,0,247, 25.000, 14.525,  0.000,-23.077, 13.525, 13.800,  0.000, 14.825, 14.300,  0.525,  0.800,  1.000,  0.800,0.00000,  0.000,
mon_rep231013,2023-10-13T11:34:34,3366.070,  0.400,1,0,247, 25.000, 14.525,  0.000,-23.077, 13.525, 13.800,  0.000, 14.825, 14.300,  0.525,  0.800,  1.000,  0.800,0.00000,  0.000,
mon_rep231013,2023-10-13T11:34:34,3366.470,  0.400,1,0,247, 25.000, 14.525,  0.000,-23.077, 13.525, 13.800,  0.000, 14.825, 14.300,  0.525,  0.800,  1.000,  0.800,0.00000,  0.000,
mon_rep231013,2023-10-13T11:34:34,3366.870,  0.400,1,0,247, 25.000, 14.525,  0.000,-23.077, 13.525, 13.800,  0.000, 14.825, 14.300,  0.525,  0.800,  1.000,  0.800,0.00000,  0.000,
mon_rep231013,2023-10-13T11:34:35,3367.270,  0.400,1,0,247, 25.000, 14.525,  0.000,-23.077, 13.525, 13.800,  0.000, 14.825, 14.300,  0.525,  0.800,  1.000,  0.800,0.00000,  0.000,
mon_rep231013,2023-10-13T11:34:35,3367.670,  0.400,1,0,247, 25.000, 14.525,  0.000,-23.077, 13.525, 13.800,  0.000, 14.825, 14.300,  0.525,  0.800,  1.000,  0.800,0.00000,  0.000,
mon_rep231013,2023-10-13T11:34:36,3368.070,  0.400,1,0,247, 25.000, 14.525,  0.000,-23.077, 13.525, 13.800,  0.000, 14.825, 14.300,  0.525,  0.800,  1.000,  0.800,0.00000,  0.000,
mon_rep231013,2023-10-13T11:34:36,3368.470,  0.400,1,0,247, 25.000, 14.525,  0.000,-23.077, 13.525, 13.800,  0.000, 14.825, 14.300,  0.525,  0.800,  1.000,  0.800,0.00000,  0.000,
mon_rep231013,2023-10-13T11:34:36,3368.870,  0.400,1,0,247, 25.000, 14.525,  0.000,-23.077, 13.525, 13.800,  0.000, 14.825, 14.300,  0.525,  0.800,  1.000,  0.800,0.00000,  0.000,
mon_rep231013,2023-10-13T11:34:37,3369.270,  0.400,1,0,247, 25.000, 14.525,  0.000,-23.077, 13.525, 13.800,  0.000, 14.825, 14.300,  0.525,  0.800,  1.000,  0.800,0.00000,  0.000,
mon_rep231013,2023-10-13T11:34:37,3369.670,  0.400,1,0,247, 25.000, 14.525,  0.000,-23.077, 13.525, 13.800,  0.000, 14.825, 14.300,  0.525,  0.800,  1.000,  0.800,0.00000,  0.000,
mon_rep231013,2023-10-13T11:34:38,3370.070,  0.400,1,0,247, 25.000, 14.525,  0.000,-23.077, 13.525, 13.800,  0.000, 14.825, 14.300,  0.525,  0.800,  1.000,  0.800,0.00000,  0.000,
mon_rep231013,2023-10-13T11:34:38,3370.470,  0.400,1,0,247, 25.000, 14.525,  0.000,-23.077, 13.525, 13.800,  0.000, 14.825, 14.300,  0.525,  0.800,  1.000,  0.800,0.00000,  0.000,
mon_rep231013,2023-10-13T11:34:38,3370.870,  0.400,1,0,247, 25.000, 14.525,  0.000,-23.077, 13.525, 13.800,  0.000, 14.825, 14.300,  0.525,  0.800,  1.000,  0.800,0.00000,  0.000,
mon_rep231013,2023-10-13T11:34:39,3371.270,  0.400,1,0,247, 25.000, 14.525,  0.000,-23.077, 13.525, 13.800,  0.000, 14.825, 14.300,  0.525,  0.800,  1.000,  0.800,0.00000,  0.000,
mon_rep231013,2023-10-13T11:34:39,3371.670,  0.400,1,0,247, 25.000, 14.525,  0.000,-23.077, 13.525, 13.800,  0.000, 14.825, 14.300,  0.525,  0.800,  1.000,  0.800,0.00000,  0.000,
mon_rep231013,2023-10-13T11:34:40,3372.070,  0.400,1,0,247, 25.000, 14.525,  0.000,-23.077, 13.525, 13.800,  0.000, 14.825, 14.300,  0.525,  0.800,  1.000,  0.800,0.00000,  0.000,
mon_rep231013,2023-10-13T11:34:40,3372.470,  0.400,1,0,247, 25.000, 14.525,  0.000,-23.077, 13.525, 13.800,  0.000, 14.825, 14.300,  0.525,  0.800,  1.000,  0.800,0.00000,  0.000,
mon_rep231013,2023-10-13T11:34:40,3372.870,  0.400,1,0,247, 25.000, 14.525,  0.000,-23.077, 13.525, 13.800,  0.000, 14.825, 14.300,  0.525,  0.800,  1.000,  0.800,0.00000,  0.000,
mon_rep231013,2023-10-13T11:34:41,3373.270,  0.400,1,0,247, 25.000, 14.525,  0.000,-23.077, 13.525, 13.800,  0.000, 14.825, 14.300,  0.525,  0.800,  1.000,  0.800,0.00000,  0.000,
mon_rep231013,2023-10-13T11:34:41,3373.670,  0.400,1,0,247, 25.000, 14.525,  0.000,-23.077, 13.525, 13.800,  0.000, 14.825, 14.300,  0.525,  0.800,  1.000,  0.800,0.00000,  0.000,
mon_rep231013,2023-10-13T11:34:42,3374.070,  0.400,1,0,247, 25.000, 14.525,  0.000,-23.077, 13.525, 13.800,  0.000, 14.825, 14.300,  0.525,  0.800,  1.000,  0.800,0.00000,  0.000,
mon_rep231013,2023-10-13T11:34:42,3374.470,  0.400,1,0,247, 25.000, 14.525,  0.000,-23.077, 13.525, 13.800,  0.000, 14.825, 14.300,  0.525,  0.800,  1.000,  0.800,0.00000,  0.000,
mon_rep231013,2023-10-13T11:34:42,3374.870,  0.400,1,0,247, 25.000, 14.525,  0.000,-23.077, 13.525, 13.800,  0.000, 14.825, 14.300,  0.525,  0.800,  1.000,  0.800,0.00000,  0.000,
mon_rep231013,2023-10-13T11:34:43,3375.270,  0.400,1,0,247, 25.000, 14.525,  0.000,-23.077, 13.525, 13.800,  0.000, 14.825, 14.300,  0.525,  0.800,  1.000,  0.800,0.00000,  0.000,
mon_rep231013,2023-10-13T11:34:43,3375.670,  0.400,1,0,247, 25.000, 14.525,  0.000,-23.077, 13.525, 13.800,  0.000, 14.825, 14.300,  0.525,  0.800,  1.000,  0.800,0.00000,  0.000,
mon_rep231013,2023-10-13T11:34:44,3376.070,  0.400,1,0,247, 25.000, 14.525,  0.000,-23.077, 13.525, 13.800,  0.000, 14.825, 14.300,  0.525,  0.800,  1.000,  0.800,0.00000,  0.000,
mon_rep231013,2023-10-13T11:34:44,3376.470,  0.400,1,0,247, 25.000, 14.525,  0.000,-23.077, 13.525, 13.800,  0.000, 14.825, 14.300,  0.525,  0.800,  1.000,  0.800,0.00000,  0.000,
mon_rep231013,2023-10-13T11:34:44,3376.870,  0.400,1,0,247, 25.000, 14.525,  0.000,-23.077, 13.525, 13.800,  0.000, 14.825, 14.300,  0.525,  0.800,  1.000,  0.800,0.00000,  0.000,
mon_rep231013,2023-10-13T11:34:45,3377.270,  0.400,1,0,247, 25.000, 14.525,  0.000,-23.077, 13.525, 13.800,  0.000, 14.825, 14.300,  0.525,  0.800,  1.000,  0.800,0.00000,  0.000,
mon_rep231013,2023-10-13T11:34:45,3377.670,  0.400,1,0,247, 25.000, 14.525,  0.000,-23.077, 13.525, 13.800,  0.000, 14.825, 14.300,  0.525,  0.800,  1.000,  0.800,0.00000,  0.000,
mon_rep231013,2023-10-13T11:34:46,3378.070,  0.400,1,0,247, 25.000, 14.525,  0.000,-23.077, 13.525, 13.800,  0.000, 14.825, 14.300,  0.525,  0.800,  1.000,  0.800,0.00000,  0.000,
mon_rep231013,2023-10-13T11:34:46,3378.470,  0.400,1,0,247, 25.000, 14.525,  0.000,-23.077, 13.525, 13.800,  0.000, 14.825, 14.300,  0.525,  0.800,  1.000,  0.800,0.00000,  0.000,
mon_rep231013,2023-10-13T11:34:46,3378.870,  0.400,1,0,247, 25.000, 14.525,  0.000,-23.077, 13.525, 13.800,  0.000, 14.825, 14.300,  0.525,  0.800,  1.000,  0.800,0.00000,  0.000,
mon_rep231013,2023-10-13T11:34:47,3379.270,  0.400,1,0,247, 25.000, 14.525,  0.000,-23.077, 13.525, 13.800,  0.000, 14.825, 14.300,  0.525,  0.800,  1.000,  0.800,0.00000,  0.000,
mon_rep231013,2023-10-13T11:34:47,3379.670,  0.400,1,0,247, 25.000, 14.525,  0.000,-23.077, 13.525, 13.800,  0.000, 14.825, 14.300,  0.525,  0.800,  1.000,  0.800,0.00000,  0.000,
mon_rep231013,2023-10-13T11:34:48,3380.070,  0.400,1,0,247, 25.000, 14.525,  0.000,-23.077, 13.525, 13.800,  0.000, 14.825, 14.300,  0.525,  0.800,  1.000,  0.800,0.00000,  0.000,
mon_rep231013,2023-10-13T11:34:48,3380.470,  0.400,1,0,247, 25.000, 14.525,  0.000,-23.077, 13.525, 13.800,  0.000, 14.825, 14.300,  0.525,  0.800,  1.000,  0.800,0.00000,  0.000,
mon_rep231013,2023-10-13T11:34:48,3380.870,  0.400,1,0,247, 25.000, 14.525,  0.000,-23.077, 13.525, 13.800,  0.000, 14.825, 14.300,  0.525,  0.800,  1.000,  0.800,0.00000,  0.000,
mon_rep231013,2023-10-13T11:34:49,3381.270,  0.400,1,0,247, 25.000, 14.525,  0.000,-23.077, 13.525, 13.800,  0.000, 14.825, 14.300,  0.525,  0.800,  1.000,  0.800,0.00000,  0.000,
mon_rep231013,2023-10-13T11:34:49,3381.670,  0.400,1,0,247, 25.000, 14.525,  0.000,-23.077, 13.525, 13.800,  0.000, 14.825, 14.300,  0.525,  0.800,  1.000,  0.800,0.00000,  0.000,
mon_rep231013,2023-10-13T11:34:50,3382.070,  0.400,1,0,247, 25.000, 14.525,  0.000,-23.077, 13.525, 13.800,  0.000, 14.825, 14.300,  0.525,  0.800,  1.000,  0.800,0.00000,  0.000,
mon_rep231013,2023-10-13T11:34:50,3382.470,  0.400,1,0,247, 25.000, 14.525,  0.000,-23.077, 13.525, 13.800,  0.000, 14.825, 14.300,  0.525,  0.800,  1.000,  0.800,0.00000,  0.000,
mon_rep231013,2023-10-13T11:34:50,3382.870,  0.400,1,0,247, 25.000, 14.525,  0.000,-23.077, 13.525, 13.800,  0.000, 14.825, 14.300,  0.525,  0.800,  1.000,  0.800,0.00000,  0.000,
mon_rep231013,2023-10-13T11:34:51,3383.270,  0.400,1,0,247, 25.000, 14.525,  0.000,-23.077, 13.525, 13.800,  0.000, 14.825, 14.300,  0.525,  0.800,  1.000,  0.800,0.00000,  0.000,
mon_rep231013,2023-10-13T11:34:51,3383.670,  0.400,1,0,247, 25.000, 14.525,  0.000,-23.077, 13.525, 13.800,  0.000, 14.825, 14.300,  0.525,  0.800,  1.000,  0.800,0.00000,  0.000,
mon_rep231013,2023-10-13T11:34:52,3384.070,  0.400,1,0,247, 25.000, 14.525,  0.000,-23.077, 13.525, 13.800,  0.000, 14.825, 14.300,  0.525,  0.800,  1.000,  0.800,0.00000,  0.000,
mon_rep231013,2023-10-13T11:34:52,3384.470,  0.400,1,0,247, 25.000, 14.525,  0.000,-23.077, 13.525, 13.800,  0.000, 14.825, 14.300,  0.525,  0.800,  1.000,  0.800,0.00000,  0.000,
mon_rep231013,2023-10-13T11:34:52,3384.870,  0.400,1,0,247, 25.000, 14.525,  0.000,-23.077, 13.525, 13.800,  0.000, 14.825, 14.300,  0.525,  0.800,  1.000,  0.800,0.00000,  0.000,
mon_rep231013,2023-10-13T11:34:53,3385.270,  0.400,1,0,247, 25.000, 14.525,  0.000,-23.077, 13.525, 13.800,  0.000, 14.825, 14.300,  0.525,  0.800,  1.000,  0.800,0.00000,  0.000,
mon_rep231013,2023-10-13T11:34:53,3385.670,  0.400,1,0,247, 25.000, 14.525,  0.000,-23.077, 13.525, 13.800,  0.000, 14.825, 14.300,  0.525,  0.800,  1.000,  0.800,0.00000,  0.000,
mon_rep231013,2023-10-13T11:34:54,3386.070,  0.400,1,0,247, 25.000, 14.525,  0.000,-23.077, 13.525, 13.800,  0.000, 14.825, 14.300,  0.525,  0.800,  1.000,  0.800,0.00000,  0.000,
mon_rep231013,2023-10-13T11:34:54,3386.470,  0.400,1,0,247, 25.000, 14.525,  0.000,-23.077, 13.525, 13.800,  0.000, 14.825, 14.300,  0.525,  0.800,  1.000,  0.800,0.00000,  0.000,
mon_rep231013,2023-10-13T11:34:54,3386.870,  0.400,1,0,247, 25.000, 14.525,  0.000,-23.077, 13.525, 13.800,  0.000, 14.825, 14.300,  0.525,  0.800,  1.000,  0.800,0.00000,  0.000,
mon_rep231013,2023-10-13T11:34:55,3387.270,  0.400,1,0,247, 25.000, 14.525,  0.000,-23.077, 13.525, 13.800,  0.000, 14.825, 14.300,  0.525,  0.800,  1.000,  0.800,0.00000,  0.000,
mon_rep231013,2023-10-13T11:34:55,3387.670,  0.400,1,0,247, 25.000, 14.525,  0.000,-23.077, 13.525, 13.800,  0.000, 14.825, 14.300,  0.525,  0.800,  1.000,  0.800,0.00000,  0.000,
mon_rep231013,2023-10-13T11:34:56,3388.070,  0.400,1,0,247, 25.000, 14.525,  0.000,-23.077, 13.525, 13.800,  0.000, 14.825, 14.300,  0.525,  0.800,  1.000,  0.800,0.00000,  0.000,
mon_rep231013,2023-10-13T11:34:56,3388.470,  0.400,1,0,247, 25.000, 14.525,  0.000,-23.077, 13.525, 13.800,  0.000, 14.825, 14.300,  0.525,  0.800,  1.000,  0.800,0.00000,  0.000,
mon_rep231013,2023-10-13T11:34:56,3388.870,  0.400,1,0,247, 25.000, 14.525,  0.000,-23.077, 13.525, 13.800,  0.000, 14.825, 14.300,  0.525,  0.800,  1.000,  0.800,0.00000,  0.000,
mon_rep231013,2023-10-13T11:34:57,3389.270,  0.400,1,0,247, 25.000, 14.525,  0.000,-23.077, 13.525, 13.800,  0.000, 14.825, 14.300,  0.525,  0.800,  1.000,  0.800,0.00000,  0.000,
mon_rep231013,2023-10-13T11:34:57,3389.670,  0.400,1,0,247, 25.000, 14.525,  0.000,-23.077, 13.525, 13.800,  0.000, 14.825, 14.300,  0.525,  0.800,  1.000,  0.800,0.00000,  0.000,
mon_rep231013,2023-10-13T11:34:58,3390.070,  0.400,1,0,247, 25.000, 14.525,  0.000,-23.077, 13.525, 13.800,  0.000, 14.825, 14.300,  0.525,  0.800,  1.000,  0.800,0.00000,  0.000,
mon_rep231013,2023-10-13T11:34:58,3390.470,  0.400,1,0,247, 25.000, 14.525,  0.000,-23.077, 13.525, 13.800,  0.000, 14.825, 14.300,  0.525,  0.800,  1.000,  0.800,0.00000,  0.000,
mon_rep231013,2023-10-13T11:34:58,3390.870,  0.400,1,0,247, 25.000, 14.525,  0.000,-23.077, 13.525, 13.800,  0.000, 14.825, 14.300,  0.525,  0.800,  1.000,  0.800,0.00000,  0.000,
mon_rep231013,2023-10-13T11:34:59,3391.270,  0.400,1,0,247, 25.000, 14.525,  0.000,-23.077, 13.525, 13.800,  0.000, 14.825, 14.300,  0.525,  0.800,  1.000,  0.800,0.00000,  0.000,
mon_rep231013,2023-10-13T11:34:59,3391.670,  0.400,1,0,247, 25.000, 14.525,  0.000,-23.077, 13.525, 13.800,  0.000, 14.825, 14.300,  0.525,  0.800,  1.000,  0.800,0.00000,  0.000,
mon_rep231013,2023-10-13T11:35:00,3392.070,  0.400,1,0,247, 25.000, 14.525,  0.000,-23.077, 13.525, 13.800,  0.000, 14.825, 14.300,  0.525,  0.800,  1.000,  0.800,0.00000,  0.000,
mon_rep231013,2023-10-13T11:35:00,3392.470,  0.400,1,0,247, 25.000, 14.525,  0.000,-23.077, 13.525, 13.800,  0.000, 14.825, 14.300,  0.525,  0.800,  1.000,  0.800,0.00000,  0.000,
mon_rep231013,2023-10-13T11:35:00,3392.870,  0.400,1,0,247, 25.000, 14.525,  0.000,-23.077, 13.525, 13.800,  0.000, 14.825, 14.300,  0.525,  0.800,  1.000,  0.800,0.00000,  0.000,
mon_rep231013,2023-10-13T11:35:01,3393.270,  0.400,1,0,247, 25.000, 14.525,  0.000,-23.077, 13.525, 13.800,  0.000, 14.825, 14.300,  0.525,  0.800,  1.000,  0.800,0.00000,  0.000,
mon_rep231013,2023-10-13T11:35:01,3393.670,  0.400,1,0,247, 25.000, 14.525,  0.000,-23.077, 13.525, 13.800,  0.000, 14.825, 14.300,  0.525,  0.800,  1.000,  0.800,0.00000,  0.000,
mon_rep231013,2023-10-13T11:35:02,3394.070,  0.400,1,0,247, 25.000, 14.525,  0.000,-23.077, 13.525, 13.800,  0.000, 14.825, 14.300,  0.525,  0.800,  1.000,  0.800,0.00000,  0.000,
mon_rep231013,2023-10-13T11:35:02,3394.470,  0.400,1,0,247, 25.000, 14.525,  0.000,-23.077, 13.525, 13.800,  0.000, 14.825, 14.300,  0.525,  0.800,  1.000,  0.800,0.00000,  0.000,
mon_rep231013,2023-10-13T11:35:02,3394.870,  0.400,1,0,247, 25.000, 14.525,  0.000,-23.077, 13.525, 13.800,  0.000, 14.825, 14.300,  0.525,  0.800,  1.000,  0.800,0.00000,  0.000,
mon_rep231013,2023-10-13T11:35:03,3395.270,  0.400,1,0,247, 25.000, 14.525,  0.000,-23.077, 13.525, 13.800,  0.000, 14.825, 14.300,  0.525,  0.800,  1.000,  0.800,0.00000,  0.000,
mon_rep231013,2023-10-13T11:35:03,3395.670,  0.400,1,0,247, 25.000, 14.525,  0.000,-23.077, 13.525, 13.800,  0.000, 14.825, 14.300,  0.525,  0.800,  1.000,  0.800,0.00000,  0.000,
mon_rep231013,2023-10-13T11:35:04,3396.070,  0.400,1,0,247, 25.000, 14.525,  0.000,-23.077, 13.525, 13.800,  0.000, 14.825, 14.300,  0.525,  0.800,  1.000,  0.800,0.00000,  0.000,
mon_rep231013,2023-10-13T11:35:04,3396.470,  0.400,1,0,247, 25.000, 14.525,  0.000,-23.077, 13.525, 13.800,  0.000, 14.825, 14.300,  0.525,  0.800,  1.000,  0.800,0.00000,  0.000,
mon_rep231013,2023-10-13T11:35:04,3396.870,  0.400,1,0,247, 25.000, 14.525,  0.000,-23.077, 13.525, 13.800,  0.000, 14.825, 14.300,  0.525,  0.800,  1.000,  0.800,0.00000,  0.000,
mon_rep231013,2023-10-13T11:35:05,3397.270,  0.400,1,0,247, 25.000, 14.525,  0.000,-23.077, 13.525, 13.800,  0.000, 14.825, 14.300,  0.525,  0.800,  1.000,  0.800,0.00000,  0.000,
mon_rep231013,2023-10-13T11:35:05,3397.670,  0.400,1,0,247, 25.000, 14.525,  0.000,-23.077, 13.525, 13.800,  0.000, 14.825, 14.300,  0.525,  0.800,  1.000,  0.800,0.00000,  0.000,
mon_rep231013,2023-10-13T11:35:06,3398.070,  0.400,1,0,247, 25.000, 14.525,  0.000,-23.077, 13.525, 13.800,  0.000, 14.825, 14.300,  0.525,  0.800,  1.000,  0.800,0.00000,  0.000,
mon_rep231013,2023-10-13T11:35:06,3398.470,  0.400,1,0,247, 25.000, 14.525,  0.000,-23.077, 13.525, 13.800,  0.000, 14.825, 14.300,  0.525,  0.800,  1.000,  0.800,0.00000,  0.000,
mon_rep231013,2023-10-13T11:35:06,3398.870,  0.400,1,0,247, 25.000, 14.525,  0.000,-23.077, 13.525, 13.800,  0.000, 14.825, 14.300,  0.525,  0.800,  1.000,  0.800,0.00000,  0.000,
mon_rep231013,2023-10-13T11:35:07,3399.270,  0.400,1,0,247, 25.000, 14.525,  0.000,-23.077, 13.525, 13.800,  0.000, 14.825, 14.300,  0.525,  0.800,  1.000,  0.800,0.00000,  0.000,
mon_rep231013,2023-10-13T11:35:07,3399.670,  0.400,1,0,247, 25.000, 14.525,  0.000,-23.077, 13.525, 13.800,  0.000, 14.825, 14.300,  0.525,  0.800,  1.000,  0.800,0.00000,  0.000,
mon_rep231013,2023-10-13T11:35:08,3400.070,  0.400,1,0,247, 25.000, 14.525,  0.000,-23.077, 13.525, 13.800,  0.000, 14.825, 14.300,  0.525,  0.800,  1.000,  0.800,0.00000,  0.000,
mon_rep231013,2023-10-13T11:35:08,3400.470,  0.400,1,0,247, 25.000, 14.525,  0.000,-23.077, 13.525, 13.800,  0.000, 14.825, 14.300,  0.525,  0.800,  1.000,  0.800,0.00000,  0.000,
mon_rep231013,2023-10-13T11:35:08,3400.870,  0.400,1,0,247, 25.000, 14.525,  0.000,-23.077, 13.525, 13.800,  0.000, 14.825, 14.300,  0.525,  0.800,  1.000,  0.800,0.00000,  0.000,
mon_rep231013,2023-10-13T11:35:09,3401.270,  0.400,1,0,247, 25.000, 14.525,  0.000,-23.077, 13.525, 13.800,  0.000, 14.825, 14.300,  0.525,  0.800,  1.000,  0.800,0.00000,  0.000,
mon_rep231013,2023-10-13T11:35:09,3401.670,  0.400,1,0,247, 25.000, 14.525,  0.000,-23.077, 13.525, 13.800,  0.000, 14.825, 14.300,  0.525,  0.800,  1.000,  0.800,0.00000,  0.000,
mon_rep231013,2023-10-13T11:35:10,3402.070,  0.400,1,0,247, 25.000, 14.525,  0.000,-23.077, 13.525, 13.800,  0.000, 14.825, 14.300,  0.525,  0.800,  1.000,  0.800,0.00000,  0.000,
mon_rep231013,2023-10-13T11:35:10,3402.470,  0.400,1,0,247, 25.000, 14.525,  0.000,-23.077, 13.525, 13.800,  0.000, 14.825, 14.300,  0.525,  0.800,  1.000,  0.800,0.00000,  0.000,
mon_rep231013,2023-10-13T11:35:10,3402.870,  0.400,1,0,247, 25.000, 14.525,  0.000,-23.077, 13.525, 13.800,  0.000, 14.825, 14.300,  0.525,  0.800,  1.000,  0.800,0.00000,  0.000,
mon_rep231013,2023-10-13T11:35:11,3403.270,  0.400,1,0,247, 25.000, 14.525,  0.000,-23.077, 13.525, 13.800,  0.000, 14.825, 14.300,  0.525,  0.800,  1.000,  0.800,0.00000,  0.000,
mon_rep231013,2023-10-13T11:35:11,3403.670,  0.400,1,0,247, 25.000, 14.525,  0.000,-23.077, 13.525, 13.800,  0.000, 14.825, 14.300,  0.525,  0.800,  1.000,  0.800,0.00000,  0.000,
