unit,               hm,                  cTime,        dt,       sat,sel,mod,      Tb,  vb,  ib,  ioc,  voc_soc,    vsat,dv_dyn,voc_stat,voc_ekf,     y_ekf,    soc_s,soc_ekf,soc,
mon_rep230616,2023-06-16T04:18:43, -5.503,  0.103,1,0,255, 25.000, 14.640,  0.000,-15.000, 14.700, 13.800,  0.000, 14.700, 14.700,  0.000,  1.000,  1.000,  1.000,
mon_rep230616,2023-06-16T04:18:43, -5.400,  0.103,1,0,255, 25.000, 14.640,  0.000,-15.000, 14.700, 13.800,  0.000, 14.700, 14.700,  0.000,  1.000,  1.000,  1.000,
mon_rep230616,2023-06-16T04:18:43, -5.300,  0.100,1,0,255, 25.000, 14.640,  0.000,-15.000, 14.700, 13.800,  0.000, 14.700, 14.700,  0.000,  1.000,  1.000,  1.000,
mon_rep230616,2023-06-16T04:18:43, -5.199,  0.101,1,0,255, 25.000, 14.640,  0.000,-15.000, 14.700, 13.800,  0.000, 14.700, 14.700,  0.000,  1.000,  1.000,  1.000,
mon_rep230616,2023-06-16T04:18:43, -5.100,  0.099,1,0,255, 25.000, 14.640,  0.000,-15.000, 14.700, 13.800,  0.000, 14.700, 14.700,  0.000,  1.000,  1.000,  1.000,
mon_rep230616,2023-06-16T04:18:43, -5.000,  0.100,1,0,255, 25.000, 14.640,  0.000,-15.000, 14.700, 13.800,  0.000, 14.700, 14.700,  0.000,  1.000,  1.000,  1.000,
mon_rep230616,2023-06-16T04:18:43, -4.899,  0.101,1,0,255, 25.000, 14.640,  0.000,-15.000, 14.700, 13.800,  0.000, 14.700, 14.700,  0.000,  1.000,  1.000,  1.000,
mon_rep230616,2023-06-16T04:18:43, -4.800,  0.099,1,0,255, 25.000, 14.640,  0.000,-15.000, 14.700, 13.800,  0.000, 14.700, 14.700,  0.000,  1.000,  1.000,  1.000,
mon_rep230616,2023-06-16T04:18:43, -4.699,  0.101,1,0,255, 25.000, 14.640,  0.000,-15.000, 14.700, 13.800,  0.000, 14.700, 14.700,  0.000,  1.000,  1.000,  1.000,
mon_rep230616,2023-06-16T04:18:44, -4.600,  0.099,1,0,255, 25.000, 14.640,  0.000,-15.000, 14.700, 13.800,  0.000, 14.700, 14.700,  0.000,  1.000,  1.000,  1.000,
mon_rep230616,2023-06-16T04:18:44, -4.499,  0.101,1,0,255, 25.000, 14.640,  0.000,-15.000, 14.700, 13.800,  0.000, 14.700, 14.700,  0.000,  1.000,  1.000,  1.000,
mon_rep230616,2023-06-16T04:18:44, -4.400,  0.099,1,0,255, 25.000, 14.640,  0.000,-15.000, 14.700, 13.800,  0.000, 14.700, 14.700,  0.000,  1.000,  1.000,  1.000,
mon_rep230616,2023-06-16T04:18:44, -4.300,  0.100,1,0,255, 25.000, 14.640,  0.000,-15.000, 14.700, 13.800,  0.000, 14.700, 14.700,  0.000,  1.000,  1.000,  1.000,
mon_rep230616,2023-06-16T04:18:44, -4.199,  0.101,1,0,255, 25.000, 14.640,  0.000,-15.000, 14.700, 13.800,  0.000, 14.700, 14.700,  0.000,  1.000,  1.000,  1.000,
mon_rep230616,2023-06-16T04:18:44, -4.100,  0.099,1,0,255, 25.000, 14.640,  0.000,-15.000, 14.700, 13.800,  0.000, 14.700, 14.700,  0.000,  1.000,  1.000,  1.000,
mon_rep230616,2023-06-16T04:18:44, -3.999,  0.101,1,0,255, 25.000, 14.640,  0.000,-15.000, 14.700, 13.800,  0.000, 14.700, 14.700,  0.000,  1.000,  1.000,  1.000,
mon_rep230616,2023-06-16T04:18:44, -3.900,  0.099,1,0,255, 25.000, 14.640,  0.000,-15.000, 14.700, 13.800,  0.000, 14.700, 14.700,  0.000,  1.000,  1.000,  1.000,
mon_rep230616,2023-06-16T04:18:44, -3.800,  0.100,1,0,255, 25.000, 14.640,  0.000,-15.000, 14.700, 13.800,  0.000, 14.700, 14.700,  0.000,  1.000,  1.000,  1.000,
mon_rep230616,2023-06-16T04:18:44, -3.700,  0.100,1,0,255, 25.000, 14.640,  0.000,-15.000, 14.700, 13.800,  0.000, 14.700, 14.700,  0.000,  1.000,  1.000,  1.000,
mon_rep230616,2023-06-16T04:18:45, -3.600,  0.100,1,0,255, 25.000, 14.640,  0.000,-15.000, 14.700, 13.800,  0.000, 14.700, 14.700,  0.000,  1.000,  1.000,  1.000,
mon_rep230616,2023-06-16T04:18:45, -3.500,  0.100,1,0,255, 25.000, 14.640,  0.000,-15.000, 14.700, 13.800,  0.000, 14.700, 14.700,  0.000,  1.000,  1.000,  1.000,
mon_rep230616,2023-06-16T04:18:45, -3.400,  0.100,1,0,255, 25.000, 14.640,  0.000,-15.000, 14.700, 13.800,  0.000, 14.700, 14.700,  0.000,  1.000,  1.000,  1.000,
mon_rep230616,2023-06-16T04:18:45, -3.300,  0.100,1,0,255, 25.000, 14.640,  0.000,-15.000, 14.700, 13.800,  0.000, 14.700, 14.700,  0.000,  1.000,  1.000,  1.000,
mon_rep230616,2023-06-16T04:18:45, -3.200,  0.100,1,0,255, 25.000, 14.640,  0.000,-15.000, 14.700, 13.800,  0.000, 14.700, 14.700,  0.000,  1.000,  1.000,  1.000,
mon_rep230616,2023-06-16T04:18:45, -3.100,  0.100,1,0,255, 25.000, 14.640,  0.000,-15.000, 14.700, 13.800,  0.000, 14.700, 14.700,  0.000,  1.000,  1.000,  1.000,
mon_rep230616,2023-06-16T04:18:45, -3.000,  0.100,1,0,255, 25.000, 14.640,  0.000,-15.000, 14.700, 13.800,  0.000, 14.700, 14.700,  0.000,  1.000,  1.000,  1.000,
mon_rep230616,2023-06-16T04:18:45, -2.899,  0.101,1,0,255, 25.000, 14.640,  0.000,-15.000, 14.700, 13.800,  0.000, 14.700, 14.700,  0.000,  1.000,  1.000,  1.000,
mon_rep230616,2023-06-16T04:18:45, -2.800,  0.099,1,0,255, 25.000, 14.640,  0.000,-15.000, 14.700, 13.800,  0.000, 14.700, 14.700,  0.000,  1.000,  1.000,  1.000,
mon_rep230616,2023-06-16T04:18:45, -2.700,  0.100,1,0,255, 25.000, 14.640,  0.000,-15.000, 14.700, 13.800,  0.000, 14.700, 14.700,  0.000,  1.000,  1.000,  1.000,
mon_rep230616,2023-06-16T04:18:46, -2.599,  0.101,1,0,255, 25.000, 14.640,  0.000,-15.000, 14.700, 13.800,  0.000, 14.700, 14.700,  0.000,  1.000,  1.000,  1.000,
mon_rep230616,2023-06-16T04:18:46, -2.500,  0.099,1,0,255, 25.000, 14.640,  0.000,-15.000, 14.700, 13.800,  0.000, 14.700, 14.700,  0.000,  1.000,  1.000,  1.000,
mon_rep230616,2023-06-16T04:18:46, -2.400,  0.100,1,0,255, 25.000, 14.640,  0.000,-15.000, 14.700, 13.800,  0.000, 14.700, 14.700,  0.000,  1.000,  1.000,  1.000,
mon_rep230616,2023-06-16T04:18:46, -2.299,  0.101,1,0,255, 25.000, 14.640,  0.000,-15.000, 14.700, 13.800,  0.000, 14.700, 14.700,  0.000,  1.000,  1.000,  1.000,
mon_rep230616,2023-06-16T04:18:46, -2.200,  0.099,1,0,255, 25.000, 14.640,  0.000,-15.000, 14.700, 13.800,  0.000, 14.700, 14.700,  0.000,  1.000,  1.000,  1.000,
mon_rep230616,2023-06-16T04:18:46, -2.099,  0.101,1,0,255, 25.000, 14.640,  0.000,-15.000, 14.700, 13.800,  0.000, 14.700, 14.700,  0.000,  1.000,  1.000,  1.000,
mon_rep230616,2023-06-16T04:18:46, -2.000,  0.099,1,0,255, 25.000, 14.640,  0.000,-15.000, 14.700, 13.800,  0.000, 14.700, 14.700,  0.000,  1.000,  1.000,  1.000,
mon_rep230616,2023-06-16T04:18:46, -1.900,  0.100,1,0,255, 25.000, 14.640,  0.000,-15.000, 14.700, 13.800,  0.000, 14.700, 14.700,  0.000,  1.000,  1.000,  1.000,
mon_rep230616,2023-06-16T04:18:46, -1.800,  0.100,1,0,255, 25.000, 14.640,  0.000,-15.000, 14.700, 13.800,  0.000, 14.700, 14.700,  0.000,  1.000,  1.000,  1.000,
mon_rep230616,2023-06-16T04:18:46, -1.700,  0.100,1,0,255, 25.000, 14.640,  0.000,-15.000, 14.700, 13.800,  0.000, 14.700, 14.700,  0.000,  1.000,  1.000,  1.000,
mon_rep230616,2023-06-16T04:18:47, -1.599,  0.101,1,0,255, 25.000, 14.640,  0.000,-15.000, 14.700, 13.800,  0.000, 14.700, 14.700,  0.000,  1.000,  1.000,  1.000,
mon_rep230616,2023-06-16T04:18:47, -1.500,  0.099,1,0,255, 25.000, 14.640,  0.000,-15.000, 14.700, 13.800,  0.000, 14.700, 14.700,  0.000,  1.000,  1.000,  1.000,
mon_rep230616,2023-06-16T04:18:47, -1.399,  0.101,1,0,255, 25.000, 14.640,  0.000,-15.000, 14.700, 13.800,  0.000, 14.700, 14.700,  0.000,  1.000,  1.000,  1.000,
mon_rep230616,2023-06-16T04:18:47, -1.300,  0.099,1,0,255, 25.000, 14.640,  0.000,-15.000, 14.700, 13.800,  0.000, 14.700, 14.700,  0.000,  1.000,  1.000,  1.000,
mon_rep230616,2023-06-16T04:18:47, -1.200,  0.100,1,0,255, 25.000, 14.640,  0.000,-15.000, 14.700, 13.800,  0.000, 14.700, 14.700,  0.000,  1.000,  1.000,  1.000,
mon_rep230616,2023-06-16T04:18:47, -1.100,  0.100,1,0,255, 25.000, 14.640,  0.000,-15.000, 14.700, 13.800,  0.000, 14.700, 14.700,  0.000,  1.000,  1.000,  1.000,
mon_rep230616,2023-06-16T04:18:47, -0.999,  0.101,1,0,255, 25.000, 14.640,  0.000,-15.000, 14.700, 13.800,  0.000, 14.700, 14.700,  0.000,  1.000,  1.000,  1.000,
mon_rep230616,2023-06-16T04:18:47, -0.900,  0.099,1,0,255, 25.000, 14.640,  0.000,-15.000, 14.700, 13.800,  0.000, 14.700, 14.700,  0.000,  1.000,  1.000,  1.000,
mon_rep230616,2023-06-16T04:18:47, -0.800,  0.100,1,0,255, 25.000, 14.640,  0.000,-15.000, 14.700, 13.800,  0.000, 14.700, 14.700,  0.000,  1.000,  1.000,  1.000,
mon_rep230616,2023-06-16T04:18:47, -0.700,  0.100,1,0,255, 25.000, 14.640,  0.000,-15.000, 14.700, 13.800,  0.000, 14.700, 14.700,  0.000,  1.000,  1.000,  1.000,
mon_rep230616,2023-06-16T04:18:48, -0.600,  0.100,1,0,255, 25.000, 14.640,  0.000,-15.000, 14.700, 13.800,  0.000, 14.700, 14.700,  0.000,  1.000,  1.000,  1.000,
mon_rep230616,2023-06-16T04:18:48, -0.499,  0.101,1,0,255, 25.000, 14.640,  0.000,-15.000, 14.700, 13.800,  0.000, 14.700, 14.700,  0.000,  1.000,  1.000,  1.000,
mon_rep230616,2023-06-16T04:18:48, -0.400,  0.099,1,0,255, 25.000, 14.640,  0.000,-15.000, 14.700, 13.800,  0.000, 14.700, 14.700,  0.000,  1.000,  1.000,  1.000,
mon_rep230616,2023-06-16T04:18:48, -0.300,  0.100,1,0,255, 25.000, 14.640,  0.000,-15.000, 14.700, 13.800,  0.000, 14.700, 14.700,  0.000,  1.000,  1.000,  1.000,
mon_rep230616,2023-06-16T04:18:48, -0.200,  0.100,1,0,255, 25.000, 14.640,  0.000,-15.000, 14.700, 13.800,  0.000, 14.700, 14.700,  0.000,  1.000,  1.000,  1.000,
mon_rep230616,2023-06-16T04:18:48, -0.100,  0.100,1,0,255, 25.000, 14.640,  0.000,-15.000, 14.700, 13.800,  0.000, 14.700, 14.700,  0.000,  1.000,  1.000,  1.000,
mon_rep230616,2023-06-16T04:18:48,  0.000,  0.100,1,0,255, 25.000, 14.640,  0.000,-15.000, 14.700, 13.800,  0.000, 14.700, 14.700,  0.000,  1.000,  1.000,  1.000,
mon_rep230616,2023-06-16T04:18:48,  0.100,  0.100,1,0,255, 25.000, 14.640,-25.132,-15.000, 14.700, 13.800, -0.347, 15.047, 14.700,  0.000,  1.000,  1.000,  1.000,
mon_rep230616,2023-06-16T04:18:48,  0.201,  0.101,1,0,255, 25.000, 14.292,-50.260,-15.000, 14.699, 13.800, -0.695, 15.047, 14.700,  0.000,  1.000,  1.000,  1.000,
mon_rep230616,2023-06-16T04:18:48,  0.301,  0.100,1,0,255, 25.000, 13.943,-75.632,-15.000, 14.698, 13.800, -1.046, 15.049, 14.700,  0.000,  1.000,  1.000,  1.000,
mon_rep230616,2023-06-16T04:18:49,  0.401,  0.100,1,0,255, 25.000, 13.589,-100.740,-15.000, 14.695, 13.800, -1.395, 15.044, 14.700,  0.000,  1.000,  1.000,  1.000,
mon_rep230616,2023-06-16T04:18:49,  0.501,  0.100,1,0,255, 25.000, 13.238,-125.832,-15.000, 14.692, 13.800, -1.744, 15.041, 14.700,  0.000,  1.000,  1.000,  1.000,
mon_rep230616,2023-06-16T04:18:49,  0.601,  0.100,1,0,255, 25.000, 12.885,-150.904,-15.000, 14.689, 13.800, -2.093, 15.038, 14.700,  0.000,  1.000,  1.000,  1.000,
mon_rep230616,2023-06-16T04:18:49,  0.701,  0.100,1,0,255, 25.000, 12.531,-175.953,-15.000, 14.684, 13.800, -2.443, 15.034, 14.700,  0.000,  1.000,  1.000,  1.000,
mon_rep230616,2023-06-16T04:18:49,  0.801,  0.100,1,0,255, 25.000, 12.176,-200.973,-15.000, 14.679, 13.800, -2.792, 15.029, 14.700,  0.000,  1.000,  1.000,  1.000,
mon_rep230616,2023-06-16T04:18:49,  0.901,  0.100,1,0,255, 25.000, 11.821,-225.962,-15.000, 14.673, 13.800, -3.142, 15.023, 14.700,  0.000,  1.000,  1.000,  1.000,
mon_rep230616,2023-06-16T04:18:49,  1.001,  0.100,1,0,255, 25.000, 11.464,-250.916,-15.000, 14.666, 13.800, -3.492, 15.016, 14.700,  0.000,  1.000,  1.000,  1.000,
mon_rep230616,2023-06-16T04:18:49,  1.101,  0.100,1,0,255, 25.000, 11.107,-275.830,-15.000, 14.659, 13.800, -3.842, 15.008, 14.700,  0.000,  1.000,  1.000,  1.000,
mon_rep230616,2023-06-16T04:18:49,  1.201,  0.100,1,0,255, 25.000, 10.749,-300.700,-15.000, 14.650, 13.800, -4.191, 15.000, 14.700,  0.000,  1.000,  1.000,  1.000,
mon_rep230616,2023-06-16T04:18:49,  1.301,  0.100,1,0,255, 25.000, 10.390,-325.522,-15.000, 14.641, 13.800, -4.541, 14.991, 14.700,  0.000,  0.999,  1.000,  0.999,
mon_rep230616,2023-06-16T04:18:50,  1.401,  0.100,1,0,255, 25.000, 10.030,-350.293,-15.000, 14.632, 13.800, -4.891, 14.981, 14.700,  0.000,  0.999,  1.000,  0.999,
mon_rep230616,2023-06-16T04:18:50,  1.501,  0.100,1,0,255, 25.000,  9.670,-375.010,-15.000, 14.621, 13.800, -5.240, 14.971, 14.700,  0.000,  0.999,  1.000,  0.999,
mon_rep230616,2023-06-16T04:18:50,  1.601,  0.100,1,0,255, 25.000,  9.310,-399.666,-15.000, 14.610, 13.800, -5.589, 14.959, 14.700,  0.000,  0.999,  1.000,  0.999,
mon_rep230616,2023-06-16T04:18:50,  1.701,  0.100,1,0,255, 25.000,  8.949,-424.260,-15.000, 14.598, 13.800, -5.938, 14.947, 14.700,  0.000,  0.999,  1.000,  0.999,
mon_rep230616,2023-06-16T04:18:50,  1.801,  0.100,1,0,255, 25.000,  8.587,-448.786,-15.000, 14.585, 13.800, -6.286, 14.934, 14.700,  0.000,  0.999,  1.000,  0.999,
mon_rep230616,2023-06-16T04:18:50,  1.901,  0.100,1,0,255, 25.000,  8.225,-473.242,-15.000, 14.572, 13.800, -6.634, 14.920, 14.700,  0.000,  0.999,  1.000,  0.999,
mon_rep230616,2023-06-16T04:18:50,  2.001,  0.100,1,0,255, 25.000,  7.863,-497.623,-15.000, 14.558, 13.800, -6.982, 14.905, 14.362,  0.543,  0.999,  0.998,  0.999,
mon_rep230616,2023-06-16T04:18:50,  2.101,  0.100,1,0,255, 25.000,  7.501,-521.926,-15.000, 14.543, 13.800, -7.329, 14.890, 14.362,  0.543,  0.999,  0.998,  0.999,
mon_rep230616,2023-06-16T04:18:50,  2.201,  0.100,1,0,255, 25.000,  7.139,-546.146,-15.000, 14.527, 13.800, -7.675, 14.873, 14.362,  0.543,  0.998,  0.998,  0.998,
mon_rep230616,2023-06-16T04:18:50,  2.301,  0.100,1,0,255, 25.000,  6.776,-570.279,-15.000, 14.511, 13.800, -8.020, 14.856, 14.362,  0.543,  0.998,  0.998,  0.998,
mon_rep230616,2023-06-16T04:18:51,  2.401,  0.100,1,0,255, 25.000,  6.413,-594.323,-15.000, 14.494, 13.800, -8.365, 14.839, 14.362,  0.543,  0.998,  0.998,  0.998,
mon_rep230616,2023-06-16T04:18:51,  2.501,  0.100,1,0,255, 25.000,  6.051,-618.273,-15.000, 14.476, 13.800, -8.709, 14.820, 14.362,  0.543,  0.998,  0.998,  0.998,
mon_rep230616,2023-06-16T04:18:51,  2.601,  0.100,1,0,255, 25.000,  5.688,-642.125,-15.000, 14.457, 13.800, -9.053, 14.801, 14.362,  0.543,  0.998,  0.998,  0.998,
mon_rep230616,2023-06-16T04:18:51,  2.701,  0.100,1,0,255, 25.000,  5.326,-665.876,-15.000, 14.438, 13.800, -9.395, 14.781, 14.362,  0.543,  0.998,  0.998,  0.998,
mon_rep230616,2023-06-16T04:18:51,  2.801,  0.100,1,0,255, 25.000,  4.963,-689.522,-15.000, 14.418, 13.800, -9.736, 14.760, 14.362,  0.543,  0.998,  0.998,  0.998,
mon_rep230616,2023-06-16T04:18:51,  2.901,  0.100,1,0,255, 25.000,  4.601,-713.059,-15.000, 14.398, 13.800,-10.077, 14.738, 14.362,  0.543,  0.997,  0.998,  0.997,
mon_rep230616,2023-06-16T04:18:51,  3.001,  0.100,1,0,255, 25.000,  4.240,-736.483,-15.000, 14.376, 13.800,-10.416, 14.716, 14.362,  0.543,  0.997,  0.998,  0.997,
mon_rep230616,2023-06-16T04:18:51,  3.101,  0.100,1,0,255, 25.000,  3.878,-759.791,-15.000, 14.354, 13.800,-10.754, 14.693, 14.362,  0.543,  0.997,  0.998,  0.997,
mon_rep230616,2023-06-16T04:18:51,  3.201,  0.100,1,0,255, 25.000,  3.517,-782.979,-15.000, 14.332, 13.800,-11.091, 14.669, 14.362,  0.543,  0.997,  0.998,  0.997,
mon_rep230616,2023-06-16T04:18:51,  3.301,  0.100,1,0,255, 25.000,  3.157,-806.043,-15.000, 14.308, 13.800,-11.427, 14.644, 14.362,  0.543,  0.997,  0.998,  0.997,
mon_rep230616,2023-06-16T04:18:52,  3.401,  0.100,1,0,255, 25.000,  2.797,-828.980,-15.000, 14.284, 13.800,-11.761, 14.619, 14.362,  0.543,  0.996,  0.998,  0.996,
mon_rep230616,2023-06-16T04:18:52,  3.501,  0.100,1,0,255, 25.000,  2.438,-851.786,-15.000, 14.259, 13.800,-12.095, 14.592, 14.362,  0.543,  0.996,  0.998,  0.996,
mon_rep230616,2023-06-16T04:18:52,  3.601,  0.100,1,0,255, 25.000,  2.079,-874.458,-15.000, 14.234, 13.800,-12.426, 14.566, 14.362,  0.543,  0.996,  0.998,  0.996,
mon_rep230616,2023-06-16T04:18:52,  3.701,  0.100,1,0,255, 25.000,  1.721,-896.991,-15.000, 14.208, 13.800,-12.757, 14.538, 14.362,  0.543,  0.996,  0.998,  0.996,
mon_rep230616,2023-06-16T04:18:52,  3.801,  0.100,1,0,255, 25.000,  1.364,-919.383,-15.000, 14.181, 13.800,-13.085, 14.510, 14.362,  0.543,  0.995,  0.998,  0.995,
mon_rep230616,2023-06-16T04:18:52,  3.901,  0.100,1,0,255, 25.000,  1.008,-941.630,-15.000, 14.153, 13.800,-13.413, 14.480, 14.362,  0.543,  0.995,  0.998,  0.995,
mon_rep230616,2023-06-16T04:18:52,  4.001,  0.100,1,0,255, 25.000,  0.652,-963.728,-15.000, 14.125, 13.800,-13.738, 14.451, 13.843,  0.607,  0.995,  0.994,  0.995,
mon_rep230616,2023-06-16T04:18:52,  4.101,  0.100,1,0,255, 25.000,  0.298,-985.673,-15.000, 14.096, 13.800,-14.062, 14.420, 13.843,  0.607,  0.995,  0.994,  0.995,
mon_rep230616,2023-06-16T04:18:52,  4.201,  0.100,1,0,255, 25.000, -0.056,-1007.463,-15.000, 14.067, 13.800,-14.384, 14.389, 13.843,  0.607,  0.995,  0.994,  0.995,
mon_rep230616,2023-06-16T04:18:52,  4.301,  0.100,1,0,255, 25.000, -0.408,-1029.094,-15.000, 14.037, 13.800,-14.705, 14.357, 13.843,  0.607,  0.994,  0.994,  0.994,
mon_rep230616,2023-06-16T04:18:53,  4.401,  0.100,1,0,255, 25.000, -0.759,-1050.563,-15.000, 14.006, 13.800,-15.024, 14.324, 13.843,  0.607,  0.994,  0.994,  0.994,
mon_rep230616,2023-06-16T04:18:53,  4.501,  0.100,1,0,255, 25.000, -1.109,-1071.866,-15.000, 13.974, 13.800,-15.340, 14.291, 13.843,  0.607,  0.994,  0.994,  0.994,
mon_rep230616,2023-06-16T04:18:53,  4.601,  0.100,1,0,255, 25.000, -1.458,-1092.999,-15.000, 13.942, 13.800,-15.655, 14.257, 13.843,  0.607,  0.993,  0.994,  0.993,
mon_rep230616,2023-06-16T04:18:53,  4.701,  0.100,1,0,255, 25.000, -1.806,-1113.960,-15.000, 13.910, 13.800,-15.968, 14.222, 13.843,  0.607,  0.993,  0.994,  0.993,
mon_rep230616,2023-06-16T04:18:53,  4.801,  0.100,1,0,255, 25.000, -2.152,-1134.745,-15.000, 13.876, 13.800,-16.279, 14.187, 13.843,  0.607,  0.993,  0.994,  0.993,
mon_rep230616,2023-06-16T04:18:53,  4.901,  0.100,1,0,255, 25.000, -2.497,-1155.351,-15.000, 13.842, 13.800,-16.588, 14.151, 13.843,  0.607,  0.993,  0.994,  0.993,
mon_rep230616,2023-06-16T04:18:53,  5.001,  0.100,1,0,255, 25.000, -2.840,-1175.774,-15.000, 13.808, 13.800,-16.885, 14.105, 13.843,  0.607,  0.992,  0.994,  0.992,
mon_rep230616,2023-06-16T04:18:53,  5.101,  0.100,1,0,255, 25.000, -3.173,-1196.011,-15.000, 13.773, 13.800,-17.164, 14.052, 13.843,  0.607,  0.992,  0.994,  0.992,
mon_rep230616,2023-06-16T04:18:53,  5.201,  0.100,1,0,255, 25.000, -3.488,-1216.060,-15.000, 13.737, 13.800,-17.441, 14.013, 13.843,  0.607,  0.992,  0.994,  0.992,
mon_rep230616,2023-06-16T04:18:53,  5.301,  0.100,1,0,255, 25.000, -3.801,-1235.917,-15.000, 13.700, 13.800,-17.715, 13.974, 13.843,  0.607,  0.991,  0.994,  0.991,
mon_rep230616,2023-06-16T04:18:54,  5.401,  0.100,1,0,255, 25.000, -4.112,-1255.578,-15.000, 13.663, 13.800,-17.987, 13.935, 13.843,  0.607,  0.991,  0.994,  0.991,
mon_rep230616,2023-06-16T04:18:54,  5.501,  0.100,1,0,255, 25.000, -4.421,-1275.042,-15.000, 13.626, 13.800,-18.255, 13.894, 13.843,  0.607,  0.991,  0.994,  0.991,
mon_rep230616,2023-06-16T04:18:54,  5.601,  0.100,1,0,255, 25.000, -4.727,-1294.303,-15.000, 13.588, 13.800,-18.521, 13.853, 13.843,  0.607,  0.991,  0.994,  0.991,
mon_rep230616,2023-06-16T04:18:54,  5.701,  0.100,1,0,255, 25.000, -5.032,-1313.361,-15.000, 13.549, 13.800,-18.784, 13.812, 13.843,  0.607,  0.990,  0.994,  0.990,
mon_rep230616,2023-06-16T04:18:54,  5.801,  0.100,1,0,255, 25.000, -5.334,-1332.211,-15.000, 13.510, 13.800,-19.044, 13.770, 13.843,  0.607,  0.990,  0.994,  0.990,
mon_rep230616,2023-06-16T04:18:54,  5.901,  0.100,1,0,255, 25.000, -5.620,-1350.851,-15.000, 13.484, 13.800,-19.301, 13.741, 13.843,  0.607,  0.990,  0.994,  0.990,
mon_rep230616,2023-06-16T04:18:54,  6.001,  0.100,1,0,255, 25.000, -5.883,-1369.277,-15.000, 13.478, 13.800,-19.556, 13.732, 13.418,  0.314,  0.989,  0.986,  0.989,
mon_rep230616,2023-06-16T04:18:54,  6.101,  0.100,1,0,255, 25.000, -6.144,-1387.488,-15.000, 13.472, 13.800,-19.807, 13.723, 13.418,  0.314,  0.989,  0.986,  0.989,
mon_rep230616,2023-06-16T04:18:54,  6.201,  0.100,1,0,255, 25.000, -6.401,-1405.479,-15.000, 13.466, 13.800,-20.055, 13.714, 13.418,  0.314,  0.989,  0.986,  0.989,
mon_rep230616,2023-06-16T04:18:54,  6.301,  0.100,1,0,255, 25.000, -6.655,-1423.248,-15.000, 13.460, 13.800,-20.300, 13.705, 13.418,  0.314,  0.988,  0.986,  0.988,
mon_rep230616,2023-06-16T04:18:55,  6.401,  0.100,1,0,255, 25.000, -6.907,-1440.792,-15.000, 13.454, 13.800,-20.542, 13.696, 13.418,  0.314,  0.988,  0.986,  0.988,
mon_rep230616,2023-06-16T04:18:55,  6.501,  0.100,1,0,255, 25.000, -7.155,-1458.109,-15.000, 13.447, 13.800,-20.781, 13.686, 13.418,  0.314,  0.987,  0.986,  0.987,
mon_rep230616,2023-06-16T04:18:55,  6.601,  0.100,1,0,255, 25.000, -7.400,-1475.196,-15.000, 13.441, 13.800,-21.017, 13.677, 13.418,  0.314,  0.987,  0.986,  0.987,
mon_rep230616,2023-06-16T04:18:55,  6.701,  0.100,1,0,255, 25.000, -7.643,-1492.050,-15.000, 13.435, 13.800,-21.250, 13.667, 13.418,  0.314,  0.987,  0.986,  0.987,
mon_rep230616,2023-06-16T04:18:55,  6.801,  0.100,1,0,255, 25.000, -7.882,-1508.668,-15.000, 13.428, 13.800,-21.479, 13.657, 13.418,  0.314,  0.986,  0.986,  0.986,
mon_rep230616,2023-06-16T04:18:55,  6.901,  0.100,1,0,255, 25.000, -8.118,-1525.048,-15.000, 13.422, 13.800,-21.705, 13.648, 13.418,  0.314,  0.986,  0.986,  0.986,
mon_rep230616,2023-06-16T04:18:55,  7.001,  0.100,1,0,255, 25.000, -8.350,-1541.187,-15.000, 13.415, 13.800,-21.928, 13.638, 13.418,  0.314,  0.986,  0.986,  0.986,
mon_rep230616,2023-06-16T04:18:55,  7.101,  0.100,1,0,255, 25.000, -8.580,-1557.082,-15.000, 13.408, 13.800,-22.147, 13.628, 13.418,  0.314,  0.985,  0.986,  0.985,
mon_rep230616,2023-06-16T04:18:55,  7.201,  0.100,1,0,255, 25.000, -8.806,-1572.732,-15.000, 13.402, 13.800,-22.363, 13.617, 13.418,  0.314,  0.985,  0.986,  0.985,
mon_rep230616,2023-06-16T04:18:55,  7.301,  0.100,1,0,255, 25.000, -9.029,-1588.134,-15.000, 13.395, 13.800,-22.576, 13.607, 13.418,  0.314,  0.984,  0.986,  0.984,
mon_rep230616,2023-06-16T04:18:56,  7.401,  0.100,1,0,255, 25.000, -9.248,-1603.284,-15.000, 13.388, 13.800,-22.785, 13.597, 13.418,  0.314,  0.984,  0.986,  0.984,
mon_rep230616,2023-06-16T04:18:56,  7.501,  0.100,1,0,255, 25.000, -9.464,-1618.182,-15.000, 13.381, 13.800,-22.990, 13.586, 13.418,  0.314,  0.984,  0.986,  0.984,
mon_rep230616,2023-06-16T04:18:56,  7.601,  0.100,1,0,255, 25.000, -9.677,-1632.823,-15.000, 13.374, 13.800,-23.192, 13.576, 13.418,  0.314,  0.983,  0.986,  0.983,
mon_rep230616,2023-06-16T04:18:56,  7.701,  0.100,1,0,255, 25.000, -9.886,-1647.208,-15.000, 13.367, 13.800,-23.391, 13.565, 13.418,  0.314,  0.983,  0.986,  0.983,
mon_rep230616,2023-06-16T04:18:56,  7.801,  0.100,1,0,255, 25.000,-10.091,-1661.332,-15.000, 13.360, 13.800,-23.586, 13.555, 13.418,  0.314,  0.982,  0.986,  0.982,
mon_rep230616,2023-06-16T04:18:56,  7.901,  0.100,1,0,255, 25.000,-10.294,-1675.193,-15.000, 13.352, 13.800,-23.777, 13.544, 13.418,  0.314,  0.982,  0.986,  0.982,
mon_rep230616,2023-06-16T04:18:56,  8.001,  0.100,1,0,255, 25.000,-10.492,-1688.791,-15.000, 13.345, 13.800,-23.965, 13.533, 13.310,  0.223,  0.982,  0.977,  0.982,
mon_rep230616,2023-06-16T04:18:56,  8.101,  0.100,1,0,255, 25.000,-10.687,-1702.121,-15.000, 13.338, 13.800,-24.149, 13.522, 13.310,  0.223,  0.981,  0.977,  0.981,
mon_rep230616,2023-06-16T04:18:56,  8.201,  0.100,1,0,255, 25.000,-10.878,-1715.183,-15.000, 13.330, 13.800,-24.329, 13.511, 13.310,  0.223,  0.981,  0.977,  0.981,
mon_rep230616,2023-06-16T04:18:56,  8.301,  0.100,1,0,255, 25.000,-11.066,-1727.973,-15.000, 13.323, 13.800,-24.506, 13.499, 13.310,  0.223,  0.980,  0.977,  0.980,
mon_rep230616,2023-06-16T04:18:57,  8.401,  0.100,1,0,255, 25.000,-11.250,-1740.491,-15.000, 13.315, 13.800,-24.678, 13.488, 13.310,  0.223,  0.980,  0.977,  0.980,
mon_rep230616,2023-06-16T04:18:57,  8.501,  0.100,1,0,255, 25.000,-11.428,-1752.734,-15.000, 13.310, 13.800,-24.847, 13.479, 13.310,  0.223,  0.979,  0.977,  0.979,
mon_rep230616,2023-06-16T04:18:57,  8.601,  0.100,1,0,255, 25.000,-11.597,-1764.701,-15.000, 13.310, 13.800,-25.012, 13.475, 13.310,  0.223,  0.979,  0.977,  0.979,
mon_rep230616,2023-06-16T04:18:57,  8.701,  0.100,1,0,255, 25.000,-11.763,-1776.388,-15.000, 13.310, 13.800,-25.174, 13.471, 13.310,  0.223,  0.979,  0.977,  0.979,
mon_rep230616,2023-06-16T04:18:57,  8.801,  0.100,1,0,255, 25.000,-11.924,-1787.795,-15.000, 13.310, 13.800,-25.331, 13.467, 13.310,  0.223,  0.978,  0.977,  0.978,
mon_rep230616,2023-06-16T04:18:57,  8.901,  0.100,1,0,255, 25.000,-12.081,-1798.920,-15.000, 13.310, 13.800,-25.485, 13.463, 13.310,  0.223,  0.978,  0.977,  0.978,
mon_rep230616,2023-06-16T04:18:57,  9.001,  0.100,1,0,255, 25.000,-12.235,-1809.761,-15.000, 13.310, 13.800,-25.634, 13.459, 13.310,  0.223,  0.977,  0.977,  0.977,
mon_rep230616,2023-06-16T04:18:57,  9.101,  0.100,1,0,255, 25.000,-12.385,-1820.316,-15.000, 13.310, 13.800,-25.780, 13.455, 13.310,  0.223,  0.977,  0.977,  0.977,
mon_rep230616,2023-06-16T04:18:57,  9.201,  0.100,1,0,255, 25.000,-12.530,-1830.583,-15.000, 13.310, 13.800,-25.922, 13.451, 13.310,  0.223,  0.976,  0.977,  0.976,
mon_rep230616,2023-06-16T04:18:57,  9.301,  0.100,1,0,255, 25.000,-12.672,-1840.562,-15.000, 13.309, 13.800,-26.059, 13.447, 13.310,  0.223,  0.976,  0.977,  0.976,
mon_rep230616,2023-06-16T04:18:58,  9.401,  0.100,1,0,255, 25.000,-12.810,-1850.250,-15.000, 13.309, 13.800,-26.193, 13.443, 13.310,  0.223,  0.975,  0.977,  0.975,
mon_rep230616,2023-06-16T04:18:58,  9.501,  0.100,1,0,255, 25.000,-12.944,-1859.646,-15.000, 13.309, 13.800,-26.323, 13.439, 13.310,  0.223,  0.975,  0.977,  0.975,
mon_rep230616,2023-06-16T04:18:58,  9.601,  0.100,1,0,255, 25.000,-13.073,-1868.747,-15.000, 13.309, 13.800,-26.448, 13.435, 13.310,  0.223,  0.975,  0.977,  0.975,
mon_rep230616,2023-06-16T04:18:58,  9.701,  0.100,1,0,255, 25.000,-13.199,-1877.554,-15.000, 13.309, 13.800,-26.570, 13.431, 13.310,  0.223,  0.974,  0.977,  0.974,
mon_rep230616,2023-06-16T04:18:58,  9.801,  0.100,1,0,255, 25.000,-13.321,-1886.065,-15.000, 13.309, 13.800,-26.687, 13.427, 13.310,  0.223,  0.974,  0.977,  0.974,
mon_rep230616,2023-06-16T04:18:58,  9.901,  0.100,1,0,255, 25.000,-13.438,-1894.277,-15.000, 13.309, 13.800,-26.801, 13.422, 13.310,  0.223,  0.973,  0.977,  0.973,
mon_rep230616,2023-06-16T04:18:58, 10.001,  0.100,1,0,255, 25.000,-13.551,-1902.191,-15.000, 13.309, 13.800,-26.910, 13.418, 13.308,  0.110,  0.973,  0.966,  0.973,
mon_rep230616,2023-06-16T04:18:58, 10.101,  0.100,1,0,255, 25.000,-13.661,-1909.804,-15.000, 13.309, 13.800,-27.015, 13.414, 13.308,  0.110,  0.972,  0.966,  0.972,
mon_rep230616,2023-06-16T04:18:58, 10.201,  0.100,1,0,255, 25.000,-13.766,-1917.115,-15.000, 13.309, 13.800,-27.116, 13.410, 13.308,  0.110,  0.972,  0.966,  0.972,
mon_rep230616,2023-06-16T04:18:58, 10.301,  0.100,1,0,255, 25.000,-13.867,-1924.124,-15.000, 13.309, 13.800,-27.212, 13.406, 13.308,  0.110,  0.971,  0.966,  0.971,
mon_rep230616,2023-06-16T04:18:59, 10.401,  0.100,1,0,255, 25.000,-13.964,-1930.829,-15.000, 13.309, 13.800,-27.305, 13.401, 13.308,  0.110,  0.971,  0.966,  0.971,
mon_rep230616,2023-06-16T04:18:59, 10.501,  0.100,1,0,255, 25.000,-14.056,-1937.229,-15.000, 13.309, 13.800,-27.393, 13.397, 13.308,  0.110,  0.970,  0.966,  0.970,
mon_rep230616,2023-06-16T04:18:59, 10.601,  0.100,1,0,255, 25.000,-14.145,-1943.323,-15.000, 13.309, 13.800,-27.477, 13.393, 13.308,  0.110,  0.970,  0.966,  0.970,
mon_rep230616,2023-06-16T04:18:59, 10.701,  0.100,1,0,255, 25.000,-14.229,-1949.110,-15.000, 13.309, 13.800,-27.557, 13.388, 13.308,  0.110,  0.969,  0.966,  0.969,
mon_rep230616,2023-06-16T04:18:59, 10.801,  0.100,1,0,255, 25.000,-14.309,-1954.589,-15.000, 13.309, 13.800,-27.633, 13.384, 13.308,  0.110,  0.969,  0.966,  0.969,
mon_rep230616,2023-06-16T04:18:59, 10.901,  0.100,1,0,255, 25.000,-14.384,-1959.760,-15.000, 13.308, 13.800,-27.704, 13.380, 13.308,  0.110,  0.968,  0.966,  0.968,
mon_rep230616,2023-06-16T04:18:59, 11.001,  0.100,1,0,255, 25.000,-14.456,-1964.622,-15.000, 13.308, 13.800,-27.771, 13.375, 13.308,  0.110,  0.968,  0.966,  0.968,
mon_rep230616,2023-06-16T04:18:59, 11.101,  0.100,1,0,255, 25.000,-14.523,-1969.173,-15.000, 13.308, 13.800,-27.834, 13.371, 13.308,  0.110,  0.967,  0.966,  0.967,
mon_rep230616,2023-06-16T04:18:59, 11.201,  0.100,1,0,255, 25.000,-14.586,-1973.413,-15.000, 13.308, 13.800,-27.893, 13.367, 13.308,  0.110,  0.967,  0.966,  0.967,
mon_rep230616,2023-06-16T04:18:59, 11.301,  0.100,1,0,255, 25.000,-14.644,-1977.341,-15.000, 13.308, 13.800,-27.947, 13.362, 13.308,  0.110,  0.966,  0.966,  0.966,
mon_rep230616,2023-06-16T04:19:00, 11.401,  0.100,1,0,255, 25.000,-14.699,-1980.958,-15.000, 13.308, 13.800,-27.997, 13.358, 13.308,  0.110,  0.966,  0.966,  0.966,
mon_rep230616,2023-06-16T04:19:00, 11.501,  0.100,1,0,255, 25.000,-14.749,-1984.261,-15.000, 13.308, 13.800,-28.042, 13.354, 13.308,  0.110,  0.965,  0.966,  0.965,
mon_rep230616,2023-06-16T04:19:00, 11.601,  0.100,1,0,255, 25.000,-14.794,-1987.251,-15.000, 13.308, 13.800,-28.084, 13.349, 13.308,  0.110,  0.965,  0.966,  0.965,
mon_rep230616,2023-06-16T04:19:00, 11.701,  0.100,1,0,255, 25.000,-14.836,-1989.927,-15.000, 13.308, 13.800,-28.121, 13.345, 13.308,  0.110,  0.964,  0.966,  0.964,
mon_rep230616,2023-06-16T04:19:00, 11.801,  0.100,1,0,255, 25.000,-14.873,-1992.289,-15.000, 13.308, 13.800,-28.153, 13.340, 13.308,  0.110,  0.964,  0.966,  0.964,
mon_rep230616,2023-06-16T04:19:00, 11.901,  0.100,1,0,255, 25.000,-14.905,-1994.337,-15.000, 13.308, 13.800,-28.181, 13.336, 13.308,  0.110,  0.963,  0.966,  0.963,
mon_rep230616,2023-06-16T04:19:00, 12.001,  0.100,1,0,255, 25.000,-14.934,-1996.069,-15.000, 13.308, 13.800,-28.205, 13.332, 13.307,  0.025,  0.963,  0.955,  0.963,
mon_rep230616,2023-06-16T04:19:00, 12.101,  0.100,1,0,255, 25.000,-14.958,-1997.487,-15.000, 13.308, 13.800,-28.225, 13.327, 13.307,  0.025,  0.962,  0.955,  0.962,
mon_rep230616,2023-06-16T04:19:00, 12.201,  0.100,1,0,255, 25.000,-14.977,-1998.588,-15.000, 13.308, 13.800,-28.240, 13.323, 13.307,  0.025,  0.962,  0.955,  0.962,
mon_rep230616,2023-06-16T04:19:00, 12.301,  0.100,1,0,255, 25.000,-14.993,-1999.375,-15.000, 13.308, 13.800,-28.251, 13.318, 13.307,  0.025,  0.962,  0.955,  0.962,
mon_rep230616,2023-06-16T04:19:01, 12.401,  0.100,1,0,255, 25.000,-15.003,-1999.845,-15.000, 13.307, 13.800,-28.257, 13.314, 13.307,  0.025,  0.961,  0.955,  0.961,
mon_rep230616,2023-06-16T04:19:01, 12.501,  0.100,1,0,255, 25.000,-15.010,-2000.000,-15.000, 13.307, 13.800,-28.260, 13.310, 13.307,  0.025,  0.961,  0.955,  0.961,
mon_rep230616,2023-06-16T04:19:01, 12.601,  0.100,1,0,255, 25.000,-15.012,-1999.839,-15.000, 13.307, 13.800,-28.257, 13.305, 13.307,  0.025,  0.960,  0.955,  0.960,
mon_rep230616,2023-06-16T04:19:01, 12.701,  0.100,1,0,255, 25.000,-15.010,-1999.362,-15.000, 13.307, 13.800,-28.251, 13.301, 13.307,  0.025,  0.960,  0.955,  0.960,
mon_rep230616,2023-06-16T04:19:01, 12.801,  0.100,1,0,255, 25.000,-15.004,-1998.570,-15.000, 13.307, 13.800,-28.240, 13.296, 13.307,  0.025,  0.959,  0.955,  0.959,
mon_rep230616,2023-06-16T04:19:01, 12.901,  0.100,1,0,255, 25.000,-14.993,-1997.461,-15.000, 13.307, 13.800,-28.224, 13.292, 13.307,  0.025,  0.959,  0.955,  0.959,
mon_rep230616,2023-06-16T04:19:01, 13.001,  0.100,1,0,255, 25.000,-14.977,-1996.038,-15.000, 13.307, 13.800,-28.205, 13.287, 13.307,  0.025,  0.958,  0.955,  0.958,
mon_rep230616,2023-06-16T04:19:01, 13.101,  0.100,1,0,255, 25.000,-14.958,-1994.299,-15.000, 13.307, 13.800,-28.181, 13.283, 13.307,  0.025,  0.958,  0.955,  0.958,
mon_rep230616,2023-06-16T04:19:01, 13.201,  0.100,1,0,255, 25.000,-14.934,-1992.245,-15.000, 13.307, 13.800,-28.153, 13.279, 13.307,  0.025,  0.957,  0.955,  0.957,
mon_rep230616,2023-06-16T04:19:01, 13.301,  0.100,1,0,255, 25.000,-14.906,-1989.877,-15.000, 13.307, 13.800,-28.120, 13.274, 13.307,  0.025,  0.957,  0.955,  0.957,
mon_rep230616,2023-06-16T04:19:02, 13.401,  0.100,1,0,255, 25.000,-14.873,-1987.194,-15.000, 13.307, 13.800,-28.083, 13.270, 13.307,  0.025,  0.956,  0.955,  0.956,
mon_rep230616,2023-06-16T04:19:02, 13.501,  0.100,1,0,255, 25.000,-14.836,-1984.198,-15.000, 13.307, 13.800,-28.041, 13.265, 13.307,  0.025,  0.956,  0.955,  0.956,
mon_rep230616,2023-06-16T04:19:02, 13.601,  0.100,1,0,255, 25.000,-14.795,-1980.888,-15.000, 13.307, 13.800,-27.996, 13.261, 13.307,  0.025,  0.955,  0.955,  0.955,
mon_rep230616,2023-06-16T04:19:02, 13.701,  0.100,1,0,255, 25.000,-14.749,-1977.266,-15.000, 13.307, 13.800,-27.946, 13.257, 13.307,  0.025,  0.955,  0.955,  0.955,
mon_rep230616,2023-06-16T04:19:02, 13.801,  0.100,1,0,255, 25.000,-14.699,-1973.331,-15.000, 13.307, 13.800,-27.891, 13.252, 13.307,  0.025,  0.954,  0.955,  0.954,
mon_rep230616,2023-06-16T04:19:02, 13.901,  0.100,1,0,255, 25.000,-14.645,-1969.085,-15.000, 13.306, 13.800,-27.833, 13.248, 13.307,  0.025,  0.954,  0.955,  0.954,
mon_rep230616,2023-06-16T04:19:02, 14.001,  0.100,1,0,255, 25.000,-14.587,-1964.527,-15.000, 13.306, 13.800,-27.770, 13.243, 13.305, -0.062,  0.953,  0.944,  0.953,
mon_rep230616,2023-06-16T04:19:02, 14.101,  0.100,1,0,255, 25.000,-14.524,-1959.660,-15.000, 13.306, 13.800,-27.703, 13.239, 13.305, -0.062,  0.953,  0.944,  0.953,
mon_rep230616,2023-06-16T04:19:02, 14.201,  0.100,1,0,255, 25.000,-14.457,-1954.483,-15.000, 13.306, 13.800,-27.631, 13.235, 13.305, -0.062,  0.952,  0.944,  0.952,
mon_rep230616,2023-06-16T04:19:02, 14.301,  0.100,1,0,255, 25.000,-14.385,-1948.997,-15.000, 13.306, 13.800,-27.556, 13.230, 13.305, -0.062,  0.952,  0.944,  0.952,
mon_rep230616,2023-06-16T04:19:03, 14.401,  0.100,1,0,255, 25.000,-14.310,-1943.204,-15.000, 13.306, 13.800,-27.476, 13.226, 13.305, -0.062,  0.951,  0.944,  0.951,
mon_rep230616,2023-06-16T04:19:03, 14.501,  0.100,1,0,255, 25.000,-14.230,-1937.104,-15.000, 13.306, 13.800,-27.392, 13.222, 13.305, -0.062,  0.951,  0.944,  0.951,
mon_rep230616,2023-06-16T04:19:03, 14.601,  0.100,1,0,255, 25.000,-14.146,-1930.698,-15.000, 13.306, 13.800,-27.303, 13.218, 13.305, -0.062,  0.950,  0.944,  0.950,
mon_rep230616,2023-06-16T04:19:03, 14.701,  0.100,1,0,255, 25.000,-14.057,-1923.987,-15.000, 13.306, 13.800,-27.211, 13.213, 13.305, -0.062,  0.950,  0.944,  0.950,
mon_rep230616,2023-06-16T04:19:03, 14.801,  0.100,1,0,255, 25.000,-13.965,-1916.972,-15.000, 13.306, 13.800,-27.114, 13.209, 13.305, -0.062,  0.949,  0.944,  0.949,
mon_rep230616,2023-06-16T04:19:03, 14.901,  0.100,1,0,255, 25.000,-13.868,-1909.655,-15.000, 13.306, 13.800,-27.013, 13.205, 13.305, -0.062,  0.949,  0.944,  0.949,
mon_rep230616,2023-06-16T04:19:03, 15.001,  0.100,1,0,255, 25.000,-13.767,-1902.035,-15.000, 13.306, 13.800,-26.908, 13.201, 13.305, -0.062,  0.948,  0.944,  0.948,
mon_rep230616,2023-06-16T04:19:03, 15.101,  0.100,1,0,255, 25.000,-13.662,-1894.116,-15.000, 13.306, 13.800,-26.798, 13.196, 13.305, -0.062,  0.948,  0.944,  0.948,
mon_rep230616,2023-06-16T04:19:03, 15.201,  0.100,1,0,255, 25.000,-13.553,-1885.897,-15.000, 13.306, 13.800,-26.685, 13.192, 13.305, -0.062,  0.947,  0.944,  0.947,
mon_rep230616,2023-06-16T04:19:03, 15.301,  0.100,1,0,255, 25.000,-13.439,-1877.381,-15.000, 13.306, 13.800,-26.567, 13.188, 13.305, -0.062,  0.947,  0.944,  0.947,
mon_rep230616,2023-06-16T04:19:04, 15.401,  0.100,1,0,255, 25.000,-13.322,-1868.568,-15.000, 13.305, 13.800,-26.446, 13.184, 13.305, -0.062,  0.947,  0.944,  0.947,
mon_rep230616,2023-06-16T04:19:04, 15.501,  0.100,1,0,255, 25.000,-13.200,-1859.460,-15.000, 13.305, 13.800,-26.320, 13.180, 13.305, -0.062,  0.946,  0.944,  0.946,
mon_rep230616,2023-06-16T04:19:04, 15.601,  0.100,1,0,255, 25.000,-13.075,-1850.059,-15.000, 13.305, 13.800,-26.190, 13.176, 13.305, -0.062,  0.946,  0.944,  0.946,
mon_rep230616,2023-06-16T04:19:04, 15.701,  0.100,1,0,255, 25.000,-12.945,-1840.365,-15.000, 13.305, 13.800,-26.057, 13.172, 13.305, -0.062,  0.945,  0.944,  0.945,
mon_rep230616,2023-06-16T04:19:04, 15.801,  0.100,1,0,255, 25.000,-12.811,-1830.381,-15.000, 13.305, 13.800,-25.919, 13.167, 13.305, -0.062,  0.945,  0.944,  0.945,
mon_rep230616,2023-06-16T04:19:04, 15.901,  0.100,1,0,255, 25.000,-12.674,-1820.108,-15.000, 13.305, 13.800,-25.777, 13.163, 13.305, -0.062,  0.944,  0.944,  0.944,
mon_rep230616,2023-06-16T04:19:04, 16.001,  0.100,1,0,255, 25.000,-12.532,-1809.547,-15.000, 13.305, 13.800,-25.631, 13.159, 13.304, -0.144,  0.944,  0.934,  0.944,
mon_rep230616,2023-06-16T04:19:04, 16.101,  0.100,1,0,255, 25.000,-12.386,-1798.701,-15.000, 13.305, 13.800,-25.482, 13.155, 13.304, -0.144,  0.943,  0.934,  0.943,
mon_rep230616,2023-06-16T04:19:04, 16.201,  0.100,1,0,255, 25.000,-12.237,-1787.570,-15.000, 13.305, 13.800,-25.328, 13.151, 13.304, -0.144,  0.943,  0.934,  0.943,
mon_rep230616,2023-06-16T04:19:04, 16.301,  0.100,1,0,255, 25.000,-12.083,-1776.157,-15.000, 13.305, 13.800,-25.170, 13.147, 13.304, -0.144,  0.943,  0.934,  0.943,
mon_rep230616,2023-06-16T04:19:05, 16.401,  0.100,1,0,255, 25.000,-11.926,-1764.464,-15.000, 13.305, 13.800,-25.009, 13.143, 13.304, -0.144,  0.942,  0.934,  0.942,
mon_rep230616,2023-06-16T04:19:05, 16.501,  0.100,1,0,255, 25.000,-11.764,-1752.492,-15.000, 13.305, 13.800,-24.844, 13.140, 13.304, -0.144,  0.942,  0.934,  0.942,
mon_rep230616,2023-06-16T04:19:05, 16.601,  0.100,1,0,255, 25.000,-11.599,-1740.244,-15.000, 13.305, 13.800,-24.675, 13.136, 13.304, -0.144,  0.941,  0.934,  0.941,
mon_rep230616,2023-06-16T04:19:05, 16.701,  0.100,1,0,255, 25.000,-11.430,-1727.720,-15.000, 13.305, 13.800,-24.502, 13.132, 13.304, -0.144,  0.941,  0.934,  0.941,
mon_rep230616,2023-06-16T04:19:05, 16.801,  0.100,1,0,255, 25.000,-11.257,-1714.924,-15.000, 13.305, 13.800,-24.325, 13.128, 13.304, -0.144,  0.940,  0.934,  0.940,
mon_rep230616,2023-06-16T04:19:05, 16.901,  0.100,1,0,255, 25.000,-11.081,-1701.857,-15.000, 13.305, 13.800,-24.145, 13.124, 13.304, -0.144,  0.940,  0.934,  0.940,
mon_rep230616,2023-06-16T04:19:05, 17.001,  0.100,1,0,255, 25.000,-10.901,-1688.521,-15.000, 13.304, 13.800,-23.961, 13.120, 13.304, -0.144,  0.940,  0.934,  0.940,
mon_rep230616,2023-06-16T04:19:05, 17.101,  0.100,1,0,255, 25.000,-10.717,-1674.919,-15.000, 13.304, 13.800,-23.773, 13.117, 13.304, -0.144,  0.939,  0.934,  0.939,
mon_rep230616,2023-06-16T04:19:05, 17.201,  0.100,1,0,255, 25.000,-10.529,-1661.052,-15.000, 13.304, 13.800,-23.582, 13.113, 13.304, -0.144,  0.939,  0.934,  0.939,
mon_rep230616,2023-06-16T04:19:05, 17.301,  0.100,1,0,255, 25.000,-10.338,-1646.923,-15.000, 13.304, 13.800,-23.387, 13.109, 13.304, -0.144,  0.938,  0.934,  0.938,
mon_rep230616,2023-06-16T04:19:06, 17.401,  0.100,1,0,255, 25.000,-10.143,-1632.533,-15.000, 13.304, 13.800,-23.188, 13.106, 13.304, -0.144,  0.938,  0.934,  0.938,
mon_rep230616,2023-06-16T04:19:06, 17.501,  0.100,1,0,255, 25.000, -9.944,-1617.886,-15.000, 13.304, 13.800,-22.986, 13.102, 13.304, -0.144,  0.938,  0.934,  0.938,
mon_rep230616,2023-06-16T04:19:06, 17.601,  0.100,1,0,255, 25.000, -9.742,-1602.984,-15.000, 13.304, 13.800,-22.781, 13.098, 13.304, -0.144,  0.937,  0.934,  0.937,
mon_rep230616,2023-06-16T04:19:06, 17.701,  0.100,1,0,255, 25.000, -9.537,-1587.828,-15.000, 13.304, 13.800,-22.572, 13.095, 13.304, -0.144,  0.937,  0.934,  0.937,
mon_rep230616,2023-06-16T04:19:06, 17.801,  0.100,1,0,255, 25.000, -9.328,-1572.422,-15.000, 13.304, 13.800,-22.359, 13.091, 13.304, -0.144,  0.936,  0.934,  0.936,
mon_rep230616,2023-06-16T04:19:06, 17.901,  0.100,1,0,255, 25.000, -9.115,-1556.767,-15.000, 13.304, 13.800,-22.143, 13.088, 13.304, -0.144,  0.936,  0.934,  0.936,
mon_rep230616,2023-06-16T04:19:06, 18.001,  0.100,1,0,255, 25.000, -8.899,-1540.866,-15.000, 13.304, 13.800,-21.923, 13.085, 13.302, -0.218,  0.936,  0.925,  0.936,
mon_rep230616,2023-06-16T04:19:06, 18.101,  0.100,1,0,255, 25.000, -8.680,-1524.723,-15.000, 13.304, 13.800,-21.701, 13.081, 13.302, -0.218,  0.935,  0.925,  0.935,
mon_rep230616,2023-06-16T04:19:06, 18.201,  0.100,1,0,255, 25.000, -8.457,-1508.338,-15.000, 13.304, 13.800,-21.475, 13.078, 13.302, -0.218,  0.935,  0.925,  0.935,
mon_rep230616,2023-06-16T04:19:06, 18.301,  0.100,1,0,255, 25.000, -8.231,-1491.715,-15.000, 13.304, 13.800,-21.245, 13.074, 13.302, -0.218,  0.934,  0.925,  0.934,
mon_rep230616,2023-06-16T04:19:07, 18.401,  0.100,1,0,255, 25.000, -8.001,-1474.857,-15.000, 13.304, 13.800,-21.013, 13.071, 13.302, -0.218,  0.934,  0.925,  0.934,
mon_rep230616,2023-06-16T04:19:07, 18.501,  0.100,1,0,255, 25.000, -7.769,-1457.765,-15.000, 13.304, 13.800,-20.777, 13.068, 13.302, -0.218,  0.934,  0.925,  0.934,
mon_rep230616,2023-06-16T04:19:07, 18.601,  0.100,1,0,255, 25.000, -7.533,-1440.444,-15.000, 13.304, 13.800,-20.538, 13.065, 13.302, -0.218,  0.933,  0.925,  0.933,
mon_rep230616,2023-06-16T04:19:07, 18.701,  0.100,1,0,255, 25.000, -7.294,-1422.895,-15.000, 13.304, 13.800,-20.295, 13.061, 13.302, -0.218,  0.933,  0.925,  0.933,
mon_rep230616,2023-06-16T04:19:07, 18.801,  0.100,1,0,255, 25.000, -7.052,-1405.121,-15.000, 13.304, 13.800,-20.050, 13.058, 13.302, -0.218,  0.933,  0.925,  0.933,
mon_rep230616,2023-06-16T04:19:07, 18.901,  0.100,1,0,255, 25.000, -6.807,-1387.126,-15.000, 13.303, 13.800,-19.802, 13.055, 13.302, -0.218,  0.932,  0.925,  0.932,
mon_rep230616,2023-06-16T04:19:07, 19.001,  0.100,1,0,255, 25.000, -6.558,-1368.911,-15.000, 13.303, 13.800,-19.550, 13.052, 13.302, -0.218,  0.932,  0.925,  0.932,
mon_rep230616,2023-06-16T04:19:07, 19.101,  0.100,1,0,255, 25.000, -6.307,-1350.480,-15.000, 13.303, 13.800,-19.296, 13.049, 13.302, -0.218,  0.932,  0.925,  0.932,
mon_rep230616,2023-06-16T04:19:07, 19.201,  0.100,1,0,255, 25.000, -6.053,-1331.836,-15.000, 13.303, 13.800,-19.039, 13.046, 13.302, -0.218,  0.931,  0.925,  0.931,
mon_rep230616,2023-06-16T04:19:07, 19.301,  0.100,1,0,255, 25.000, -5.796,-1312.982,-15.000, 13.303, 13.800,-18.779, 13.043, 13.302, -0.218,  0.931,  0.925,  0.931,
mon_rep230616,2023-06-16T04:19:08, 19.401,  0.100,1,0,255, 25.000, -5.535,-1293.921,-15.000, 13.303, 13.800,-18.516, 13.040, 13.302, -0.218,  0.931,  0.925,  0.931,
mon_rep230616,2023-06-16T04:19:08, 19.501,  0.100,1,0,255, 25.000, -5.272,-1274.655,-15.000, 13.303, 13.800,-18.250, 13.037, 13.302, -0.218,  0.930,  0.925,  0.930,
mon_rep230616,2023-06-16T04:19:08, 19.601,  0.100,1,0,255, 25.000, -5.007,-1255.187,-15.000, 13.303, 13.800,-17.981, 13.035, 13.302, -0.218,  0.930,  0.925,  0.930,
mon_rep230616,2023-06-16T04:19:08, 19.701,  0.100,1,0,255, 25.000, -4.738,-1235.522,-15.000, 13.303, 13.800,-17.710, 13.032, 13.302, -0.218,  0.930,  0.925,  0.930,
mon_rep230616,2023-06-16T04:19:08, 19.801,  0.100,1,0,255, 25.000, -4.467,-1215.661,-15.000, 13.303, 13.800,-17.436, 13.029, 13.302, -0.218,  0.929,  0.925,  0.929,
mon_rep230616,2023-06-16T04:19:08, 19.901,  0.100,1,0,255, 25.000, -4.193,-1195.609,-15.000, 13.303, 13.800,-17.159, 13.026, 13.302, -0.218,  0.929,  0.925,  0.929,
mon_rep230616,2023-06-16T04:19:08, 20.001,  0.100,1,0,255, 25.000, -3.916,-1175.367,-15.000, 13.303, 13.800,-16.880, 13.024, 13.302, -0.278,  0.929,  0.919,  0.929,
mon_rep230616,2023-06-16T04:19:08, 20.101,  0.100,1,0,255, 25.000, -3.637,-1154.940,-15.000, 13.303, 13.800,-16.598, 13.021, 13.302, -0.278,  0.929,  0.919,  0.929,
mon_rep230616,2023-06-16T04:19:08, 20.201,  0.100,1,0,255, 25.000, -3.355,-1134.331,-15.000, 13.303, 13.800,-16.313, 13.019, 13.302, -0.278,  0.928,  0.919,  0.928,
mon_rep230616,2023-06-16T04:19:08, 20.301,  0.100,1,0,255, 25.000, -3.070,-1113.543,-15.000, 13.303, 13.800,-16.026, 13.016, 13.302, -0.278,  0.928,  0.919,  0.928,
mon_rep230616,2023-06-16T04:19:09, 20.401,  0.100,1,0,255, 25.000, -2.784,-1092.578,-15.000, 13.303, 13.800,-15.737, 13.014, 13.302, -0.278,  0.928,  0.919,  0.928,
mon_rep230616,2023-06-16T04:19:09, 20.501,  0.100,1,0,255, 25.000, -2.494,-1071.442,-15.000, 13.303, 13.800,-15.445, 13.011, 13.302, -0.278,  0.928,  0.919,  0.928,
mon_rep230616,2023-06-16T04:19:09, 20.601,  0.100,1,0,255, 25.000, -2.203,-1050.136,-15.000, 13.303, 13.800,-15.151, 13.009, 13.302, -0.278,  0.927,  0.919,  0.927,
mon_rep230616,2023-06-16T04:19:09, 20.701,  0.100,1,0,255, 25.000, -1.909,-1028.664,-15.000, 13.303, 13.800,-14.855, 13.006, 13.302, -0.278,  0.927,  0.919,  0.927,
mon_rep230616,2023-06-16T04:19:09, 20.801,  0.100,1,0,255, 25.000, -1.612,-1007.030,-15.000, 13.303, 13.800,-14.557, 13.004, 13.302, -0.278,  0.927,  0.919,  0.927,
mon_rep230616,2023-06-16T04:19:09, 20.901,  0.100,1,0,255, 25.000, -1.314,-985.236,-15.000, 13.303, 13.800,-14.256, 13.002, 13.302, -0.278,  0.927,  0.919,  0.927,
mon_rep230616,2023-06-16T04:19:09, 21.001,  0.100,1,0,255, 25.000, -1.013,-963.287,-15.000, 13.303, 13.800,-13.953, 13.000, 13.302, -0.278,  0.926,  0.919,  0.926,
mon_rep230616,2023-06-16T04:19:09, 21.101,  0.100,1,0,255, 25.000, -0.710,-941.187,-15.000, 13.303, 13.800,-13.648, 12.998, 13.302, -0.278,  0.926,  0.919,  0.926,
mon_rep230616,2023-06-16T04:19:09, 21.201,  0.100,1,0,255, 25.000, -0.405,-918.937,-15.000, 13.303, 13.800,-13.341, 12.996, 13.302, -0.278,  0.926,  0.919,  0.926,
mon_rep230616,2023-06-16T04:19:09, 21.301,  0.100,1,0,255, 25.000, -0.098,-896.542,-15.000, 13.303, 13.800,-13.032, 12.993, 13.302, -0.278,  0.926,  0.919,  0.926,
mon_rep230616,2023-06-16T04:19:10, 21.401,  0.100,1,0,255, 25.000,  0.211,-874.006,-15.000, 13.303, 13.800,-12.721, 12.992, 13.302, -0.278,  0.925,  0.919,  0.925,
mon_rep230616,2023-06-16T04:19:10, 21.501,  0.100,1,0,255, 25.000,  0.522,-851.332,-15.000, 13.302, 13.800,-12.408, 12.990, 13.302, -0.278,  0.925,  0.919,  0.925,
mon_rep230616,2023-06-16T04:19:10, 21.601,  0.100,1,0,255, 25.000,  0.835,-828.523,-15.000, 13.302, 13.800,-12.093, 12.988, 13.302, -0.278,  0.925,  0.919,  0.925,
mon_rep230616,2023-06-16T04:19:10, 21.701,  0.100,1,0,255, 25.000,  1.149,-805.583,-15.000, 13.302, 13.800,-11.777, 12.986, 13.302, -0.278,  0.925,  0.919,  0.925,
mon_rep230616,2023-06-16T04:19:10, 21.801,  0.100,1,0,255, 25.000,  1.466,-782.516,-15.000, 13.302, 13.800,-11.458, 12.984, 13.302, -0.278,  0.925,  0.919,  0.925,
mon_rep230616,2023-06-16T04:19:10, 21.901,  0.100,1,0,255, 25.000,  1.784,-759.326,-15.000, 13.302, 13.800,-11.138, 12.982, 13.302, -0.278,  0.924,  0.919,  0.924,
mon_rep230616,2023-06-16T04:19:10, 22.001,  0.100,1,0,255, 25.000,  2.104,-736.016,-15.000, 13.302, 13.800,-10.817, 12.981, 13.301, -0.320,  0.924,  0.914,  0.924,
mon_rep230616,2023-06-16T04:19:10, 22.101,  0.100,1,0,255, 25.000,  2.426,-712.589,-15.000, 13.302, 13.800,-10.493, 12.979, 13.301, -0.320,  0.924,  0.914,  0.924,
mon_rep230616,2023-06-16T04:19:10, 22.201,  0.100,1,0,255, 25.000,  2.749,-689.050,-15.000, 13.302, 13.800,-10.168, 12.977, 13.301, -0.320,  0.924,  0.914,  0.924,
mon_rep230616,2023-06-16T04:19:10, 22.301,  0.100,1,0,255, 25.000,  3.074,-665.402,-15.000, 13.302, 13.800, -9.842, 12.976, 13.301, -0.320,  0.924,  0.914,  0.924,
mon_rep230616,2023-06-16T04:19:11, 22.401,  0.100,1,0,255, 25.000,  3.400,-641.650,-15.000, 13.302, 13.800, -9.514, 12.974, 13.301, -0.320,  0.924,  0.914,  0.924,
mon_rep230616,2023-06-16T04:19:11, 22.501,  0.100,1,0,255, 25.000,  3.728,-617.795,-15.000, 13.302, 13.800, -9.185, 12.973, 13.301, -0.320,  0.923,  0.914,  0.923,
mon_rep230616,2023-06-16T04:19:11, 22.601,  0.100,1,0,255, 25.000,  4.057,-593.844,-15.000, 13.302, 13.800, -8.855, 12.972, 13.301, -0.320,  0.923,  0.914,  0.923,
mon_rep230616,2023-06-16T04:19:11, 22.701,  0.100,1,0,255, 25.000,  4.388,-569.798,-15.000, 13.302, 13.800, -8.523, 12.970, 13.301, -0.320,  0.923,  0.914,  0.923,
mon_rep230616,2023-06-16T04:19:11, 22.801,  0.100,1,0,255, 25.000,  4.719,-545.662,-15.000, 13.302, 13.800, -8.190, 12.969, 13.301, -0.320,  0.923,  0.914,  0.923,
mon_rep230616,2023-06-16T04:19:11, 22.901,  0.100,1,0,255, 25.000,  5.053,-521.441,-15.000, 13.302, 13.800, -7.855, 12.968, 13.301, -0.320,  0.923,  0.914,  0.923,
mon_rep230616,2023-06-16T04:19:11, 23.001,  0.100,1,0,255, 25.000,  5.387,-497.137,-15.000, 13.302, 13.800, -7.520, 12.967, 13.301, -0.320,  0.923,  0.914,  0.923,
mon_rep230616,2023-06-16T04:19:11, 23.101,  0.100,1,0,255, 25.000,  5.722,-472.754,-15.000, 13.302, 13.800, -7.184, 12.966, 13.301, -0.320,  0.923,  0.914,  0.923,
mon_rep230616,2023-06-16T04:19:11, 23.201,  0.100,1,0,255, 25.000,  6.059,-448.297,-15.000, 13.302, 13.800, -6.846, 12.965, 13.301, -0.320,  0.922,  0.914,  0.922,
mon_rep230616,2023-06-16T04:19:11, 23.301,  0.100,1,0,255, 25.000,  6.396,-423.769,-15.000, 13.302, 13.800, -6.508, 12.964, 13.301, -0.320,  0.922,  0.914,  0.922,
mon_rep230616,2023-06-16T04:19:12, 23.401,  0.100,1,0,255, 25.000,  6.735,-399.174,-15.000, 13.302, 13.800, -6.168, 12.963, 13.301, -0.320,  0.922,  0.914,  0.922,
mon_rep230616,2023-06-16T04:19:12, 23.501,  0.100,1,0,255, 25.000,  7.074,-374.516,-15.000, 13.302, 13.800, -5.828, 12.962, 13.301, -0.320,  0.922,  0.914,  0.922,
mon_rep230616,2023-06-16T04:19:12, 23.601,  0.100,1,0,255, 25.000,  7.414,-349.799,-15.000, 13.302, 13.800, -5.487, 12.961, 13.301, -0.320,  0.922,  0.914,  0.922,
mon_rep230616,2023-06-16T04:19:12, 23.701,  0.100,1,0,255, 25.000,  7.755,-325.027,-15.000, 13.302, 13.800, -5.145, 12.960, 13.301, -0.320,  0.922,  0.914,  0.922,
mon_rep230616,2023-06-16T04:19:12, 23.801,  0.100,1,0,255, 25.000,  8.097,-300.203,-15.000, 13.302, 13.800, -4.802, 12.959, 13.301, -0.320,  0.922,  0.914,  0.922,
mon_rep230616,2023-06-16T04:19:12, 23.901,  0.100,1,0,255, 25.000,  8.440,-275.332,-15.000, 13.302, 13.800, -4.459, 12.959, 13.301, -0.320,  0.922,  0.914,  0.922,
mon_rep230616,2023-06-16T04:19:12, 24.001,  0.100,1,0,255, 25.000,  8.783,-250.417,-15.000, 13.302, 13.800, -4.115, 12.958, 13.301, -0.343,  0.922,  0.913,  0.922,
mon_rep230616,2023-06-16T04:19:12, 24.101,  0.100,1,0,255, 25.000,  9.127,-225.463,-15.000, 13.302, 13.800, -3.771, 12.958, 13.301, -0.343,  0.922,  0.913,  0.922,
mon_rep230616,2023-06-16T04:19:12, 24.201,  0.100,1,0,255, 25.000,  9.471,-200.474,-15.000, 13.302, 13.800, -3.426, 12.957, 13.301, -0.343,  0.922,  0.913,  0.922,
mon_rep230616,2023-06-16T04:19:12, 24.301,  0.100,1,0,255, 25.000,  9.816,-175.452,-15.000, 13.302, 13.800, -3.081, 12.957, 13.301, -0.343,  0.922,  0.913,  0.922,
mon_rep230616,2023-06-16T04:19:13, 24.401,  0.100,1,0,255, 25.000, 10.161,-150.403,-15.000, 13.302, 13.800, -2.735, 12.956, 13.301, -0.343,  0.922,  0.913,  0.922,
mon_rep230616,2023-06-16T04:19:13, 24.501,  0.100,1,0,255, 25.000, 10.507,-125.331,-15.000, 13.302, 13.800, -2.389, 12.956, 13.301, -0.343,  0.922,  0.913,  0.922,
mon_rep230616,2023-06-16T04:19:13, 24.601,  0.100,1,0,255, 25.000, 10.853,-100.238,-15.000, 13.302, 13.800, -2.043, 12.956, 13.301, -0.343,  0.922,  0.913,  0.922,
mon_rep230616,2023-06-16T04:19:13, 24.701,  0.100,1,0,255, 25.000, 11.199,-75.130,-15.000, 13.302, 13.800, -1.696, 12.955, 13.301, -0.343,  0.922,  0.913,  0.922,
mon_rep230616,2023-06-16T04:19:13, 24.801,  0.100,1,0,255, 25.000, 11.546,-50.009,-15.000, 13.302, 13.800, -1.348, 12.954, 13.301, -0.343,  0.922,  0.913,  0.922,
mon_rep230616,2023-06-16T04:19:13, 24.901,  0.100,1,0,255, 25.000, 11.894,-24.881,-15.000, 13.302, 13.800, -0.999, 12.953, 13.301, -0.343,  0.922,  0.913,  0.922,
mon_rep230616,2023-06-16T04:19:13, 25.001,  0.100,1,0,255, 25.000, 12.243,  0.251,-15.000, 13.302, 13.800, -0.650, 12.953, 13.301, -0.343,  0.922,  0.913,  1.000,
mon_rep230616,2023-06-16T04:19:13, 25.101,  0.100,1,0,255, 25.000, 12.592, 25.383,-15.000, 14.700, 13.800, -0.300, 12.953, 13.301, -0.343,  0.922,  0.913,  1.000,
mon_rep230616,2023-06-16T04:19:13, 25.201,  0.100,1,0,255, 25.000, 12.943, 50.511,-15.000, 14.700, 13.800,  0.050, 12.953, 13.301, -0.343,  0.922,  0.913,  1.000,
mon_rep230616,2023-06-16T04:19:13, 25.301,  0.100,1,0,255, 25.000, 13.294, 75.631,-15.000, 14.700, 13.800,  0.401, 12.953, 13.301, -0.343,  0.922,  0.913,  1.000,
mon_rep230616,2023-06-16T04:19:14, 25.401,  0.100,1,0,255, 25.000, 13.646,100.739,-15.000, 14.700, 13.800,  0.752, 12.954, 13.301, -0.343,  0.922,  0.913,  1.000,
mon_rep230616,2023-06-16T04:19:14, 25.501,  0.100,1,0,255, 25.000, 13.998,125.831,-15.000, 14.700, 13.800,  1.103, 12.955, 13.301, -0.343,  0.922,  0.913,  1.000,
mon_rep230616,2023-06-16T04:19:14, 25.601,  0.100,1,0,255, 25.000, 14.351,150.904,-15.000, 14.700, 13.800,  1.455, 12.957, 13.301, -0.343,  0.922,  0.913,  1.000,
mon_rep230616,2023-06-16T04:19:14, 25.701,  0.100,1,0,255, 25.000, 14.705,175.952,-15.000, 14.700, 13.800,  1.807, 12.958, 13.301, -0.343,  0.922,  0.913,  1.000,
mon_rep230616,2023-06-16T04:19:14, 25.801,  0.100,1,0,255, 25.000, 15.059,200.973,-15.000, 14.700, 13.800,  2.159, 12.960, 13.301, -0.343,  0.922,  0.913,  1.000,
mon_rep230616,2023-06-16T04:19:14, 25.901,  0.100,1,0,255, 25.000, 15.414,225.962,-15.000, 14.700, 13.800,  2.511, 12.962, 13.301, -0.343,  0.922,  0.913,  1.000,
mon_rep230616,2023-06-16T04:19:14, 26.001,  0.100,1,0,255, 25.000, 15.768,250.915,-15.000, 14.700, 13.800,  2.864, 12.964, 13.301, -0.337,  0.922,  0.914,  1.000,
mon_rep230616,2023-06-16T04:19:14, 26.101,  0.100,1,0,255, 25.000, 16.122,275.829,-15.000, 14.700, 13.800,  3.216, 12.966, 13.301, -0.337,  0.922,  0.914,  1.000,
mon_rep230616,2023-06-16T04:19:14, 26.201,  0.100,1,0,255, 25.000, 16.476,300.699,-15.000, 14.700, 13.800,  3.569, 12.967, 13.301, -0.337,  0.922,  0.914,  1.000,
mon_rep230616,2023-06-16T04:19:14, 26.301,  0.100,1,0,255, 25.000, 16.829,325.522,-15.000, 14.700, 13.800,  3.921, 12.968, 13.301, -0.337,  0.922,  0.914,  1.000,
mon_rep230616,2023-06-16T04:19:15, 26.401,  0.100,1,0,255, 25.000, 17.182,350.293,-15.000, 14.700, 13.800,  4.273, 12.969, 13.301, -0.337,  0.922,  0.914,  1.000,
mon_rep230616,2023-06-16T04:19:15, 26.501,  0.100,1,0,255, 25.000, 17.535,375.009,-15.000, 14.700, 13.800,  4.625, 12.970, 13.301, -0.337,  0.922,  0.914,  1.000,
mon_rep230616,2023-06-16T04:19:15, 26.601,  0.100,1,0,255, 25.000, 17.887,399.666,-15.000, 14.700, 13.800,  4.976, 12.971, 13.301, -0.337,  0.922,  0.914,  1.000,
mon_rep230616,2023-06-16T04:19:15, 26.701,  0.100,1,0,255, 25.000, 18.239,424.259,-15.000, 14.700, 13.800,  5.327, 12.972, 13.301, -0.337,  0.922,  0.914,  1.000,
mon_rep230616,2023-06-16T04:19:15, 26.801,  0.100,1,0,255, 25.000, 18.591,448.786,-15.000, 14.700, 13.800,  5.678, 12.973, 13.301, -0.337,  0.923,  0.914,  1.000,
mon_rep230616,2023-06-16T04:19:15, 26.901,  0.100,1,0,255, 25.000, 18.942,473.242,-15.000, 14.700, 13.800,  6.029, 12.973, 13.301, -0.337,  0.923,  0.914,  1.000,
mon_rep230616,2023-06-16T04:19:15, 27.001,  0.100,1,0,255, 25.000, 19.293,497.623,-15.000, 14.700, 13.800,  6.379, 12.974, 13.301, -0.337,  0.923,  0.914,  1.000,
mon_rep230616,2023-06-16T04:19:15, 27.101,  0.100,1,0,255, 25.000, 19.643,521.925,-15.000, 14.700, 13.800,  6.728, 12.976, 13.301, -0.337,  0.923,  0.914,  1.000,
mon_rep230616,2023-06-16T04:19:15, 27.201,  0.100,1,0,255, 25.000, 19.993,546.145,-15.000, 14.700, 13.800,  7.076, 12.977, 13.301, -0.337,  0.923,  0.914,  1.000,
mon_rep230616,2023-06-16T04:19:15, 27.301,  0.100,1,0,255, 25.000, 20.343,570.279,-15.000, 14.700, 13.800,  7.424, 12.978, 13.301, -0.337,  0.923,  0.914,  1.000,
mon_rep230616,2023-06-16T04:19:16, 27.401,  0.100,1,0,255, 25.000, 20.691,594.323,-15.000, 14.700, 13.800,  7.772, 12.979, 13.301, -0.337,  0.923,  0.914,  1.000,
mon_rep230616,2023-06-16T04:19:16, 27.501,  0.100,1,0,255, 25.000, 21.039,618.273,-15.000, 14.700, 13.800,  8.118, 12.981, 13.301, -0.337,  0.924,  0.914,  1.000,
mon_rep230616,2023-06-16T04:19:16, 27.601,  0.100,1,0,255, 25.000, 21.386,642.125,-15.000, 14.700, 13.800,  8.464, 12.982, 13.301, -0.337,  0.924,  0.914,  1.000,
mon_rep230616,2023-06-16T04:19:16, 27.701,  0.100,1,0,255, 25.000, 21.732,665.876,-15.000, 14.700, 13.800,  8.808, 12.984, 13.301, -0.337,  0.924,  0.914,  1.000,
mon_rep230616,2023-06-16T04:19:16, 27.801,  0.100,1,0,255, 25.000, 22.078,689.521,-15.000, 14.700, 13.800,  9.152, 12.986, 13.301, -0.337,  0.924,  0.914,  1.000,
mon_rep230616,2023-06-16T04:19:16, 27.901,  0.100,1,0,255, 25.000, 22.422,713.058,-15.000, 14.700, 13.800,  9.495, 12.987, 13.301, -0.337,  0.924,  0.914,  1.000,
mon_rep230616,2023-06-16T04:19:16, 28.001,  0.100,1,0,255, 25.000, 22.766,736.482,-15.000, 14.700, 13.800,  9.837, 12.989, 13.302, -0.312,  0.924,  0.919,  1.000,
mon_rep230616,2023-06-16T04:19:16, 28.101,  0.100,1,0,255, 25.000, 23.108,759.790,-15.000, 14.700, 13.800, 10.177, 12.991, 13.302, -0.312,  0.925,  0.919,  1.000,
mon_rep230616,2023-06-16T04:19:16, 28.201,  0.100,1,0,255, 25.000, 23.449,782.978,-15.000, 14.700, 13.800, 10.516, 12.993, 13.302, -0.312,  0.925,  0.919,  1.000,
mon_rep230616,2023-06-16T04:19:16, 28.301,  0.100,1,0,255, 25.000, 23.790,806.042,-15.000, 14.700, 13.800, 10.854, 12.995, 13.302, -0.312,  0.925,  0.919,  1.000,
mon_rep230616,2023-06-16T04:19:17, 28.401,  0.100,1,0,255, 25.000, 24.129,828.979,-15.000, 14.700, 13.800, 11.191, 12.997, 13.302, -0.312,  0.925,  0.919,  1.000,
mon_rep230616,2023-06-16T04:19:17, 28.501,  0.100,1,0,255, 25.000, 24.466,851.786,-15.000, 14.700, 13.800, 11.527, 13.000, 13.302, -0.312,  0.925,  0.919,  1.000,
mon_rep230616,2023-06-16T04:19:17, 28.601,  0.100,1,0,255, 25.000, 24.803,874.457,-15.000, 14.700, 13.800, 11.861, 13.002, 13.302, -0.312,  0.926,  0.919,  1.000,
mon_rep230616,2023-06-16T04:19:17, 28.701,  0.100,1,0,255, 25.000, 25.138,896.991,-15.000, 14.700, 13.800, 12.193, 13.004, 13.302, -0.312,  0.926,  0.919,  1.000,
mon_rep230616,2023-06-16T04:19:17, 28.801,  0.100,1,0,255, 25.000, 25.471,919.382,-15.000, 14.700, 13.800, 12.524, 13.007, 13.302, -0.312,  0.926,  0.919,  1.000,
mon_rep230616,2023-06-16T04:19:17, 28.901,  0.100,1,0,255, 25.000, 25.803,941.629,-15.000, 14.700, 13.800, 12.854, 13.009, 13.302, -0.312,  0.926,  0.919,  1.000,
mon_rep230616,2023-06-16T04:19:17, 29.001,  0.100,1,0,255, 25.000, 26.134,963.727,-15.000, 14.700, 13.800, 13.182, 13.012, 13.302, -0.312,  0.927,  0.919,  1.000,
mon_rep230616,2023-06-16T04:19:17, 29.101,  0.100,1,0,255, 25.000, 26.462,985.673,-15.000, 14.700, 13.800, 13.508, 13.015, 13.302, -0.312,  0.927,  0.919,  1.000,
mon_rep230616,2023-06-16T04:19:17, 29.201,  0.100,1,0,255, 25.000, 26.790,1007.463,-15.000, 14.700, 13.800, 13.832, 13.017, 13.302, -0.312,  0.927,  0.919,  1.000,
mon_rep230616,2023-06-16T04:19:17, 29.301,  0.100,1,0,255, 25.000, 27.115,1029.094,-15.000, 14.700, 13.800, 14.155, 13.020, 13.302, -0.312,  0.927,  0.919,  1.000,
mon_rep230616,2023-06-16T04:19:18, 29.401,  0.100,1,0,255, 25.000, 27.439,1050.563,-15.000, 14.700, 13.800, 14.476, 13.023, 13.302, -0.312,  0.928,  0.919,  1.000,
mon_rep230616,2023-06-16T04:19:18, 29.501,  0.100,1,0,255, 25.000, 27.761,1071.865,-15.000, 14.700, 13.800, 14.795, 13.026, 13.302, -0.312,  0.928,  0.919,  1.000,
mon_rep230616,2023-06-16T04:19:18, 29.601,  0.100,1,0,255, 25.000, 28.081,1092.999,-15.000, 14.700, 13.800, 15.112, 13.029, 13.302, -0.312,  0.928,  0.919,  1.000,
mon_rep230616,2023-06-16T04:19:18, 29.701,  0.100,1,0,255, 25.000, 28.399,1113.959,-15.000, 14.700, 13.800, 15.427, 13.032, 13.302, -0.312,  0.928,  0.919,  1.000,
mon_rep230616,2023-06-16T04:19:18, 29.801,  0.100,1,0,255, 25.000, 28.715,1134.744,-15.000, 14.700, 13.800, 15.740, 13.036, 13.302, -0.312,  0.929,  0.919,  1.000,
mon_rep230616,2023-06-16T04:19:18, 29.901,  0.100,1,0,255, 25.000, 29.030,1155.350,-15.000, 14.700, 13.800, 16.051, 13.039, 13.302, -0.312,  0.929,  0.919,  1.000,
mon_rep230616,2023-06-16T04:19:18, 30.001,  0.100,1,0,255, 25.000, 29.342,1175.773,-15.000, 14.700, 13.800, 16.359, 13.042, 13.302, -0.260,  0.929,  0.925,  1.000,
mon_rep230616,2023-06-16T04:19:18, 30.101,  0.100,1,0,255, 25.000, 29.652,1196.011,-15.000, 14.700, 13.800, 16.666, 13.046, 13.302, -0.260,  0.929,  0.925,  1.000,
mon_rep230616,2023-06-16T04:19:18, 30.201,  0.100,1,0,255, 25.000, 29.959,1216.060,-15.000, 14.700, 13.800, 16.970, 13.049, 13.302, -0.260,  0.930,  0.925,  1.000,
mon_rep230616,2023-06-16T04:19:18, 30.301,  0.100,1,0,255, 25.000, 30.265,1235.917,-15.000, 14.700, 13.800, 17.272, 13.053, 13.302, -0.260,  0.930,  0.925,  1.000,
mon_rep230616,2023-06-16T04:19:19, 30.401,  0.100,1,0,255, 25.000, 30.568,1255.578,-15.000, 14.700, 13.800, 17.572, 13.056, 13.302, -0.260,  0.930,  0.925,  1.000,
mon_rep230616,2023-06-16T04:19:19, 30.501,  0.100,1,0,255, 25.000, 30.869,1275.041,-15.000, 14.700, 13.800, 17.869, 13.060, 13.302, -0.260,  0.931,  0.925,  1.000,
mon_rep230616,2023-06-16T04:19:19, 30.601,  0.100,1,0,255, 25.000, 31.168,1294.303,-15.000, 14.700, 13.800, 18.164, 13.064, 13.302, -0.260,  0.931,  0.925,  1.000,
mon_rep230616,2023-06-16T04:19:19, 30.701,  0.100,1,0,255, 25.000, 31.464,1313.361,-15.000, 14.700, 13.800, 18.457, 13.068, 13.302, -0.260,  0.931,  0.925,  1.000,
mon_rep230616,2023-06-16T04:19:19, 30.801,  0.100,1,0,255, 25.000, 31.758,1332.211,-15.000, 14.700, 13.800, 18.746, 13.072, 13.302, -0.260,  0.932,  0.925,  1.000,
mon_rep230616,2023-06-16T04:19:19, 30.901,  0.100,1,0,255, 25.000, 32.049,1350.851,-15.000, 14.700, 13.800, 19.034, 13.076, 13.302, -0.260,  0.932,  0.925,  1.000,
mon_rep230616,2023-06-16T04:19:19, 31.001,  0.100,1,0,255, 25.000, 32.338,1369.277,-15.000, 14.700, 13.800, 19.318, 13.080, 13.302, -0.260,  0.932,  0.925,  1.000,
mon_rep230616,2023-06-16T04:19:19, 31.101,  0.100,1,0,255, 25.000, 32.624,1387.487,-15.000, 14.700, 13.800, 19.600, 13.084, 13.302, -0.260,  0.933,  0.925,  1.000,
mon_rep230616,2023-06-16T04:19:19, 31.201,  0.100,1,0,255, 25.000, 32.907,1405.478,-15.000, 14.700, 13.800, 19.879, 13.088, 13.302, -0.260,  0.933,  0.925,  1.000,
mon_rep230616,2023-06-16T04:19:19, 31.301,  0.100,1,0,255, 25.000, 33.188,1423.248,-15.000, 14.700, 13.800, 20.156, 13.093, 13.302, -0.260,  0.933,  0.925,  1.000,
mon_rep230616,2023-06-16T04:19:20, 31.401,  0.100,1,0,255, 25.000, 33.467,1440.792,-15.000, 14.700, 13.800, 20.429, 13.097, 13.302, -0.260,  0.934,  0.925,  1.000,
mon_rep230616,2023-06-16T04:19:20, 31.501,  0.100,1,0,255, 25.000, 33.742,1458.109,-15.000, 14.700, 13.800, 20.700, 13.102, 13.302, -0.260,  0.934,  0.925,  1.000,
mon_rep230616,2023-06-16T04:19:20, 31.601,  0.100,1,0,255, 25.000, 34.015,1475.196,-15.000, 14.700, 13.800, 20.968, 13.107, 13.302, -0.260,  0.934,  0.925,  1.000,
mon_rep230616,2023-06-16T04:19:20, 31.701,  0.100,1,0,255, 25.000, 34.286,1492.049,-15.000, 14.700, 13.800, 21.233, 13.113, 13.302, -0.260,  0.935,  0.925,  1.000,
mon_rep230616,2023-06-16T04:19:20, 31.801,  0.100,1,0,255, 25.000, 34.553,1508.667,-15.000, 14.700, 13.800, 21.479, 13.134, 13.302, -0.260,  0.935,  0.925,  1.000,
mon_rep230616,2023-06-16T04:19:20, 31.901,  0.100,1,0,255, 25.000, 34.802,1525.047,-15.000, 14.700, 13.800, 21.705, 13.157, 13.302, -0.260,  0.936,  0.925,  1.000,
mon_rep230616,2023-06-16T04:19:20, 32.001,  0.100,1,0,255, 25.000, 35.031,1541.186,-15.000, 14.700, 13.800, 21.928, 13.163, 13.304, -0.140,  0.936,  0.934,  1.000,
mon_rep230616,2023-06-16T04:19:20, 32.101,  0.100,1,0,255, 25.000, 35.259,1557.082,-15.000, 14.700, 13.800, 22.147, 13.171, 13.304, -0.140,  0.936,  0.934,  1.000,
mon_rep230616,2023-06-16T04:19:20, 32.201,  0.100,1,0,255, 25.000, 35.485,1572.732,-15.000, 14.700, 13.800, 22.363, 13.182, 13.304, -0.140,  0.937,  0.934,  1.000,
mon_rep230616,2023-06-16T04:19:20, 32.301,  0.100,1,0,255, 25.000, 35.713,1588.133,-15.000, 14.700, 13.800, 22.576, 13.198, 13.304, -0.140,  0.937,  0.934,  1.000,
mon_rep230616,2023-06-16T04:19:21, 32.401,  0.100,1,0,255, 25.000, 35.940,1603.284,-15.000, 14.700, 13.800, 22.785, 13.215, 13.304, -0.140,  0.938,  0.934,  1.000,
mon_rep230616,2023-06-16T04:19:21, 32.501,  0.100,1,0,255, 25.000, 36.149,1618.181,-15.000, 14.700, 13.800, 22.990, 13.219, 13.304, -0.140,  0.938,  0.934,  1.000,
mon_rep230616,2023-06-16T04:19:21, 32.601,  0.100,1,0,255, 25.000, 36.355,1632.823,-15.000, 14.700, 13.800, 23.192, 13.222, 13.304, -0.140,  0.938,  0.934,  1.000,
mon_rep230616,2023-06-16T04:19:21, 32.701,  0.100,1,0,255, 25.000, 36.557,1647.207,-15.000, 14.700, 13.800, 23.391, 13.226, 13.304, -0.140,  0.939,  0.934,  1.000,
mon_rep230616,2023-06-16T04:19:21, 32.801,  0.100,1,0,255, 25.000, 36.755,1661.331,-15.000, 14.700, 13.800, 23.586, 13.229, 13.304, -0.140,  0.939,  0.934,  1.000,
mon_rep230616,2023-06-16T04:19:21, 32.901,  0.100,1,0,255, 25.000, 36.950,1675.193,-15.000, 14.700, 13.800, 23.777, 13.233, 13.304, -0.140,  0.940,  0.934,  1.000,
mon_rep230616,2023-06-16T04:19:21, 33.001,  0.100,1,0,255, 25.000, 37.142,1688.790,-15.000, 14.700, 13.800, 23.965, 13.237, 13.304, -0.140,  0.940,  0.934,  1.000,
mon_rep230616,2023-06-16T04:19:21, 33.101,  0.100,1,0,255, 25.000, 37.329,1702.121,-15.000, 14.700, 13.800, 24.149, 13.241, 13.304, -0.140,  0.940,  0.934,  1.000,
mon_rep230616,2023-06-16T04:19:21, 33.201,  0.100,1,0,255, 25.000, 37.513,1715.182,-15.000, 14.700, 13.800, 24.329, 13.244, 13.304, -0.140,  0.941,  0.934,  1.000,
mon_rep230616,2023-06-16T04:19:21, 33.301,  0.100,1,0,255, 25.000, 37.694,1727.973,-15.000, 14.700, 13.800, 24.506, 13.248, 13.304, -0.140,  0.941,  0.934,  1.000,
mon_rep230616,2023-06-16T04:19:22, 33.401,  0.100,1,0,255, 25.000, 37.870,1740.491,-15.000, 14.700, 13.800, 24.678, 13.252, 13.304, -0.140,  0.942,  0.934,  1.000,
mon_rep230616,2023-06-16T04:19:22, 33.501,  0.100,1,0,255, 25.000, 38.043,1752.734,-15.000, 14.700, 13.800, 24.847, 13.256, 13.304, -0.140,  0.942,  0.934,  1.000,
mon_rep230616,2023-06-16T04:19:22, 33.601,  0.100,1,0,255, 25.000, 38.212,1764.700,-15.000, 14.700, 13.800, 25.012, 13.260, 13.304, -0.140,  0.943,  0.934,  1.000,
mon_rep230616,2023-06-16T04:19:22, 33.701,  0.100,1,0,255, 25.000, 38.377,1776.388,-15.000, 14.700, 13.800, 25.174, 13.264, 13.304, -0.140,  0.943,  0.934,  1.000,
mon_rep230616,2023-06-16T04:19:22, 33.801,  0.100,1,0,255, 25.000, 38.539,1787.795,-15.000, 14.700, 13.800, 25.331, 13.267, 13.304, -0.140,  0.943,  0.934,  1.000,
mon_rep230616,2023-06-16T04:19:22, 33.901,  0.100,1,0,255, 25.000, 38.696,1798.920,-15.000, 14.700, 13.800, 25.485, 13.271, 13.304, -0.140,  0.944,  0.934,  1.000,
mon_rep230616,2023-06-16T04:19:22, 34.001,  0.100,1,0,255, 25.000, 38.850,1809.761,-15.000, 14.700, 13.800, 25.634, 13.275, 13.305, -0.030,  0.944,  0.944,  1.000,
mon_rep230616,2023-06-16T04:19:22, 34.101,  0.100,1,0,255, 25.000, 38.999,1820.316,-15.000, 14.700, 13.800, 25.780, 13.279, 13.305, -0.030,  0.945,  0.944,  1.000,
mon_rep230616,2023-06-16T04:19:22, 34.201,  0.100,1,0,255, 25.000, 39.145,1830.583,-15.000, 14.700, 13.800, 25.922, 13.283, 13.305, -0.030,  0.945,  0.944,  1.000,
mon_rep230616,2023-06-16T04:19:22, 34.301,  0.100,1,0,255, 25.000, 39.287,1840.562,-15.000, 14.700, 13.800, 26.059, 13.288, 13.305, -0.030,  0.946,  0.944,  1.000,
mon_rep230616,2023-06-16T04:19:23, 34.401,  0.100,1,0,255, 25.000, 39.425,1850.250,-15.000, 14.700, 13.800, 26.193, 13.292, 13.305, -0.030,  0.946,  0.944,  1.000,
mon_rep230616,2023-06-16T04:19:23, 34.501,  0.100,1,0,255, 25.000, 39.558,1859.645,-15.000, 14.700, 13.800, 26.323, 13.296, 13.305, -0.030,  0.947,  0.944,  1.000,
mon_rep230616,2023-06-16T04:19:23, 34.601,  0.100,1,0,255, 25.000, 39.688,1868.747,-15.000, 14.700, 13.800, 26.448, 13.300, 13.305, -0.030,  0.947,  0.944,  1.000,
mon_rep230616,2023-06-16T04:19:23, 34.701,  0.100,1,0,255, 25.000, 39.814,1877.554,-15.000, 14.700, 13.800, 26.570, 13.304, 13.305, -0.030,  0.947,  0.944,  1.000,
mon_rep230616,2023-06-16T04:19:23, 34.801,  0.100,1,0,255, 25.000, 39.935,1886.064,-15.000, 14.700, 13.800, 26.687, 13.308, 13.305, -0.030,  0.948,  0.944,  1.000,
mon_rep230616,2023-06-16T04:19:23, 34.901,  0.100,1,0,255, 25.000, 40.053,1894.277,-15.000, 14.700, 13.800, 26.801, 13.312, 13.305, -0.030,  0.948,  0.944,  1.000,
mon_rep230616,2023-06-16T04:19:23, 35.001,  0.100,1,0,255, 25.000, 40.166,1902.191,-15.000, 14.700, 13.800, 26.910, 13.316, 13.305, -0.030,  0.949,  0.944,  1.000,
mon_rep230616,2023-06-16T04:19:23, 35.101,  0.100,1,0,255, 25.000, 40.275,1909.804,-15.000, 14.700, 13.800, 27.015, 13.321, 13.305, -0.030,  0.949,  0.944,  1.000,
mon_rep230616,2023-06-16T04:19:23, 35.201,  0.100,1,0,255, 25.000, 40.381,1917.115,-15.000, 14.700, 13.800, 27.116, 13.325, 13.305, -0.030,  0.950,  0.944,  1.000,
mon_rep230616,2023-06-16T04:19:23, 35.301,  0.100,1,0,255, 25.000, 40.482,1924.124,-15.000, 14.700, 13.800, 27.212, 13.329, 13.305, -0.030,  0.950,  0.944,  1.000,
mon_rep230616,2023-06-16T04:19:24, 35.401,  0.100,1,0,255, 25.000, 40.578,1930.829,-15.000, 14.700, 13.800, 27.305, 13.333, 13.305, -0.030,  0.951,  0.944,  1.000,
mon_rep230616,2023-06-16T04:19:24, 35.501,  0.100,1,0,255, 25.000, 40.671,1937.229,-15.000, 14.700, 13.800, 27.393, 13.338, 13.305, -0.030,  0.951,  0.944,  1.000,
mon_rep230616,2023-06-16T04:19:24, 35.601,  0.100,1,0,255, 25.000, 40.759,1943.323,-15.000, 14.700, 13.800, 27.477, 13.342, 13.305, -0.030,  0.952,  0.944,  1.000,
mon_rep230616,2023-06-16T04:19:24, 35.701,  0.100,1,0,255, 25.000, 40.843,1949.110,-15.000, 14.700, 13.800, 27.557, 13.346, 13.305, -0.030,  0.952,  0.944,  1.000,
mon_rep230616,2023-06-16T04:19:24, 35.801,  0.100,1,0,255, 25.000, 40.923,1954.589,-15.000, 14.700, 13.800, 27.633, 13.351, 13.305, -0.030,  0.953,  0.944,  1.000,
mon_rep230616,2023-06-16T04:19:24, 35.901,  0.100,1,0,255, 25.000, 40.999,1959.760,-15.000, 14.700, 13.800, 27.704, 13.355, 13.305, -0.030,  0.953,  0.944,  1.000,
mon_rep230616,2023-06-16T04:19:24, 36.001,  0.100,1,0,255, 25.000, 41.071,1964.621,-15.000, 14.700, 13.800, 27.771, 13.359, 13.307,  0.053,  0.954,  0.955,  1.000,
mon_rep230616,2023-06-16T04:19:24, 36.101,  0.100,1,0,255, 25.000, 41.138,1969.172,-15.000, 14.700, 13.800, 27.834, 13.364, 13.307,  0.053,  0.954,  0.955,  1.000,
mon_rep230616,2023-06-16T04:19:24, 36.201,  0.100,1,0,255, 25.000, 41.201,1973.413,-15.000, 14.700, 13.800, 27.893, 13.368, 13.307,  0.053,  0.955,  0.955,  1.000,
mon_rep230616,2023-06-16T04:19:24, 36.301,  0.100,1,0,255, 25.000, 41.259,1977.341,-15.000, 14.700, 13.800, 27.947, 13.372, 13.307,  0.053,  0.955,  0.955,  1.000,
mon_rep230616,2023-06-16T04:19:25, 36.402,  0.101,1,0,255, 25.000, 41.313,1980.957,-15.000, 14.700, 13.800, 27.997, 13.377, 13.307,  0.053,  0.956,  0.955,  1.000,
mon_rep230616,2023-06-16T04:19:25, 36.501,  0.099,1,0,255, 25.000, 41.363,1984.292,-15.000, 14.700, 13.800, 28.043, 13.381, 13.307,  0.053,  0.956,  0.955,  1.000,
mon_rep230616,2023-06-16T04:19:25, 36.601,  0.100,1,0,255, 25.000, 41.409,1987.251,-15.000, 14.700, 13.800, 28.084, 13.386, 13.307,  0.053,  0.957,  0.955,  1.000,
mon_rep230616,2023-06-16T04:19:25, 36.702,  0.101,1,0,255, 25.000, 41.450,1989.927,-15.000, 14.700, 13.800, 28.121, 13.390, 13.307,  0.053,  0.957,  0.955,  1.000,
mon_rep230616,2023-06-16T04:19:25, 36.802,  0.100,1,0,255, 25.000, 41.487,1992.311,-15.000, 14.700, 13.800, 28.153, 13.394, 13.307,  0.053,  0.958,  0.955,  1.000,
mon_rep230616,2023-06-16T04:19:25, 36.901,  0.099,1,0,255, 25.000, 41.520,1994.356,-15.000, 14.700, 13.800, 28.182, 13.399, 13.307,  0.053,  0.958,  0.955,  1.000,
mon_rep230616,2023-06-16T04:19:25, 37.001,  0.100,1,0,255, 25.000, 41.549,1996.069,-15.000, 14.700, 13.800, 28.205, 13.403, 13.307,  0.053,  0.959,  0.955,  1.000,
mon_rep230616,2023-06-16T04:19:25, 37.101,  0.100,1,0,255, 25.000, 41.572,1997.486,-15.000, 14.700, 13.800, 28.225, 13.407, 13.307,  0.053,  0.959,  0.955,  1.000,
mon_rep230616,2023-06-16T04:19:25, 37.202,  0.101,1,0,255, 25.000, 41.592,1998.588,-15.000, 14.700, 13.800, 28.240, 13.412, 13.307,  0.053,  0.960,  0.955,  1.000,
mon_rep230616,2023-06-16T04:19:25, 37.301,  0.099,1,0,255, 25.000, 41.607,1999.381,-15.000, 14.700, 13.800, 28.251, 13.416, 13.307,  0.053,  0.960,  0.955,  1.000,
mon_rep230616,2023-06-16T04:19:26, 37.402,  0.101,1,0,255, 25.000, 41.618,1999.845,-15.000, 14.700, 13.800, 28.257, 13.421, 13.307,  0.053,  0.961,  0.955,  1.000,
mon_rep230616,2023-06-16T04:19:26, 37.502,  0.100,1,0,255, 25.000, 41.625,2000.000,-15.000, 14.700, 13.800, 28.260, 13.425, 13.307,  0.053,  0.961,  0.955,  1.000,
mon_rep230616,2023-06-16T04:19:26, 37.601,  0.099,1,0,255, 25.000, 41.627,1999.836,-15.000, 14.700, 13.800, 28.257, 13.430, 13.307,  0.053,  0.962,  0.955,  1.000,
mon_rep230616,2023-06-16T04:19:26, 37.702,  0.101,1,0,255, 25.000, 41.625,1999.362,-15.000, 14.700, 13.800, 28.251, 13.434, 13.307,  0.053,  0.962,  0.955,  1.000,
mon_rep230616,2023-06-16T04:19:26, 37.802,  0.100,1,0,255, 25.000, 41.618,1998.560,-15.000, 14.700, 13.800, 28.240, 13.439, 13.307,  0.053,  0.963,  0.955,  1.000,
mon_rep230616,2023-06-16T04:19:26, 37.902,  0.100,1,0,255, 25.000, 41.607,1997.449,-15.000, 14.700, 13.800, 28.224, 13.443, 13.307,  0.053,  0.963,  0.955,  1.000,
mon_rep230616,2023-06-16T04:19:26, 38.001,  0.099,1,0,255, 25.000, 41.592,1996.022,-15.000, 14.700, 13.800, 28.205, 13.447, 13.308,  0.139,  0.963,  0.967,  1.000,
mon_rep230616,2023-06-16T04:19:26, 38.102,  0.101,1,0,255, 25.000, 41.572,1994.299,-15.000, 14.700, 13.800, 28.181, 13.451, 13.308,  0.139,  0.964,  0.967,  1.000,
mon_rep230616,2023-06-16T04:19:26, 38.202,  0.100,1,0,255, 25.000, 41.549,1992.223,-15.000, 14.700, 13.800, 28.152, 13.456, 13.308,  0.139,  0.964,  0.967,  1.000,
mon_rep230616,2023-06-16T04:19:26, 38.301,  0.099,1,0,255, 25.000, 41.520,1989.852,-15.000, 14.700, 13.800, 28.119, 13.461, 13.308,  0.139,  0.965,  0.967,  1.000,
mon_rep230616,2023-06-16T04:19:27, 38.402,  0.101,1,0,255, 25.000, 41.487,1987.194,-15.000, 14.700, 13.800, 28.083, 13.465, 13.308,  0.139,  0.965,  0.967,  1.000,
mon_rep230616,2023-06-16T04:19:27, 38.502,  0.100,1,0,255, 25.000, 41.451,1984.166,-15.000, 14.700, 13.800, 28.041, 13.470, 13.308,  0.139,  0.966,  0.967,  1.000,
mon_rep230616,2023-06-16T04:19:27, 38.601,  0.099,1,0,255, 25.000, 41.409,1980.854,-15.000, 14.700, 13.800, 27.995, 13.474, 13.308,  0.139,  0.966,  0.967,  1.000,
mon_rep230616,2023-06-16T04:19:27, 38.702,  0.101,1,0,255, 25.000, 41.363,1977.266,-15.000, 14.700, 13.800, 27.946, 13.478, 13.308,  0.139,  0.967,  0.967,  1.000,
mon_rep230616,2023-06-16T04:19:27, 38.802,  0.100,1,0,255, 25.000, 41.314,1973.290,-15.000, 14.700, 13.800, 27.891, 13.483, 13.308,  0.139,  0.967,  0.967,  1.000,
mon_rep230616,2023-06-16T04:19:27, 38.902,  0.100,1,0,255, 25.000, 41.259,1969.041,-15.000, 14.700, 13.800, 27.832, 13.487, 13.308,  0.139,  0.968,  0.967,  1.000,
mon_rep230616,2023-06-16T04:19:27, 39.002,  0.100,1,0,255, 25.000, 41.201,1964.480,-15.000, 14.700, 13.800, 27.769, 13.491, 13.308,  0.139,  0.968,  0.967,  1.000,
mon_rep230616,2023-06-16T04:19:27, 39.101,  0.099,1,0,255, 25.000, 41.138,1959.610,-15.000, 14.700, 13.800, 27.702, 13.496, 13.308,  0.139,  0.969,  0.967,  1.000,
mon_rep230616,2023-06-16T04:19:27, 39.202,  0.101,1,0,255, 25.000, 41.071,1954.483,-15.000, 14.700, 13.800, 27.631, 13.499, 13.308,  0.139,  0.969,  0.967,  1.000,
mon_rep230616,2023-06-16T04:19:27, 39.301,  0.099,1,0,255, 25.000, 41.000,1948.941,-15.000, 14.700, 13.800, 27.555, 13.505, 13.308,  0.139,  0.970,  0.967,  1.000,
mon_rep230616,2023-06-16T04:19:28, 39.402,  0.101,1,0,255, 25.000, 40.923,1943.204,-15.000, 14.700, 13.800, 27.476, 13.508, 13.308,  0.139,  0.970,  0.967,  1.000,
mon_rep230616,2023-06-16T04:19:28, 39.502,  0.100,1,0,255, 25.000, 40.844,1937.041,-15.000, 14.700, 13.800, 27.391, 13.514, 13.308,  0.139,  0.971,  0.967,  1.000,
mon_rep230616,2023-06-16T04:19:28, 39.601,  0.099,1,0,255, 25.000, 40.759,1930.632,-15.000, 14.700, 13.800, 27.302, 13.517, 13.308,  0.139,  0.971,  0.967,  1.000,
mon_rep230616,2023-06-16T04:19:28, 39.702,  0.101,1,0,255, 25.000, 40.671,1923.987,-15.000, 14.700, 13.800, 27.211, 13.520, 13.308,  0.139,  0.972,  0.967,  1.000,
mon_rep230616,2023-06-16T04:19:28, 39.802,  0.100,1,0,255, 25.000, 40.579,1916.900,-15.000, 14.700, 13.800, 27.113, 13.527, 13.308,  0.139,  0.972,  0.967,  1.000,
mon_rep230616,2023-06-16T04:19:28, 39.902,  0.100,1,0,255, 25.000, 40.482,1909.580,-15.000, 14.700, 13.800, 27.012, 13.530, 13.308,  0.139,  0.973,  0.967,  1.000,
mon_rep230616,2023-06-16T04:19:28, 40.001,  0.099,1,0,255, 25.000, 40.381,1901.958,-15.000, 14.700, 13.800, 26.907, 13.534, 13.310,  0.224,  0.973,  0.978,  1.000,
mon_rep230616,2023-06-16T04:19:28, 40.102,  0.101,1,0,255, 25.000, 40.276,1894.116,-15.000, 14.700, 13.800, 26.798, 13.537, 13.310,  0.224,  0.974,  0.978,  1.000,
mon_rep230616,2023-06-16T04:19:28, 40.202,  0.100,1,0,255, 25.000, 40.167,1885.814,-15.000, 14.700, 13.800, 26.684, 13.544, 13.310,  0.224,  0.974,  0.978,  1.000,
mon_rep230616,2023-06-16T04:19:28, 40.302,  0.100,1,0,255, 25.000, 40.053,1877.295,-15.000, 14.700, 13.800, 26.566, 13.547, 13.310,  0.224,  0.975,  0.978,  1.000,
mon_rep230616,2023-06-16T04:19:29, 40.402,  0.100,1,0,255, 25.000, 39.935,1868.479,-15.000, 14.700, 13.800, 26.445, 13.551, 13.310,  0.224,  0.975,  0.978,  1.000,
mon_rep230616,2023-06-16T04:19:29, 40.502,  0.100,1,0,255, 25.000, 39.814,1859.368,-15.000, 14.700, 13.800, 26.319, 13.555, 13.310,  0.224,  0.975,  0.978,  1.000,
mon_rep230616,2023-06-16T04:19:29, 40.602,  0.100,1,0,255, 25.000, 39.688,1849.964,-15.000, 14.700, 13.800, 26.189, 13.559, 13.310,  0.224,  0.976,  0.978,  1.000,
mon_rep230616,2023-06-16T04:19:29, 40.702,  0.100,1,0,255, 25.000, 39.558,1840.267,-15.000, 14.700, 13.800, 26.055, 13.563, 13.310,  0.224,  0.976,  0.978,  1.000,
mon_rep230616,2023-06-16T04:19:29, 40.802,  0.100,1,0,255, 25.000, 39.425,1830.280,-15.000, 14.700, 13.800, 25.917, 13.567, 13.310,  0.224,  0.977,  0.978,  1.000,
mon_rep230616,2023-06-16T04:19:29, 40.901,  0.099,1,0,255, 25.000, 39.287,1820.004,-15.000, 14.700, 13.800, 25.776, 13.571, 13.310,  0.224,  0.977,  0.978,  1.000,
mon_rep230616,2023-06-16T04:19:29, 41.001,  0.100,1,0,255, 25.000, 39.145,1809.547,-15.000, 14.700, 13.800, 25.631, 13.574, 13.310,  0.224,  0.978,  0.978,  1.000,
mon_rep230616,2023-06-16T04:19:29, 41.102,  0.101,1,0,255, 25.000, 39.001,1798.701,-15.000, 14.700, 13.800, 25.482, 13.579, 13.310,  0.224,  0.978,  0.978,  1.000,
mon_rep230616,2023-06-16T04:19:29, 41.201,  0.099,1,0,255, 25.000, 38.851,1787.458,-15.000, 14.700, 13.800, 25.326, 13.585, 13.310,  0.224,  0.979,  0.978,  1.000,
mon_rep230616,2023-06-16T04:19:29, 41.301,  0.100,1,0,255, 25.000, 38.696,1776.158,-15.000, 14.700, 13.800, 25.170, 13.586, 13.310,  0.224,  0.979,  0.978,  1.000,
mon_rep230616,2023-06-16T04:19:30, 41.401,  0.100,1,0,255, 25.000, 38.540,1764.464,-15.000, 14.700, 13.800, 25.009, 13.591, 13.310,  0.224,  0.979,  0.978,  1.000,
mon_rep230616,2023-06-16T04:19:30, 41.501,  0.100,1,0,255, 25.000, 38.379,1752.493,-15.000, 14.700, 13.800, 24.844, 13.595, 13.310,  0.224,  0.980,  0.978,  1.000,
mon_rep230616,2023-06-16T04:19:30, 41.601,  0.100,1,0,255, 25.000, 38.214,1740.244,-15.000, 14.700, 13.800, 24.675, 13.599, 13.310,  0.224,  0.980,  0.978,  1.000,
mon_rep230616,2023-06-16T04:19:30, 41.701,  0.100,1,0,255, 25.000, 38.048,1727.721,-15.000, 14.700, 13.800, 24.502, 13.606, 13.310,  0.224,  0.981,  0.978,  1.000,
mon_rep230616,2023-06-16T04:19:30, 41.801,  0.100,1,0,255, 25.000, 37.883,1714.924,-15.000, 14.700, 13.800, 24.325, 13.617, 13.310,  0.224,  0.981,  0.978,  1.000,
mon_rep230616,2023-06-16T04:19:30, 41.901,  0.100,1,0,255, 25.000, 37.714,1701.857,-15.000, 14.700, 13.800, 24.145, 13.628, 13.310,  0.224,  0.982,  0.978,  1.000,
mon_rep230616,2023-06-16T04:19:30, 42.001,  0.100,1,0,255, 25.000, 37.541,1688.521,-15.000, 14.700, 13.800, 23.961, 13.639, 13.435,  0.204,  0.982,  0.988,  1.000,
mon_rep230616,2023-06-16T04:19:30, 42.101,  0.100,1,0,255, 25.000, 37.364,1674.919,-15.000, 14.700, 13.800, 23.773, 13.650, 13.435,  0.204,  0.982,  0.988,  1.000,
mon_rep230616,2023-06-16T04:19:30, 42.201,  0.100,1,0,255, 25.000, 37.183,1661.052,-15.000, 14.700, 13.800, 23.582, 13.661, 13.435,  0.204,  0.983,  0.988,  1.000,
mon_rep230616,2023-06-16T04:19:30, 42.301,  0.100,1,0,255, 25.000, 36.999,1646.923,-15.000, 14.700, 13.800, 23.387, 13.672, 13.435,  0.204,  0.983,  0.988,  1.000,
mon_rep230616,2023-06-16T04:19:31, 42.401,  0.100,1,0,255, 25.000, 36.811,1632.534,-15.000, 14.700, 13.800, 23.188, 13.683, 13.435,  0.204,  0.984,  0.988,  1.000,
mon_rep230616,2023-06-16T04:19:31, 42.501,  0.100,1,0,255, 25.000, 36.620,1617.887,-15.000, 14.700, 13.800, 22.986, 13.693, 13.435,  0.204,  0.984,  0.988,  1.000,
mon_rep230616,2023-06-16T04:19:31, 42.601,  0.100,1,0,255, 25.000, 36.425,1602.984,-15.000, 14.700, 13.800, 22.781, 13.704, 13.435,  0.204,  0.984,  0.988,  1.000,
mon_rep230616,2023-06-16T04:19:31, 42.701,  0.100,1,0,255, 25.000, 36.226,1587.828,-15.000, 14.700, 13.800, 22.572, 13.714, 13.435,  0.204,  0.985,  0.988,  1.000,
mon_rep230616,2023-06-16T04:19:31, 42.801,  0.100,1,0,255, 25.000, 36.024,1572.422,-15.000, 14.700, 13.800, 22.359, 13.725, 13.435,  0.204,  0.985,  0.988,  1.000,
mon_rep230616,2023-06-16T04:19:31, 42.901,  0.100,1,0,255, 25.000, 35.818,1556.767,-15.000, 14.700, 13.800, 22.143, 13.735, 13.435,  0.204,  0.986,  0.988,  1.000,
mon_rep230616,2023-06-16T04:19:31, 43.001,  0.100,1,0,255, 25.000, 35.609,1540.867,-15.000, 14.700, 13.800, 21.923, 13.745, 13.435,  0.204,  0.986,  0.988,  1.000,
mon_rep230616,2023-06-16T04:19:31, 43.101,  0.100,1,0,255, 25.000, 35.396,1524.723,-15.000, 14.700, 13.800, 21.701, 13.755, 13.435,  0.204,  0.986,  0.988,  1.000,
mon_rep230616,2023-06-16T04:19:31, 43.201,  0.100,1,0,255, 25.000, 35.180,1508.338,-15.000, 14.700, 13.800, 21.475, 13.765, 13.435,  0.204,  0.987,  0.988,  1.000,
mon_rep230616,2023-06-16T04:19:31, 43.301,  0.100,1,0,255, 25.000, 34.960,1491.715,-15.000, 14.700, 13.800, 21.245, 13.775, 13.435,  0.204,  0.987,  0.988,  1.000,
mon_rep230616,2023-06-16T04:19:32, 43.401,  0.100,1,0,255, 25.000, 34.737,1474.857,-15.000, 14.700, 13.800, 21.013, 13.785, 13.435,  0.204,  0.987,  0.988,  1.000,
mon_rep230616,2023-06-16T04:19:32, 43.501,  0.100,1,0,255, 25.000, 34.511,1457.766,-15.000, 14.700, 13.800, 20.777, 13.794, 13.435,  0.204,  0.988,  0.988,  1.000,
mon_rep230616,2023-06-16T04:19:32, 43.602,  0.101,1,0,255, 25.000, 34.281,1440.444,-15.000, 14.700, 13.800, 20.538, 13.804, 13.435,  0.204,  0.988,  0.988,  1.000,
mon_rep230616,2023-06-16T04:19:32, 43.701,  0.099,1,0,255, 25.000, 34.049,1422.719,-15.000, 14.700, 13.800, 20.293, 13.815, 13.435,  0.204,  0.989,  0.988,  1.000,
mon_rep230616,2023-06-16T04:19:32, 43.801,  0.100,1,0,255, 25.000, 33.810,1405.122,-15.000, 14.700, 13.800, 20.050, 13.820, 13.435,  0.204,  0.989,  0.988,  1.000,
mon_rep230616,2023-06-16T04:19:32, 43.901,  0.100,1,0,255, 25.000, 33.573,1387.126,-15.000, 14.700, 13.800, 19.802, 13.831, 13.435,  0.204,  0.989,  0.988,  1.000,
mon_rep230616,2023-06-16T04:19:32, 44.001,  0.100,1,0,255, 25.000, 33.331,1368.912,-15.000, 14.700, 13.800, 19.551, 13.840, 14.125, -0.285,  0.990,  0.993,  1.000,
mon_rep230616,2023-06-16T04:19:32, 44.101,  0.100,1,0,255, 25.000, 33.086,1350.481,-15.000, 14.700, 13.800, 19.296, 13.849, 14.125, -0.285,  0.990,  0.993,  1.000,
mon_rep230616,2023-06-16T04:19:32, 44.201,  0.100,1,0,255, 25.000, 32.837,1331.837,-15.000, 14.700, 13.800, 19.039, 13.858, 14.125, -0.285,  0.990,  0.993,  1.000,
mon_rep230616,2023-06-16T04:19:32, 44.301,  0.100,1,0,255, 25.000, 32.589,1312.982,-15.000, 14.700, 13.800, 18.779, 13.871, 14.125, -0.285,  0.991,  0.993,  1.000,
mon_rep230616,2023-06-16T04:19:33, 44.401,  0.100,1,0,255, 25.000, 32.368,1293.921,-15.000, 14.700, 13.800, 18.516, 13.913, 14.125, -0.285,  0.991,  0.993,  1.000,
mon_rep230616,2023-06-16T04:19:33, 44.501,  0.100,1,0,255, 25.000, 32.144,1274.655,-15.000, 14.700, 13.800, 18.250, 13.954, 14.125, -0.285,  0.991,  0.993,  1.000,
mon_rep230616,2023-06-16T04:19:33, 44.601,  0.100,1,0,255, 25.000, 31.916,1255.188,-15.000, 14.700, 13.800, 17.981, 13.995, 14.125, -0.285,  0.991,  0.993,  1.000,
mon_rep230616,2023-06-16T04:19:33, 44.701,  0.100,1,0,255, 25.000, 31.685,1235.522,-15.000, 14.700, 13.800, 17.710, 14.035, 14.125, -0.285,  0.992,  0.993,  1.000,
mon_rep230616,2023-06-16T04:19:33, 44.801,  0.100,1,0,255, 25.000, 31.450,1215.662,-15.000, 14.700, 13.800, 17.436, 14.075, 14.125, -0.285,  0.992,  0.993,  1.000,
mon_rep230616,2023-06-16T04:19:33, 44.901,  0.100,1,0,255, 25.000, 31.213,1195.609,-15.000, 14.700, 13.800, 17.159, 14.114, 14.125, -0.285,  0.992,  0.993,  1.000,
mon_rep230616,2023-06-16T04:19:33, 45.001,  0.100,1,0,255, 25.000, 30.972,1175.368,-15.000, 14.700, 13.800, 16.880, 14.152, 14.125, -0.285,  0.993,  0.993,  1.000,
mon_rep230616,2023-06-16T04:19:33, 45.101,  0.100,1,0,255, 25.000, 30.727,1154.941,-15.000, 14.700, 13.800, 16.598, 14.190, 14.125, -0.285,  0.993,  0.993,  1.000,
mon_rep230616,2023-06-16T04:19:33, 45.201,  0.100,1,0,255, 25.000, 30.480,1134.332,-15.000, 14.700, 13.800, 16.313, 14.227, 14.125, -0.285,  0.993,  0.993,  1.000,
mon_rep230616,2023-06-16T04:19:33, 45.301,  0.100,1,0,255, 25.000, 30.229,1113.543,-15.000, 14.700, 13.800, 16.026, 14.263, 14.125, -0.285,  0.993,  0.993,  1.000,
mon_rep230616,2023-06-16T04:19:34, 45.401,  0.100,1,0,255, 25.000, 29.976,1092.579,-15.000, 14.700, 13.800, 15.737, 14.299, 14.125, -0.285,  0.994,  0.993,  1.000,
mon_rep230616,2023-06-16T04:19:34, 45.501,  0.100,1,0,255, 25.000, 29.719,1071.442,-15.000, 14.700, 13.800, 15.445, 14.334, 14.125, -0.285,  0.994,  0.993,  1.000,
mon_rep230616,2023-06-16T04:19:34, 45.601,  0.100,1,0,255, 25.000, 29.459,1050.136,-15.000, 14.700, 13.800, 15.151, 14.368, 14.125, -0.285,  0.994,  0.993,  1.000,
mon_rep230616,2023-06-16T04:19:34, 45.701,  0.100,1,0,255, 25.000, 29.197,1028.664,-15.000, 14.700, 13.800, 14.855, 14.402, 14.125, -0.285,  0.995,  0.993,  1.000,
mon_rep230616,2023-06-16T04:19:34, 45.801,  0.100,1,0,255, 25.000, 28.931,1007.030,-15.000, 14.700, 13.800, 14.557, 14.434, 14.125, -0.285,  0.995,  0.993,  1.000,
mon_rep230616,2023-06-16T04:19:34, 45.901,  0.100,1,0,255, 25.000, 28.663,985.237,-15.000, 14.700, 13.800, 14.256, 14.467, 14.125, -0.285,  0.995,  0.993,  1.000,
mon_rep230616,2023-06-16T04:19:34, 46.001,  0.100,1,0,255, 25.000, 28.391,963.288,-15.000, 14.700, 13.800, 13.953, 14.498, 14.534, -0.036,  0.995,  0.998,  1.000,
mon_rep230616,2023-06-16T04:19:34, 46.101,  0.100,1,0,255, 25.000, 28.117,941.187,-15.000, 14.700, 13.800, 13.648, 14.529, 14.534, -0.036,  0.996,  0.998,  1.000,
mon_rep230616,2023-06-16T04:19:34, 46.201,  0.100,1,0,255, 25.000, 27.840,918.937,-15.000, 14.700, 13.800, 13.341, 14.559, 14.534, -0.036,  0.996,  0.998,  1.000,
mon_rep230616,2023-06-16T04:19:34, 46.301,  0.100,1,0,255, 25.000, 27.561,896.542,-15.000, 14.700, 13.800, 13.032, 14.589, 14.534, -0.036,  0.996,  0.998,  1.000,
mon_rep230616,2023-06-16T04:19:35, 46.401,  0.100,1,0,255, 25.000, 27.278,874.006,-15.000, 14.700, 13.800, 12.721, 14.617, 14.534, -0.036,  0.996,  0.998,  1.000,
mon_rep230616,2023-06-16T04:19:35, 46.501,  0.100,1,0,255, 25.000, 26.993,851.332,-15.000, 14.700, 13.800, 12.408, 14.645, 14.534, -0.036,  0.996,  0.998,  1.000,
mon_rep230616,2023-06-16T04:19:35, 46.601,  0.100,1,0,255, 25.000, 26.706,828.523,-15.000, 14.700, 13.800, 12.093, 14.673, 14.534, -0.036,  0.997,  0.998,  1.000,
mon_rep230616,2023-06-16T04:19:35, 46.701,  0.100,1,0,255, 25.000, 26.416,805.584,-15.000, 14.700, 13.800, 11.777, 14.699, 14.534, -0.036,  0.997,  0.998,  1.000,
mon_rep230616,2023-06-16T04:19:35, 46.801,  0.100,1,0,255, 25.000, 26.123,782.517,-15.000, 14.700, 13.800, 11.458, 14.725, 14.534, -0.036,  0.997,  0.998,  1.000,
mon_rep230616,2023-06-16T04:19:35, 46.901,  0.100,1,0,255, 25.000, 25.828,759.326,-15.000, 14.700, 13.800, 11.138, 14.750, 14.534, -0.036,  0.997,  0.998,  1.000,
mon_rep230616,2023-06-16T04:19:35, 47.001,  0.100,1,0,255, 25.000, 25.531,736.016,-15.000, 14.700, 13.800, 10.817, 14.774, 14.534, -0.036,  0.997,  0.998,  1.000,
mon_rep230616,2023-06-16T04:19:35, 47.101,  0.100,1,0,255, 25.000, 25.231,712.590,-15.000, 14.700, 13.800, 10.493, 14.798, 14.534, -0.036,  0.998,  0.998,  1.000,
mon_rep230616,2023-06-16T04:19:35, 47.201,  0.100,1,0,255, 25.000, 24.929,689.051,-15.000, 14.700, 13.800, 10.168, 14.821, 14.534, -0.036,  0.998,  0.998,  1.000,
mon_rep230616,2023-06-16T04:19:35, 47.301,  0.100,1,0,255, 25.000, 24.625,665.403,-15.000, 14.700, 13.800,  9.842, 14.843, 14.534, -0.036,  0.998,  0.998,  1.000,
mon_rep230616,2023-06-16T04:19:36, 47.401,  0.100,1,0,255, 25.000, 24.319,641.650,-15.000, 14.700, 13.800,  9.514, 14.864, 14.534, -0.036,  0.998,  0.998,  1.000,
mon_rep230616,2023-06-16T04:19:36, 47.501,  0.100,1,0,255, 25.000, 24.010,617.796,-15.000, 14.700, 13.800,  9.185, 14.885, 14.534, -0.036,  0.998,  0.998,  1.000,
mon_rep230616,2023-06-16T04:19:36, 47.601,  0.100,1,0,255, 25.000, 23.699,593.844,-15.000, 14.700, 13.800,  8.855, 14.905, 14.534, -0.036,  0.998,  0.998,  1.000,
mon_rep230616,2023-06-16T04:19:36, 47.701,  0.100,1,0,255, 25.000, 23.386,569.798,-15.000, 14.700, 13.800,  8.523, 14.924, 14.534, -0.036,  0.998,  0.998,  1.000,
mon_rep230616,2023-06-16T04:19:36, 47.801,  0.100,1,0,255, 25.000, 23.072,545.663,-15.000, 14.700, 13.800,  8.190, 14.942, 14.534, -0.036,  0.999,  0.998,  1.000,
mon_rep230616,2023-06-16T04:19:36, 47.901,  0.100,1,0,255, 25.000, 22.755,521.441,-15.000, 14.700, 13.800,  7.855, 14.959, 14.534, -0.036,  0.999,  0.998,  1.000,
mon_rep230616,2023-06-16T04:19:36, 48.001,  0.100,1,0,255, 25.000, 22.436,497.137,-15.000, 14.700, 13.800,  7.520, 14.976, 14.700,  0.276,  0.999,  1.000,  1.000,
mon_rep230616,2023-06-16T04:19:36, 48.101,  0.100,1,0,255, 25.000, 22.115,472.755,-15.000, 14.700, 13.800,  7.184, 14.992, 14.700,  0.276,  0.999,  1.000,  1.000,
mon_rep230616,2023-06-16T04:19:36, 48.201,  0.100,1,0,255, 25.000, 21.793,448.297,-15.000, 14.700, 13.800,  6.846, 15.007, 14.700,  0.276,  0.999,  1.000,  1.000,
mon_rep230616,2023-06-16T04:19:36, 48.301,  0.100,1,0,255, 25.000, 21.469,423.769,-15.000, 14.700, 13.800,  6.508, 15.021, 14.700,  0.276,  0.999,  1.000,  1.000,
mon_rep230616,2023-06-16T04:19:37, 48.401,  0.100,1,0,255, 25.000, 21.143,399.174,-15.000, 14.700, 13.800,  6.168, 15.035, 14.700,  0.276,  0.999,  1.000,  1.000,
mon_rep230616,2023-06-16T04:19:37, 48.501,  0.100,1,0,255, 25.000, 20.816,374.517,-15.000, 14.700, 13.800,  5.828, 15.048, 14.700,  0.276,  0.999,  1.000,  1.000,
mon_rep230616,2023-06-16T04:19:37, 48.601,  0.100,1,0,255, 25.000, 20.487,349.799,-15.000, 14.700, 13.800,  5.487, 15.060, 14.700,  0.276,  0.999,  1.000,  1.000,
mon_rep230616,2023-06-16T04:19:37, 48.701,  0.100,1,0,255, 25.000, 20.156,325.027,-15.000, 14.700, 13.800,  5.145, 15.071, 14.700,  0.276,  1.000,  1.000,  1.000,
mon_rep230616,2023-06-16T04:19:37, 48.801,  0.100,1,0,255, 25.000, 19.824,300.203,-15.000, 14.700, 13.800,  4.802, 15.081, 14.700,  0.276,  1.000,  1.000,  1.000,
mon_rep230616,2023-06-16T04:19:37, 48.901,  0.100,1,0,255, 25.000, 19.490,275.333,-15.000, 14.700, 13.800,  4.459, 15.091, 14.700,  0.276,  1.000,  1.000,  1.000,
mon_rep230616,2023-06-16T04:19:37, 49.001,  0.100,1,0,255, 25.000, 19.155,250.418,-15.000, 14.700, 13.800,  4.115, 15.100, 14.700,  0.276,  1.000,  1.000,  1.000,
mon_rep230616,2023-06-16T04:19:37, 49.101,  0.100,1,0,255, 25.000, 18.819,225.464,-15.000, 14.700, 13.800,  3.771, 15.108, 14.700,  0.276,  1.000,  1.000,  1.000,
mon_rep230616,2023-06-16T04:19:37, 49.201,  0.100,1,0,255, 25.000, 18.481,200.474,-15.000, 14.700, 13.800,  3.426, 15.115, 14.700,  0.276,  1.000,  1.000,  1.000,
mon_rep230616,2023-06-16T04:19:37, 49.301,  0.100,1,0,255, 25.000, 18.142,175.453,-15.000, 14.700, 13.800,  3.081, 15.121, 14.700,  0.276,  1.000,  1.000,  1.000,
mon_rep230616,2023-06-16T04:19:38, 49.401,  0.100,1,0,255, 25.000, 17.802,150.404,-15.000, 14.700, 13.800,  2.735, 15.127, 14.700,  0.276,  1.000,  1.000,  1.000,
mon_rep230616,2023-06-16T04:19:38, 49.501,  0.100,1,0,255, 25.000, 17.461,125.331,-15.000, 14.700, 13.800,  2.389, 15.132, 14.700,  0.276,  1.000,  1.000,  1.000,
mon_rep230616,2023-06-16T04:19:38, 49.601,  0.100,1,0,255, 25.000, 17.119,100.238,-15.000, 14.700, 13.800,  2.043, 15.136, 14.700,  0.276,  1.000,  1.000,  1.000,
mon_rep230616,2023-06-16T04:19:38, 49.701,  0.100,1,0,255, 25.000, 16.775, 75.130,-15.000, 14.700, 13.800,  1.696, 15.140, 14.700,  0.276,  1.000,  1.000,  1.000,
mon_rep230616,2023-06-16T04:19:38, 49.801,  0.100,1,0,255, 25.000, 16.431, 50.010,-15.000, 14.700, 13.800,  1.348, 15.143, 14.700,  0.276,  1.000,  1.000,  1.000,
mon_rep230616,2023-06-16T04:19:38, 49.901,  0.100,1,0,255, 25.000, 16.084, 24.882,-15.000, 14.700, 13.800,  0.999, 15.145, 14.700,  0.276,  1.000,  1.000,  1.000,
mon_rep230616,2023-06-16T04:19:38, 50.001,  0.100,1,0,255, 25.000, 15.736, -0.250,-15.000, 14.700, 13.800,  0.650, 15.146, 14.700,  0.446,  1.000,  1.000,  1.000,
mon_rep230616,2023-06-16T04:19:38, 50.101,  0.100,1,0,255, 25.000, 15.267,-25.383,-15.000, 14.700, 13.800,  0.300, 15.027, 14.700,  0.446,  1.000,  1.000,  1.000,
mon_rep230616,2023-06-16T04:19:38, 50.201,  0.100,1,0,255, 25.000, 14.917,-50.511,-15.000, 14.699, 13.800, -0.050, 15.027, 14.700,  0.446,  1.000,  1.000,  1.000,
mon_rep230616,2023-06-16T04:19:38, 50.301,  0.100,1,0,255, 25.000, 14.565,-75.631,-15.000, 14.698, 13.800, -0.401, 15.026, 14.700,  0.446,  1.000,  1.000,  1.000,
mon_rep230616,2023-06-16T04:19:39, 50.401,  0.100,1,0,255, 25.000, 14.212,-100.739,-15.000, 14.695, 13.800, -0.752, 15.024, 14.700,  0.446,  1.000,  1.000,  1.000,
mon_rep230616,2023-06-16T04:19:39, 50.501,  0.100,1,0,255, 25.000, 13.858,-125.831,-15.000, 14.692, 13.800, -1.103, 15.021, 14.700,  0.446,  1.000,  1.000,  1.000,
mon_rep230616,2023-06-16T04:19:39, 50.601,  0.100,1,0,255, 25.000, 13.503,-150.903,-15.000, 14.689, 13.800, -1.455, 15.018, 14.700,  0.446,  1.000,  1.000,  1.000,
mon_rep230616,2023-06-16T04:19:39, 50.701,  0.100,1,0,255, 25.000, 13.146,-175.952,-15.000, 14.684, 13.800, -1.807, 15.013, 14.700,  0.446,  1.000,  1.000,  1.000,
mon_rep230616,2023-06-16T04:19:39, 50.801,  0.100,1,0,255, 25.000, 12.789,-200.973,-15.000, 14.679, 13.800, -2.159, 15.008, 14.700,  0.446,  1.000,  1.000,  1.000,
mon_rep230616,2023-06-16T04:19:39, 50.901,  0.100,1,0,255, 25.000, 12.431,-225.962,-15.000, 14.673, 13.800, -2.511, 15.002, 14.700,  0.446,  1.000,  1.000,  1.000,
mon_rep230616,2023-06-16T04:19:39, 51.001,  0.100,1,0,255, 25.000, 12.072,-250.915,-15.000, 14.666, 13.800, -2.864, 14.996, 14.700,  0.446,  1.000,  1.000,  1.000,
mon_rep230616,2023-06-16T04:19:39, 51.101,  0.100,1,0,255, 25.000, 11.712,-275.829,-15.000, 14.659, 13.800, -3.216, 14.988, 14.700,  0.446,  1.000,  1.000,  1.000,
mon_rep230616,2023-06-16T04:19:39, 51.201,  0.100,1,0,255, 25.000, 11.351,-300.699,-15.000, 14.650, 13.800, -3.569, 14.980, 14.700,  0.446,  1.000,  1.000,  1.000,
mon_rep230616,2023-06-16T04:19:39, 51.301,  0.100,1,0,255, 25.000, 10.990,-325.521,-15.000, 14.641, 13.800, -3.921, 14.971, 14.700,  0.446,  0.999,  1.000,  0.999,
mon_rep230616,2023-06-16T04:19:40, 51.401,  0.100,1,0,255, 25.000, 10.628,-350.293,-15.000, 14.632, 13.800, -4.273, 14.961, 14.700,  0.446,  0.999,  1.000,  0.999,
mon_rep230616,2023-06-16T04:19:40, 51.501,  0.100,1,0,255, 25.000, 10.265,-375.009,-15.000, 14.621, 13.800, -4.625, 14.950, 14.700,  0.446,  0.999,  1.000,  0.999,
mon_rep230616,2023-06-16T04:19:40, 51.601,  0.100,1,0,255, 25.000,  9.902,-399.665,-15.000, 14.610, 13.800, -4.976, 14.939, 14.700,  0.446,  0.999,  1.000,  0.999,
mon_rep230616,2023-06-16T04:19:40, 51.701,  0.100,1,0,255, 25.000,  9.539,-424.259,-15.000, 14.598, 13.800, -5.327, 14.926, 14.700,  0.446,  0.999,  1.000,  0.999,
mon_rep230616,2023-06-16T04:19:40, 51.801,  0.100,1,0,255, 25.000,  9.175,-448.786,-15.000, 14.585, 13.800, -5.678, 14.913, 14.700,  0.446,  0.999,  1.000,  0.999,
mon_rep230616,2023-06-16T04:19:40, 51.901,  0.100,1,0,255, 25.000,  8.811,-473.241,-15.000, 14.572, 13.800, -6.029, 14.899, 14.700,  0.446,  0.999,  1.000,  0.999,
mon_rep230616,2023-06-16T04:19:40, 52.001,  0.100,1,0,255, 25.000,  8.446,-497.622,-15.000, 14.558, 13.800, -6.379, 14.885, 14.362,  0.523,  0.999,  0.998,  0.999,
mon_rep230616,2023-06-16T04:19:40, 52.101,  0.100,1,0,255, 25.000,  8.081,-521.925,-15.000, 14.543, 13.800, -6.728, 14.869, 14.362,  0.523,  0.999,  0.998,  0.999,
mon_rep230616,2023-06-16T04:19:40, 52.201,  0.100,1,0,255, 25.000,  7.717,-546.145,-15.000, 14.527, 13.800, -7.076, 14.853, 14.362,  0.523,  0.998,  0.998,  0.998,
mon_rep230616,2023-06-16T04:19:40, 52.301,  0.100,1,0,255, 25.000,  7.352,-570.279,-15.000, 14.511, 13.800, -7.424, 14.836, 14.362,  0.523,  0.998,  0.998,  0.998,
mon_rep230616,2023-06-16T04:19:41, 52.401,  0.100,1,0,255, 25.000,  6.986,-594.322,-15.000, 14.494, 13.800, -7.772, 14.818, 14.362,  0.523,  0.998,  0.998,  0.998,
mon_rep230616,2023-06-16T04:19:41, 52.501,  0.100,1,0,255, 25.000,  6.621,-618.272,-15.000, 14.476, 13.800, -8.118, 14.800, 14.362,  0.523,  0.998,  0.998,  0.998,
mon_rep230616,2023-06-16T04:19:41, 52.601,  0.100,1,0,255, 25.000,  6.256,-642.125,-15.000, 14.457, 13.800, -8.464, 14.780, 14.362,  0.523,  0.998,  0.998,  0.998,
mon_rep230616,2023-06-16T04:19:41, 52.701,  0.100,1,0,255, 25.000,  5.892,-665.875,-15.000, 14.438, 13.800, -8.808, 14.760, 14.362,  0.523,  0.998,  0.998,  0.998,
mon_rep230616,2023-06-16T04:19:41, 52.801,  0.100,1,0,255, 25.000,  5.527,-689.521,-15.000, 14.418, 13.800, -9.152, 14.739, 14.362,  0.523,  0.998,  0.998,  0.998,
mon_rep230616,2023-06-16T04:19:41, 52.901,  0.100,1,0,255, 25.000,  5.163,-713.058,-15.000, 14.398, 13.800, -9.495, 14.718, 14.362,  0.523,  0.997,  0.998,  0.997,
mon_rep230616,2023-06-16T04:19:41, 53.001,  0.100,1,0,255, 25.000,  4.799,-736.482,-15.000, 14.376, 13.800, -9.837, 14.695, 14.362,  0.523,  0.997,  0.998,  0.997,
mon_rep230616,2023-06-16T04:19:41, 53.101,  0.100,1,0,255, 25.000,  4.435,-759.790,-15.000, 14.354, 13.800,-10.177, 14.672, 14.362,  0.523,  0.997,  0.998,  0.997,
mon_rep230616,2023-06-16T04:19:41, 53.201,  0.100,1,0,255, 25.000,  4.072,-782.978,-15.000, 14.332, 13.800,-10.516, 14.648, 14.362,  0.523,  0.997,  0.998,  0.997,
mon_rep230616,2023-06-16T04:19:41, 53.301,  0.100,1,0,255, 25.000,  3.709,-806.042,-15.000, 14.308, 13.800,-10.854, 14.623, 14.362,  0.523,  0.997,  0.998,  0.997,
mon_rep230616,2023-06-16T04:19:42, 53.401,  0.100,1,0,255, 25.000,  3.347,-828.979,-15.000, 14.284, 13.800,-11.191, 14.598, 14.362,  0.523,  0.996,  0.998,  0.996,
mon_rep230616,2023-06-16T04:19:42, 53.501,  0.100,1,0,255, 25.000,  2.985,-851.785,-15.000, 14.259, 13.800,-11.527, 14.572, 14.362,  0.523,  0.996,  0.998,  0.996,
mon_rep230616,2023-06-16T04:19:42, 53.601,  0.100,1,0,255, 25.000,  2.624,-874.457,-15.000, 14.234, 13.800,-11.861, 14.545, 14.362,  0.523,  0.996,  0.998,  0.996,
mon_rep230616,2023-06-16T04:19:42, 53.701,  0.100,1,0,255, 25.000,  2.264,-896.990,-15.000, 14.208, 13.800,-12.193, 14.517, 14.362,  0.523,  0.996,  0.998,  0.996,
mon_rep230616,2023-06-16T04:19:42, 53.801,  0.100,1,0,255, 25.000,  1.905,-919.382,-15.000, 14.181, 13.800,-12.524, 14.489, 14.362,  0.523,  0.995,  0.998,  0.995,
mon_rep230616,2023-06-16T04:19:42, 53.901,  0.100,1,0,255, 25.000,  1.546,-941.629,-15.000, 14.153, 13.800,-12.854, 14.460, 14.362,  0.523,  0.995,  0.998,  0.995,
mon_rep230616,2023-06-16T04:19:42, 54.001,  0.100,1,0,255, 25.000,  1.188,-963.727,-15.000, 14.125, 13.800,-13.182, 14.430, 13.862,  0.568,  0.995,  0.994,  0.995,
mon_rep230616,2023-06-16T04:19:42, 54.101,  0.100,1,0,255, 25.000,  0.832,-985.673,-15.000, 14.096, 13.800,-13.508, 14.400, 13.862,  0.568,  0.995,  0.994,  0.995,
mon_rep230616,2023-06-16T04:19:42, 54.201,  0.100,1,0,255, 25.000,  0.476,-1007.463,-15.000, 14.067, 13.800,-13.832, 14.368, 13.862,  0.568,  0.995,  0.994,  0.995,
mon_rep230616,2023-06-16T04:19:42, 54.301,  0.100,1,0,255, 25.000,  0.121,-1029.094,-15.000, 14.037, 13.800,-14.155, 14.336, 13.862,  0.568,  0.994,  0.994,  0.994,
mon_rep230616,2023-06-16T04:19:43, 54.401,  0.100,1,0,255, 25.000, -0.232,-1050.562,-15.000, 14.006, 13.800,-14.476, 14.304, 13.862,  0.568,  0.994,  0.994,  0.994,
mon_rep230616,2023-06-16T04:19:43, 54.501,  0.100,1,0,255, 25.000, -0.584,-1071.865,-15.000, 13.974, 13.800,-14.795, 14.270, 13.862,  0.568,  0.994,  0.994,  0.994,
mon_rep230616,2023-06-16T04:19:43, 54.601,  0.100,1,0,255, 25.000, -0.935,-1092.998,-15.000, 13.942, 13.800,-15.112, 14.236, 13.862,  0.568,  0.993,  0.994,  0.993,
mon_rep230616,2023-06-16T04:19:43, 54.701,  0.100,1,0,255, 25.000, -1.285,-1113.959,-15.000, 13.910, 13.800,-15.427, 14.202, 13.862,  0.568,  0.993,  0.994,  0.993,
mon_rep230616,2023-06-16T04:19:43, 54.801,  0.100,1,0,255, 25.000, -1.633,-1134.744,-15.000, 13.876, 13.800,-15.740, 14.166, 13.862,  0.568,  0.993,  0.994,  0.993,
mon_rep230616,2023-06-16T04:19:43, 54.901,  0.100,1,0,255, 25.000, -1.980,-1155.350,-15.000, 13.842, 13.800,-16.051, 14.130, 13.862,  0.568,  0.993,  0.994,  0.993,
mon_rep230616,2023-06-16T04:19:43, 55.001,  0.100,1,0,255, 25.000, -2.326,-1175.773,-15.000, 13.808, 13.800,-16.359, 14.094, 13.862,  0.568,  0.992,  0.994,  0.992,
mon_rep230616,2023-06-16T04:19:43, 55.101,  0.100,1,0,255, 25.000, -2.670,-1196.011,-15.000, 13.773, 13.800,-16.666, 14.056, 13.862,  0.568,  0.992,  0.994,  0.992,
mon_rep230616,2023-06-16T04:19:43, 55.201,  0.100,1,0,255, 25.000, -3.012,-1216.059,-15.000, 13.737, 13.800,-16.970, 14.018, 13.862,  0.568,  0.992,  0.994,  0.992,
mon_rep230616,2023-06-16T04:19:43, 55.301,  0.100,1,0,255, 25.000, -3.353,-1235.916,-15.000, 13.700, 13.800,-17.272, 13.980, 13.862,  0.568,  0.991,  0.994,  0.991,
mon_rep230616,2023-06-16T04:19:44, 55.401,  0.100,1,0,255, 25.000, -3.692,-1255.578,-15.000, 13.663, 13.800,-17.572, 13.940, 13.862,  0.568,  0.991,  0.994,  0.991,
mon_rep230616,2023-06-16T04:19:44, 55.501,  0.100,1,0,255, 25.000, -4.029,-1275.041,-15.000, 13.626, 13.800,-17.869, 13.900, 13.862,  0.568,  0.991,  0.994,  0.991,
mon_rep230616,2023-06-16T04:19:44, 55.601,  0.100,1,0,255, 25.000, -4.364,-1294.303,-15.000, 13.588, 13.800,-18.164, 13.860, 13.862,  0.568,  0.991,  0.994,  0.991,
mon_rep230616,2023-06-16T04:19:44, 55.701,  0.100,1,0,255, 25.000, -4.698,-1313.360,-15.000, 13.549, 13.800,-18.457, 13.818, 13.862,  0.568,  0.990,  0.994,  0.990,
mon_rep230616,2023-06-16T04:19:44, 55.801,  0.100,1,0,255, 25.000, -5.030,-1332.210,-15.000, 13.510, 13.800,-18.746, 13.777, 13.862,  0.568,  0.990,  0.994,  0.990,
mon_rep230616,2023-06-16T04:19:44, 55.901,  0.100,1,0,255, 25.000, -5.326,-1350.850,-15.000, 13.484, 13.800,-19.034, 13.768, 13.862,  0.568,  0.990,  0.994,  0.990,
mon_rep230616,2023-06-16T04:19:44, 56.001,  0.100,1,0,255, 25.000, -5.619,-1369.277,-15.000, 13.478, 13.800,-19.318, 13.759, 13.422,  0.337,  0.989,  0.987,  0.989,
mon_rep230616,2023-06-16T04:19:44, 56.101,  0.100,1,0,255, 25.000, -5.910,-1387.487,-15.000, 13.472, 13.800,-19.600, 13.750, 13.422,  0.337,  0.989,  0.987,  0.989,
mon_rep230616,2023-06-16T04:19:44, 56.201,  0.100,1,0,255, 25.000, -6.198,-1405.478,-15.000, 13.466, 13.800,-19.879, 13.742, 13.422,  0.337,  0.989,  0.987,  0.989,
mon_rep230616,2023-06-16T04:19:44, 56.301,  0.100,1,0,255, 25.000, -6.483,-1423.247,-15.000, 13.460, 13.800,-20.156, 13.733, 13.422,  0.337,  0.988,  0.987,  0.988,
mon_rep230616,2023-06-16T04:19:45, 56.401,  0.100,1,0,255, 25.000, -6.766,-1440.792,-15.000, 13.454, 13.800,-20.429, 13.724, 13.422,  0.337,  0.988,  0.987,  0.988,
mon_rep230616,2023-06-16T04:19:45, 56.501,  0.100,1,0,255, 25.000, -7.045,-1458.109,-15.000, 13.447, 13.800,-20.700, 13.715, 13.422,  0.337,  0.987,  0.987,  0.987,
mon_rep230616,2023-06-16T04:19:45, 56.601,  0.100,1,0,255, 25.000, -7.323,-1475.195,-15.000, 13.441, 13.800,-20.968, 13.706, 13.422,  0.337,  0.987,  0.987,  0.987,
mon_rep230616,2023-06-16T04:19:45, 56.701,  0.100,1,0,255, 25.000, -7.597,-1492.049,-15.000, 13.435, 13.800,-21.233, 13.696, 13.422,  0.337,  0.987,  0.987,  0.987,
mon_rep230616,2023-06-16T04:19:45, 56.801,  0.100,1,0,255, 25.000, -7.868,-1508.667,-15.000, 13.428, 13.800,-21.479, 13.671, 13.422,  0.337,  0.986,  0.987,  0.986,
mon_rep230616,2023-06-16T04:19:45, 56.901,  0.100,1,0,255, 25.000, -8.121,-1525.047,-15.000, 13.422, 13.800,-21.705, 13.644, 13.422,  0.337,  0.986,  0.987,  0.986,
mon_rep230616,2023-06-16T04:19:45, 57.001,  0.100,1,0,255, 25.000, -8.354,-1541.186,-15.000, 13.415, 13.800,-21.928, 13.634, 13.422,  0.337,  0.986,  0.987,  0.986,
mon_rep230616,2023-06-16T04:19:45, 57.101,  0.100,1,0,255, 25.000, -8.583,-1557.082,-15.000, 13.408, 13.800,-22.147, 13.624, 13.422,  0.337,  0.985,  0.987,  0.985,
mon_rep230616,2023-06-16T04:19:45, 57.201,  0.100,1,0,255, 25.000, -8.809,-1572.731,-15.000, 13.402, 13.800,-22.363, 13.614, 13.422,  0.337,  0.985,  0.987,  0.985,
mon_rep230616,2023-06-16T04:19:45, 57.301,  0.100,1,0,255, 25.000, -9.032,-1588.133,-15.000, 13.395, 13.800,-22.576, 13.604, 13.422,  0.337,  0.984,  0.987,  0.984,
mon_rep230616,2023-06-16T04:19:46, 57.401,  0.100,1,0,255, 25.000, -9.251,-1603.284,-15.000, 13.388, 13.800,-22.785, 13.594, 13.422,  0.337,  0.984,  0.987,  0.984,
mon_rep230616,2023-06-16T04:19:46, 57.501,  0.100,1,0,255, 25.000, -9.467,-1618.181,-15.000, 13.381, 13.800,-22.990, 13.583, 13.422,  0.337,  0.984,  0.987,  0.984,
mon_rep230616,2023-06-16T04:19:46, 57.601,  0.100,1,0,255, 25.000, -9.680,-1632.823,-15.000, 13.374, 13.800,-23.192, 13.573, 13.422,  0.337,  0.983,  0.987,  0.983,
mon_rep230616,2023-06-16T04:19:46, 57.701,  0.100,1,0,255, 25.000, -9.889,-1647.207,-15.000, 13.367, 13.800,-23.391, 13.562, 13.422,  0.337,  0.983,  0.987,  0.983,
mon_rep230616,2023-06-16T04:19:46, 57.801,  0.100,1,0,255, 25.000,-10.095,-1661.331,-15.000, 13.360, 13.800,-23.586, 13.551, 13.422,  0.337,  0.982,  0.987,  0.982,
mon_rep230616,2023-06-16T04:19:46, 57.901,  0.100,1,0,255, 25.000,-10.297,-1675.193,-15.000, 13.352, 13.800,-23.777, 13.540, 13.422,  0.337,  0.982,  0.987,  0.982,
mon_rep230616,2023-06-16T04:19:46, 58.001,  0.100,1,0,255, 25.000,-10.495,-1688.790,-15.000, 13.345, 13.800,-23.965, 13.529, 13.310,  0.220,  0.982,  0.977,  0.982,
mon_rep230616,2023-06-16T04:19:46, 58.101,  0.100,1,0,255, 25.000,-10.690,-1702.120,-15.000, 13.338, 13.800,-24.149, 13.518, 13.310,  0.220,  0.981,  0.977,  0.981,
mon_rep230616,2023-06-16T04:19:46, 58.201,  0.100,1,0,255, 25.000,-10.882,-1715.182,-15.000, 13.330, 13.800,-24.329, 13.507, 13.310,  0.220,  0.981,  0.977,  0.981,
mon_rep230616,2023-06-16T04:19:46, 58.301,  0.100,1,0,255, 25.000,-11.069,-1727.973,-15.000, 13.323, 13.800,-24.506, 13.496, 13.310,  0.220,  0.980,  0.977,  0.980,
mon_rep230616,2023-06-16T04:19:47, 58.401,  0.100,1,0,255, 25.000,-11.253,-1740.491,-15.000, 13.315, 13.800,-24.678, 13.485, 13.310,  0.220,  0.980,  0.977,  0.980,
mon_rep230616,2023-06-16T04:19:47, 58.501,  0.100,1,0,255, 25.000,-11.428,-1752.734,-15.000, 13.310, 13.800,-24.847, 13.479, 13.310,  0.220,  0.979,  0.977,  0.979,
mon_rep230616,2023-06-16T04:19:47, 58.601,  0.100,1,0,255, 25.000,-11.597,-1764.700,-15.000, 13.310, 13.800,-25.012, 13.475, 13.310,  0.220,  0.979,  0.977,  0.979,
mon_rep230616,2023-06-16T04:19:47, 58.701,  0.100,1,0,255, 25.000,-11.763,-1776.388,-15.000, 13.310, 13.800,-25.174, 13.471, 13.310,  0.220,  0.979,  0.977,  0.979,
mon_rep230616,2023-06-16T04:19:47, 58.801,  0.100,1,0,255, 25.000,-11.924,-1787.795,-15.000, 13.310, 13.800,-25.331, 13.467, 13.310,  0.220,  0.978,  0.977,  0.978,
mon_rep230616,2023-06-16T04:19:47, 58.901,  0.100,1,0,255, 25.000,-12.081,-1798.920,-15.000, 13.310, 13.800,-25.485, 13.463, 13.310,  0.220,  0.978,  0.977,  0.978,
mon_rep230616,2023-06-16T04:19:47, 59.001,  0.100,1,0,255, 25.000,-12.235,-1809.761,-15.000, 13.310, 13.800,-25.634, 13.459, 13.310,  0.220,  0.977,  0.977,  0.977,
mon_rep230616,2023-06-16T04:19:47, 59.101,  0.100,1,0,255, 25.000,-12.385,-1820.316,-15.000, 13.310, 13.800,-25.780, 13.455, 13.310,  0.220,  0.977,  0.977,  0.977,
mon_rep230616,2023-06-16T04:19:47, 59.201,  0.100,1,0,255, 25.000,-12.530,-1830.583,-15.000, 13.310, 13.800,-25.922, 13.451, 13.310,  0.220,  0.976,  0.977,  0.976,
mon_rep230616,2023-06-16T04:19:47, 59.301,  0.100,1,0,255, 25.000,-12.672,-1840.562,-15.000, 13.309, 13.800,-26.059, 13.447, 13.310,  0.220,  0.976,  0.977,  0.976,
mon_rep230616,2023-06-16T04:19:48, 59.401,  0.100,1,0,255, 25.000,-12.810,-1850.250,-15.000, 13.309, 13.800,-26.193, 13.443, 13.310,  0.220,  0.975,  0.977,  0.975,
mon_rep230616,2023-06-16T04:19:48, 59.501,  0.100,1,0,255, 25.000,-12.944,-1859.645,-15.000, 13.309, 13.800,-26.323, 13.439, 13.310,  0.220,  0.975,  0.977,  0.975,
mon_rep230616,2023-06-16T04:19:48, 59.601,  0.100,1,0,255, 25.000,-13.073,-1868.747,-15.000, 13.309, 13.800,-26.448, 13.435, 13.310,  0.220,  0.975,  0.977,  0.975,
mon_rep230616,2023-06-16T04:19:48, 59.701,  0.100,1,0,255, 25.000,-13.199,-1877.554,-15.000, 13.309, 13.800,-26.570, 13.431, 13.310,  0.220,  0.974,  0.977,  0.974,
mon_rep230616,2023-06-16T04:19:48, 59.801,  0.100,1,0,255, 25.000,-13.321,-1886.064,-15.000, 13.309, 13.800,-26.687, 13.427, 13.310,  0.220,  0.974,  0.977,  0.974,
mon_rep230616,2023-06-16T04:19:48, 59.901,  0.100,1,0,255, 25.000,-13.438,-1894.277,-15.000, 13.309, 13.800,-26.801, 13.422, 13.310,  0.220,  0.973,  0.977,  0.973,
mon_rep230616,2023-06-16T04:19:48, 60.001,  0.100,1,0,255, 25.000,-13.552,-1902.190,-15.000, 13.309, 13.800,-26.910, 13.418, 13.308,  0.110,  0.973,  0.966,  0.973,
mon_rep230616,2023-06-16T04:19:48, 60.101,  0.100,1,0,255, 25.000,-13.661,-1909.803,-15.000, 13.309, 13.800,-27.015, 13.414, 13.308,  0.110,  0.972,  0.966,  0.972,
mon_rep230616,2023-06-16T04:19:48, 60.201,  0.100,1,0,255, 25.000,-13.766,-1917.115,-15.000, 13.309, 13.800,-27.116, 13.410, 13.308,  0.110,  0.972,  0.966,  0.972,
mon_rep230616,2023-06-16T04:19:48, 60.301,  0.100,1,0,255, 25.000,-13.867,-1924.124,-15.000, 13.309, 13.800,-27.212, 13.406, 13.308,  0.110,  0.971,  0.966,  0.971,
mon_rep230616,2023-06-16T04:19:49, 60.401,  0.100,1,0,255, 25.000,-13.964,-1930.829,-15.000, 13.309, 13.800,-27.305, 13.401, 13.308,  0.110,  0.971,  0.966,  0.971,
mon_rep230616,2023-06-16T04:19:49, 60.501,  0.100,1,0,255, 25.000,-14.056,-1937.229,-15.000, 13.309, 13.800,-27.393, 13.397, 13.308,  0.110,  0.970,  0.966,  0.970,
mon_rep230616,2023-06-16T04:19:49, 60.601,  0.100,1,0,255, 25.000,-14.145,-1943.323,-15.000, 13.309, 13.800,-27.477, 13.393, 13.308,  0.110,  0.970,  0.966,  0.970,
mon_rep230616,2023-06-16T04:19:49, 60.701,  0.100,1,0,255, 25.000,-14.229,-1949.110,-15.000, 13.309, 13.800,-27.557, 13.388, 13.308,  0.110,  0.969,  0.966,  0.969,
mon_rep230616,2023-06-16T04:19:49, 60.801,  0.100,1,0,255, 25.000,-14.309,-1954.589,-15.000, 13.309, 13.800,-27.633, 13.384, 13.308,  0.110,  0.969,  0.966,  0.969,
mon_rep230616,2023-06-16T04:19:49, 60.901,  0.100,1,0,255, 25.000,-14.384,-1959.760,-15.000, 13.308, 13.800,-27.704, 13.380, 13.308,  0.110,  0.968,  0.966,  0.968,
mon_rep230616,2023-06-16T04:19:49, 61.001,  0.100,1,0,255, 25.000,-14.456,-1964.621,-15.000, 13.308, 13.800,-27.771, 13.375, 13.308,  0.110,  0.968,  0.966,  0.968,
mon_rep230616,2023-06-16T04:19:49, 61.101,  0.100,1,0,255, 25.000,-14.523,-1969.172,-15.000, 13.308, 13.800,-27.834, 13.371, 13.308,  0.110,  0.967,  0.966,  0.967,
mon_rep230616,2023-06-16T04:19:49, 61.201,  0.100,1,0,255, 25.000,-14.586,-1973.413,-15.000, 13.308, 13.800,-27.893, 13.367, 13.308,  0.110,  0.967,  0.966,  0.967,
mon_rep230616,2023-06-16T04:19:49, 61.301,  0.100,1,0,255, 25.000,-14.644,-1977.341,-15.000, 13.308, 13.800,-27.947, 13.362, 13.308,  0.110,  0.966,  0.966,  0.966,
mon_rep230616,2023-06-16T04:19:50, 61.401,  0.100,1,0,255, 25.000,-14.699,-1980.957,-15.000, 13.308, 13.800,-27.997, 13.358, 13.308,  0.110,  0.966,  0.966,  0.966,
mon_rep230616,2023-06-16T04:19:50, 61.501,  0.100,1,0,255, 25.000,-14.749,-1984.261,-15.000, 13.308, 13.800,-28.042, 13.354, 13.308,  0.110,  0.965,  0.966,  0.965,
mon_rep230616,2023-06-16T04:19:50, 61.601,  0.100,1,0,255, 25.000,-14.794,-1987.251,-15.000, 13.308, 13.800,-28.084, 13.349, 13.308,  0.110,  0.965,  0.966,  0.965,
mon_rep230616,2023-06-16T04:19:50, 61.701,  0.100,1,0,255, 25.000,-14.836,-1989.927,-15.000, 13.308, 13.800,-28.121, 13.345, 13.308,  0.110,  0.964,  0.966,  0.964,
mon_rep230616,2023-06-16T04:19:50, 61.801,  0.100,1,0,255, 25.000,-14.873,-1992.289,-15.000, 13.308, 13.800,-28.153, 13.340, 13.308,  0.110,  0.964,  0.966,  0.964,
mon_rep230616,2023-06-16T04:19:50, 61.901,  0.100,1,0,255, 25.000,-14.905,-1994.337,-15.000, 13.308, 13.800,-28.181, 13.336, 13.308,  0.110,  0.963,  0.966,  0.963,
mon_rep230616,2023-06-16T04:19:50, 62.001,  0.100,1,0,255, 25.000,-14.934,-1996.069,-15.000, 13.308, 13.800,-28.205, 13.332, 13.307,  0.025,  0.963,  0.955,  0.963,
mon_rep230616,2023-06-16T04:19:50, 62.101,  0.100,1,0,255, 25.000,-14.958,-1997.487,-15.000, 13.308, 13.800,-28.225, 13.327, 13.307,  0.025,  0.962,  0.955,  0.962,
mon_rep230616,2023-06-16T04:19:50, 62.201,  0.100,1,0,255, 25.000,-14.977,-1998.588,-15.000, 13.308, 13.800,-28.240, 13.323, 13.307,  0.025,  0.962,  0.955,  0.962,
mon_rep230616,2023-06-16T04:19:50, 62.301,  0.100,1,0,255, 25.000,-14.993,-1999.375,-15.000, 13.308, 13.800,-28.251, 13.318, 13.307,  0.025,  0.962,  0.955,  0.962,
mon_rep230616,2023-06-16T04:19:51, 62.401,  0.100,1,0,255, 25.000,-15.003,-1999.845,-15.000, 13.307, 13.800,-28.257, 13.314, 13.307,  0.025,  0.961,  0.955,  0.961,
mon_rep230616,2023-06-16T04:19:51, 62.501,  0.100,1,0,255, 25.000,-15.010,-2000.000,-15.000, 13.307, 13.800,-28.260, 13.310, 13.307,  0.025,  0.961,  0.955,  0.961,
mon_rep230616,2023-06-16T04:19:51, 62.601,  0.100,1,0,255, 25.000,-15.012,-1999.839,-15.000, 13.307, 13.800,-28.257, 13.305, 13.307,  0.025,  0.960,  0.955,  0.960,
mon_rep230616,2023-06-16T04:19:51, 62.701,  0.100,1,0,255, 25.000,-15.010,-1999.362,-15.000, 13.307, 13.800,-28.251, 13.301, 13.307,  0.025,  0.960,  0.955,  0.960,
mon_rep230616,2023-06-16T04:19:51, 62.801,  0.100,1,0,255, 25.000,-15.004,-1998.570,-15.000, 13.307, 13.800,-28.240, 13.296, 13.307,  0.025,  0.959,  0.955,  0.959,
mon_rep230616,2023-06-16T04:19:51, 62.901,  0.100,1,0,255, 25.000,-14.993,-1997.461,-15.000, 13.307, 13.800,-28.224, 13.292, 13.307,  0.025,  0.959,  0.955,  0.959,
mon_rep230616,2023-06-16T04:19:51, 63.001,  0.100,1,0,255, 25.000,-14.977,-1996.038,-15.000, 13.307, 13.800,-28.205, 13.287, 13.307,  0.025,  0.958,  0.955,  0.958,
mon_rep230616,2023-06-16T04:19:51, 63.101,  0.100,1,0,255, 25.000,-14.958,-1994.299,-15.000, 13.307, 13.800,-28.181, 13.283, 13.307,  0.025,  0.958,  0.955,  0.958,
mon_rep230616,2023-06-16T04:19:51, 63.201,  0.100,1,0,255, 25.000,-14.934,-1992.245,-15.000, 13.307, 13.800,-28.153, 13.279, 13.307,  0.025,  0.957,  0.955,  0.957,
mon_rep230616,2023-06-16T04:19:51, 63.301,  0.100,1,0,255, 25.000,-14.906,-1989.877,-15.000, 13.307, 13.800,-28.120, 13.274, 13.307,  0.025,  0.957,  0.955,  0.957,
mon_rep230616,2023-06-16T04:19:52, 63.401,  0.100,1,0,255, 25.000,-14.873,-1987.194,-15.000, 13.307, 13.800,-28.083, 13.270, 13.307,  0.025,  0.956,  0.955,  0.956,
mon_rep230616,2023-06-16T04:19:52, 63.501,  0.100,1,0,255, 25.000,-14.836,-1984.198,-15.000, 13.307, 13.800,-28.041, 13.265, 13.307,  0.025,  0.956,  0.955,  0.956,
mon_rep230616,2023-06-16T04:19:52, 63.601,  0.100,1,0,255, 25.000,-14.795,-1980.888,-15.000, 13.307, 13.800,-27.996, 13.261, 13.307,  0.025,  0.955,  0.955,  0.955,
mon_rep230616,2023-06-16T04:19:52, 63.701,  0.100,1,0,255, 25.000,-14.749,-1977.266,-15.000, 13.307, 13.800,-27.946, 13.257, 13.307,  0.025,  0.955,  0.955,  0.955,
mon_rep230616,2023-06-16T04:19:52, 63.801,  0.100,1,0,255, 25.000,-14.699,-1973.331,-15.000, 13.307, 13.800,-27.891, 13.252, 13.307,  0.025,  0.954,  0.955,  0.954,
mon_rep230616,2023-06-16T04:19:52, 63.901,  0.100,1,0,255, 25.000,-14.645,-1969.085,-15.000, 13.306, 13.800,-27.833, 13.248, 13.307,  0.025,  0.954,  0.955,  0.954,
mon_rep230616,2023-06-16T04:19:52, 64.001,  0.100,1,0,255, 25.000,-14.587,-1964.528,-15.000, 13.306, 13.800,-27.770, 13.243, 13.305, -0.062,  0.953,  0.944,  0.953,
mon_rep230616,2023-06-16T04:19:52, 64.101,  0.100,1,0,255, 25.000,-14.524,-1959.660,-15.000, 13.306, 13.800,-27.703, 13.239, 13.305, -0.062,  0.953,  0.944,  0.953,
mon_rep230616,2023-06-16T04:19:52, 64.201,  0.100,1,0,255, 25.000,-14.457,-1954.483,-15.000, 13.306, 13.800,-27.631, 13.235, 13.305, -0.062,  0.952,  0.944,  0.952,
mon_rep230616,2023-06-16T04:19:52, 64.301,  0.100,1,0,255, 25.000,-14.385,-1948.998,-15.000, 13.306, 13.800,-27.556, 13.230, 13.305, -0.062,  0.952,  0.944,  0.952,
mon_rep230616,2023-06-16T04:19:53, 64.401,  0.100,1,0,255, 25.000,-14.310,-1943.204,-15.000, 13.306, 13.800,-27.476, 13.226, 13.305, -0.062,  0.951,  0.944,  0.951,
mon_rep230616,2023-06-16T04:19:53, 64.501,  0.100,1,0,255, 25.000,-14.230,-1937.104,-15.000, 13.306, 13.800,-27.392, 13.222, 13.305, -0.062,  0.951,  0.944,  0.951,
mon_rep230616,2023-06-16T04:19:53, 64.601,  0.100,1,0,255, 25.000,-14.146,-1930.698,-15.000, 13.306, 13.800,-27.303, 13.218, 13.305, -0.062,  0.950,  0.944,  0.950,
mon_rep230616,2023-06-16T04:19:53, 64.701,  0.100,1,0,255, 25.000,-14.057,-1923.987,-15.000, 13.306, 13.800,-27.211, 13.213, 13.305, -0.062,  0.950,  0.944,  0.950,
mon_rep230616,2023-06-16T04:19:53, 64.801,  0.100,1,0,255, 25.000,-13.965,-1916.972,-15.000, 13.306, 13.800,-27.114, 13.209, 13.305, -0.062,  0.949,  0.944,  0.949,
mon_rep230616,2023-06-16T04:19:53, 64.901,  0.100,1,0,255, 25.000,-13.868,-1909.655,-15.000, 13.306, 13.800,-27.013, 13.205, 13.305, -0.062,  0.949,  0.944,  0.949,
mon_rep230616,2023-06-16T04:19:53, 65.001,  0.100,1,0,255, 25.000,-13.767,-1902.036,-15.000, 13.306, 13.800,-26.908, 13.201, 13.305, -0.062,  0.948,  0.944,  0.948,
mon_rep230616,2023-06-16T04:19:53, 65.101,  0.100,1,0,255, 25.000,-13.662,-1894.116,-15.000, 13.306, 13.800,-26.798, 13.196, 13.305, -0.062,  0.948,  0.944,  0.948,
mon_rep230616,2023-06-16T04:19:53, 65.201,  0.100,1,0,255, 25.000,-13.553,-1885.898,-15.000, 13.306, 13.800,-26.685, 13.192, 13.305, -0.062,  0.947,  0.944,  0.947,
mon_rep230616,2023-06-16T04:19:53, 65.301,  0.100,1,0,255, 25.000,-13.439,-1877.381,-15.000, 13.306, 13.800,-26.567, 13.188, 13.305, -0.062,  0.947,  0.944,  0.947,
mon_rep230616,2023-06-16T04:19:54, 65.401,  0.100,1,0,255, 25.000,-13.322,-1868.569,-15.000, 13.305, 13.800,-26.446, 13.184, 13.305, -0.062,  0.947,  0.944,  0.947,
mon_rep230616,2023-06-16T04:19:54, 65.501,  0.100,1,0,255, 25.000,-13.200,-1859.461,-15.000, 13.305, 13.800,-26.320, 13.180, 13.305, -0.062,  0.946,  0.944,  0.946,
mon_rep230616,2023-06-16T04:19:54, 65.601,  0.100,1,0,255, 25.000,-13.075,-1850.059,-15.000, 13.305, 13.800,-26.190, 13.176, 13.305, -0.062,  0.946,  0.944,  0.946,
mon_rep230616,2023-06-16T04:19:54, 65.701,  0.100,1,0,255, 25.000,-12.945,-1840.366,-15.000, 13.305, 13.800,-26.057, 13.171, 13.305, -0.062,  0.945,  0.944,  0.945,
mon_rep230616,2023-06-16T04:19:54, 65.801,  0.100,1,0,255, 25.000,-12.811,-1830.382,-15.000, 13.305, 13.800,-25.919, 13.167, 13.305, -0.062,  0.945,  0.944,  0.945,
mon_rep230616,2023-06-16T04:19:54, 65.901,  0.100,1,0,255, 25.000,-12.674,-1820.108,-15.000, 13.305, 13.800,-25.777, 13.163, 13.305, -0.062,  0.944,  0.944,  0.944,
mon_rep230616,2023-06-16T04:19:54, 66.001,  0.100,1,0,255, 25.000,-12.532,-1809.548,-15.000, 13.305, 13.800,-25.631, 13.159, 13.304, -0.144,  0.944,  0.934,  0.944,
mon_rep230616,2023-06-16T04:19:54, 66.101,  0.100,1,0,255, 25.000,-12.386,-1798.701,-15.000, 13.305, 13.800,-25.482, 13.155, 13.304, -0.144,  0.943,  0.934,  0.943,
mon_rep230616,2023-06-16T04:19:54, 66.201,  0.100,1,0,255, 25.000,-12.237,-1787.571,-15.000, 13.305, 13.800,-25.328, 13.151, 13.304, -0.144,  0.943,  0.934,  0.943,
mon_rep230616,2023-06-16T04:19:54, 66.301,  0.100,1,0,255, 25.000,-12.083,-1776.158,-15.000, 13.305, 13.800,-25.171, 13.147, 13.304, -0.144,  0.943,  0.934,  0.943,
mon_rep230616,2023-06-16T04:19:55, 66.401,  0.100,1,0,255, 25.000,-11.926,-1764.465,-15.000, 13.305, 13.800,-25.009, 13.143, 13.304, -0.144,  0.942,  0.934,  0.942,
mon_rep230616,2023-06-16T04:19:55, 66.501,  0.100,1,0,255, 25.000,-11.764,-1752.493,-15.000, 13.305, 13.800,-24.844, 13.140, 13.304, -0.144,  0.942,  0.934,  0.942,
mon_rep230616,2023-06-16T04:19:55, 66.601,  0.100,1,0,255, 25.000,-11.599,-1740.244,-15.000, 13.305, 13.800,-24.675, 13.136, 13.304, -0.144,  0.941,  0.934,  0.941,
mon_rep230616,2023-06-16T04:19:55, 66.701,  0.100,1,0,255, 25.000,-11.430,-1727.721,-15.000, 13.305, 13.800,-24.502, 13.132, 13.304, -0.144,  0.941,  0.934,  0.941,
mon_rep230616,2023-06-16T04:19:55, 66.801,  0.100,1,0,255, 25.000,-11.257,-1714.925,-15.000, 13.305, 13.800,-24.325, 13.128, 13.304, -0.144,  0.940,  0.934,  0.940,
mon_rep230616,2023-06-16T04:19:55, 66.901,  0.100,1,0,255, 25.000,-11.081,-1701.858,-15.000, 13.305, 13.800,-24.145, 13.124, 13.304, -0.144,  0.940,  0.934,  0.940,
mon_rep230616,2023-06-16T04:19:55, 67.001,  0.100,1,0,255, 25.000,-10.901,-1688.522,-15.000, 13.304, 13.800,-23.961, 13.120, 13.304, -0.144,  0.940,  0.934,  0.940,
mon_rep230616,2023-06-16T04:19:55, 67.101,  0.100,1,0,255, 25.000,-10.717,-1674.919,-15.000, 13.304, 13.800,-23.773, 13.117, 13.304, -0.144,  0.939,  0.934,  0.939,
mon_rep230616,2023-06-16T04:19:55, 67.201,  0.100,1,0,255, 25.000,-10.529,-1661.052,-15.000, 13.304, 13.800,-23.582, 13.113, 13.304, -0.144,  0.939,  0.934,  0.939,
mon_rep230616,2023-06-16T04:19:55, 67.301,  0.100,1,0,255, 25.000,-10.338,-1646.923,-15.000, 13.304, 13.800,-23.387, 13.109, 13.304, -0.144,  0.938,  0.934,  0.938,
mon_rep230616,2023-06-16T04:19:56, 67.401,  0.100,1,0,255, 25.000,-10.143,-1632.534,-15.000, 13.304, 13.800,-23.188, 13.106, 13.304, -0.144,  0.938,  0.934,  0.938,
mon_rep230616,2023-06-16T04:19:56, 67.501,  0.100,1,0,255, 25.000, -9.944,-1617.887,-15.000, 13.304, 13.800,-22.986, 13.102, 13.304, -0.144,  0.938,  0.934,  0.938,
mon_rep230616,2023-06-16T04:19:56, 67.601,  0.100,1,0,255, 25.000, -9.742,-1602.984,-15.000, 13.304, 13.800,-22.781, 13.098, 13.304, -0.144,  0.937,  0.934,  0.937,
mon_rep230616,2023-06-16T04:19:56, 67.701,  0.100,1,0,255, 25.000, -9.537,-1587.829,-15.000, 13.304, 13.800,-22.572, 13.095, 13.304, -0.144,  0.937,  0.934,  0.937,
mon_rep230616,2023-06-16T04:19:56, 67.801,  0.100,1,0,255, 25.000, -9.328,-1572.422,-15.000, 13.304, 13.800,-22.359, 13.091, 13.304, -0.144,  0.936,  0.934,  0.936,
mon_rep230616,2023-06-16T04:19:56, 67.901,  0.100,1,0,255, 25.000, -9.115,-1556.768,-15.000, 13.304, 13.800,-22.143, 13.088, 13.304, -0.144,  0.936,  0.934,  0.936,
mon_rep230616,2023-06-16T04:19:56, 68.001,  0.100,1,0,255, 25.000, -8.899,-1540.867,-15.000, 13.304, 13.800,-21.923, 13.084, 13.302, -0.218,  0.936,  0.925,  0.936,
mon_rep230616,2023-06-16T04:19:56, 68.101,  0.100,1,0,255, 25.000, -8.680,-1524.723,-15.000, 13.304, 13.800,-21.701, 13.081, 13.302, -0.218,  0.935,  0.925,  0.935,
mon_rep230616,2023-06-16T04:19:56, 68.201,  0.100,1,0,255, 25.000, -8.457,-1508.338,-15.000, 13.304, 13.800,-21.475, 13.078, 13.302, -0.218,  0.935,  0.925,  0.935,
mon_rep230616,2023-06-16T04:19:56, 68.301,  0.100,1,0,255, 25.000, -8.231,-1491.716,-15.000, 13.304, 13.800,-21.245, 13.074, 13.302, -0.218,  0.934,  0.925,  0.934,
mon_rep230616,2023-06-16T04:19:57, 68.401,  0.100,1,0,255, 25.000, -8.001,-1474.857,-15.000, 13.304, 13.800,-21.013, 13.071, 13.302, -0.218,  0.934,  0.925,  0.934,
mon_rep230616,2023-06-16T04:19:57, 68.501,  0.100,1,0,255, 25.000, -7.769,-1457.766,-15.000, 13.304, 13.800,-20.777, 13.068, 13.302, -0.218,  0.934,  0.925,  0.934,
mon_rep230616,2023-06-16T04:19:57, 68.601,  0.100,1,0,255, 25.000, -7.533,-1440.445,-15.000, 13.304, 13.800,-20.538, 13.065, 13.302, -0.218,  0.933,  0.925,  0.933,
mon_rep230616,2023-06-16T04:19:57, 68.701,  0.100,1,0,255, 25.000, -7.294,-1422.896,-15.000, 13.304, 13.800,-20.295, 13.061, 13.302, -0.218,  0.933,  0.925,  0.933,
mon_rep230616,2023-06-16T04:19:57, 68.801,  0.100,1,0,255, 25.000, -7.052,-1405.122,-15.000, 13.304, 13.800,-20.050, 13.058, 13.302, -0.218,  0.933,  0.925,  0.933,
mon_rep230616,2023-06-16T04:19:57, 68.901,  0.100,1,0,255, 25.000, -6.807,-1387.126,-15.000, 13.303, 13.800,-19.802, 13.055, 13.302, -0.218,  0.932,  0.925,  0.932,
mon_rep230616,2023-06-16T04:19:57, 69.001,  0.100,1,0,255, 25.000, -6.558,-1368.912,-15.000, 13.303, 13.800,-19.551, 13.052, 13.302, -0.218,  0.932,  0.925,  0.932,
mon_rep230616,2023-06-16T04:19:57, 69.101,  0.100,1,0,255, 25.000, -6.307,-1350.481,-15.000, 13.303, 13.800,-19.296, 13.049, 13.302, -0.218,  0.932,  0.925,  0.932,
mon_rep230616,2023-06-16T04:19:57, 69.201,  0.100,1,0,255, 25.000, -6.053,-1331.837,-15.000, 13.303, 13.800,-19.039, 13.046, 13.302, -0.218,  0.931,  0.925,  0.931,
mon_rep230616,2023-06-16T04:19:57, 69.301,  0.100,1,0,255, 25.000, -5.796,-1312.983,-15.000, 13.303, 13.800,-18.779, 13.043, 13.302, -0.218,  0.931,  0.925,  0.931,
mon_rep230616,2023-06-16T04:19:58, 69.401,  0.100,1,0,255, 25.000, -5.535,-1293.921,-15.000, 13.303, 13.800,-18.516, 13.040, 13.302, -0.218,  0.931,  0.925,  0.931,
mon_rep230616,2023-06-16T04:19:58, 69.501,  0.100,1,0,255, 25.000, -5.272,-1274.655,-15.000, 13.303, 13.800,-18.250, 13.037, 13.302, -0.218,  0.930,  0.925,  0.930,
mon_rep230616,2023-06-16T04:19:58, 69.601,  0.100,1,0,255, 25.000, -5.007,-1255.188,-15.000, 13.303, 13.800,-17.981, 13.035, 13.302, -0.218,  0.930,  0.925,  0.930,
mon_rep230616,2023-06-16T04:19:58, 69.701,  0.100,1,0,255, 25.000, -4.738,-1235.522,-15.000, 13.303, 13.800,-17.710, 13.032, 13.302, -0.218,  0.930,  0.925,  0.930,
mon_rep230616,2023-06-16T04:19:58, 69.801,  0.100,1,0,255, 25.000, -4.467,-1215.662,-15.000, 13.303, 13.800,-17.436, 13.029, 13.302, -0.218,  0.929,  0.925,  0.929,
mon_rep230616,2023-06-16T04:19:58, 69.901,  0.100,1,0,255, 25.000, -4.193,-1195.609,-15.000, 13.303, 13.800,-17.159, 13.026, 13.302, -0.218,  0.929,  0.925,  0.929,
mon_rep230616,2023-06-16T04:19:58, 70.001,  0.100,1,0,255, 25.000, -3.916,-1175.368,-15.000, 13.303, 13.800,-16.880, 13.024, 13.302, -0.278,  0.929,  0.919,  0.929,
mon_rep230616,2023-06-16T04:19:58, 70.101,  0.100,1,0,255, 25.000, -3.637,-1154.941,-15.000, 13.303, 13.800,-16.598, 13.021, 13.302, -0.278,  0.929,  0.919,  0.929,
mon_rep230616,2023-06-16T04:19:58, 70.201,  0.100,1,0,255, 25.000, -3.355,-1134.332,-15.000, 13.303, 13.800,-16.313, 13.018, 13.302, -0.278,  0.928,  0.919,  0.928,
mon_rep230616,2023-06-16T04:19:58, 70.301,  0.100,1,0,255, 25.000, -3.070,-1113.543,-15.000, 13.303, 13.800,-16.026, 13.016, 13.302, -0.278,  0.928,  0.919,  0.928,
mon_rep230616,2023-06-16T04:19:59, 70.401,  0.100,1,0,255, 25.000, -2.784,-1092.579,-15.000, 13.303, 13.800,-15.737, 13.014, 13.302, -0.278,  0.928,  0.919,  0.928,
mon_rep230616,2023-06-16T04:19:59, 70.501,  0.100,1,0,255, 25.000, -2.494,-1071.442,-15.000, 13.303, 13.800,-15.445, 13.011, 13.302, -0.278,  0.928,  0.919,  0.928,
mon_rep230616,2023-06-16T04:19:59, 70.601,  0.100,1,0,255, 25.000, -2.203,-1050.136,-15.000, 13.303, 13.800,-15.151, 13.009, 13.302, -0.278,  0.927,  0.919,  0.927,
mon_rep230616,2023-06-16T04:19:59, 70.701,  0.100,1,0,255, 25.000, -1.909,-1028.665,-15.000, 13.303, 13.800,-14.855, 13.006, 13.302, -0.278,  0.927,  0.919,  0.927,
mon_rep230616,2023-06-16T04:19:59, 70.801,  0.100,1,0,255, 25.000, -1.612,-1007.030,-15.000, 13.303, 13.800,-14.557, 13.004, 13.302, -0.278,  0.927,  0.919,  0.927,
mon_rep230616,2023-06-16T04:19:59, 70.901,  0.100,1,0,255, 25.000, -1.314,-985.237,-15.000, 13.303, 13.800,-14.256, 13.002, 13.302, -0.278,  0.927,  0.919,  0.927,
mon_rep230616,2023-06-16T04:19:59, 71.001,  0.100,1,0,255, 25.000, -1.013,-963.288,-15.000, 13.303, 13.800,-13.953, 13.000, 13.302, -0.278,  0.926,  0.919,  0.926,
mon_rep230616,2023-06-16T04:19:59, 71.101,  0.100,1,0,255, 25.000, -0.710,-941.187,-15.000, 13.303, 13.800,-13.648, 12.998, 13.302, -0.278,  0.926,  0.919,  0.926,
mon_rep230616,2023-06-16T04:19:59, 71.201,  0.100,1,0,255, 25.000, -0.405,-918.938,-15.000, 13.303, 13.800,-13.341, 12.996, 13.302, -0.278,  0.926,  0.919,  0.926,
mon_rep230616,2023-06-16T04:19:59, 71.301,  0.100,1,0,255, 25.000, -0.098,-896.543,-15.000, 13.303, 13.800,-13.032, 12.993, 13.302, -0.278,  0.926,  0.919,  0.926,
mon_rep230616,2023-06-16T04:20:00, 71.401,  0.100,1,0,255, 25.000,  0.211,-874.007,-15.000, 13.303, 13.800,-12.721, 12.991, 13.302, -0.278,  0.925,  0.919,  0.925,
mon_rep230616,2023-06-16T04:20:00, 71.501,  0.100,1,0,255, 25.000,  0.522,-851.332,-15.000, 13.302, 13.800,-12.408, 12.990, 13.302, -0.278,  0.925,  0.919,  0.925,
mon_rep230616,2023-06-16T04:20:00, 71.601,  0.100,1,0,255, 25.000,  0.835,-828.523,-15.000, 13.302, 13.800,-12.093, 12.988, 13.302, -0.278,  0.925,  0.919,  0.925,
mon_rep230616,2023-06-16T04:20:00, 71.701,  0.100,1,0,255, 25.000,  1.149,-805.584,-15.000, 13.302, 13.800,-11.777, 12.986, 13.302, -0.278,  0.925,  0.919,  0.925,
mon_rep230616,2023-06-16T04:20:00, 71.801,  0.100,1,0,255, 25.000,  1.466,-782.517,-15.000, 13.302, 13.800,-11.458, 12.984, 13.302, -0.278,  0.925,  0.919,  0.925,
mon_rep230616,2023-06-16T04:20:00, 71.901,  0.100,1,0,255, 25.000,  1.784,-759.327,-15.000, 13.302, 13.800,-11.138, 12.982, 13.302, -0.278,  0.924,  0.919,  0.924,
mon_rep230616,2023-06-16T04:20:00, 72.001,  0.100,1,0,255, 25.000,  2.104,-736.017,-15.000, 13.302, 13.800,-10.817, 12.981, 13.301, -0.320,  0.924,  0.915,  0.924,
mon_rep230616,2023-06-16T04:20:00, 72.101,  0.100,1,0,255, 25.000,  2.426,-712.590,-15.000, 13.302, 13.800,-10.493, 12.979, 13.301, -0.320,  0.924,  0.915,  0.924,
mon_rep230616,2023-06-16T04:20:00, 72.201,  0.100,1,0,255, 25.000,  2.749,-689.051,-15.000, 13.302, 13.800,-10.168, 12.977, 13.301, -0.320,  0.924,  0.915,  0.924,
mon_rep230616,2023-06-16T04:20:00, 72.301,  0.100,1,0,255, 25.000,  3.074,-665.403,-15.000, 13.302, 13.800, -9.842, 12.976, 13.301, -0.320,  0.924,  0.915,  0.924,
mon_rep230616,2023-06-16T04:20:01, 72.401,  0.100,1,0,255, 25.000,  3.400,-641.650,-15.000, 13.302, 13.800, -9.514, 12.974, 13.301, -0.320,  0.924,  0.915,  0.924,
mon_rep230616,2023-06-16T04:20:01, 72.501,  0.100,1,0,255, 25.000,  3.728,-617.796,-15.000, 13.302, 13.800, -9.185, 12.973, 13.301, -0.320,  0.923,  0.915,  0.923,
mon_rep230616,2023-06-16T04:20:01, 72.601,  0.100,1,0,255, 25.000,  4.057,-593.844,-15.000, 13.302, 13.800, -8.855, 12.972, 13.301, -0.320,  0.923,  0.915,  0.923,
mon_rep230616,2023-06-16T04:20:01, 72.701,  0.100,1,0,255, 25.000,  4.388,-569.799,-15.000, 13.302, 13.800, -8.523, 12.970, 13.301, -0.320,  0.923,  0.915,  0.923,
mon_rep230616,2023-06-16T04:20:01, 72.801,  0.100,1,0,255, 25.000,  4.719,-545.663,-15.000, 13.302, 13.800, -8.190, 12.969, 13.301, -0.320,  0.923,  0.915,  0.923,
mon_rep230616,2023-06-16T04:20:01, 72.901,  0.100,1,0,255, 25.000,  5.052,-521.442,-15.000, 13.302, 13.800, -7.855, 12.968, 13.301, -0.320,  0.923,  0.915,  0.923,
mon_rep230616,2023-06-16T04:20:01, 73.001,  0.100,1,0,255, 25.000,  5.387,-497.137,-15.000, 13.302, 13.800, -7.520, 12.967, 13.301, -0.320,  0.923,  0.915,  0.923,
mon_rep230616,2023-06-16T04:20:01, 73.101,  0.100,1,0,255, 25.000,  5.722,-472.755,-15.000, 13.302, 13.800, -7.184, 12.966, 13.301, -0.320,  0.923,  0.915,  0.923,
mon_rep230616,2023-06-16T04:20:01, 73.201,  0.100,1,0,255, 25.000,  6.059,-448.298,-15.000, 13.302, 13.800, -6.846, 12.965, 13.301, -0.320,  0.922,  0.915,  0.922,
mon_rep230616,2023-06-16T04:20:01, 73.301,  0.100,1,0,255, 25.000,  6.396,-423.770,-15.000, 13.302, 13.800, -6.508, 12.964, 13.301, -0.320,  0.922,  0.915,  0.922,
mon_rep230616,2023-06-16T04:20:02, 73.401,  0.100,1,0,255, 25.000,  6.735,-399.175,-15.000, 13.302, 13.800, -6.168, 12.963, 13.301, -0.320,  0.922,  0.915,  0.922,
mon_rep230616,2023-06-16T04:20:02, 73.501,  0.100,1,0,255, 25.000,  7.074,-374.517,-15.000, 13.302, 13.800, -5.828, 12.962, 13.301, -0.320,  0.922,  0.915,  0.922,
mon_rep230616,2023-06-16T04:20:02, 73.601,  0.100,1,0,255, 25.000,  7.414,-349.800,-15.000, 13.302, 13.800, -5.487, 12.961, 13.301, -0.320,  0.922,  0.915,  0.922,
mon_rep230616,2023-06-16T04:20:02, 73.701,  0.100,1,0,255, 25.000,  7.755,-325.028,-15.000, 13.302, 13.800, -5.145, 12.960, 13.301, -0.320,  0.922,  0.915,  0.922,
mon_rep230616,2023-06-16T04:20:02, 73.801,  0.100,1,0,255, 25.000,  8.097,-300.204,-15.000, 13.302, 13.800, -4.802, 12.959, 13.301, -0.320,  0.922,  0.915,  0.922,
mon_rep230616,2023-06-16T04:20:02, 73.901,  0.100,1,0,255, 25.000,  8.440,-275.333,-15.000, 13.302, 13.800, -4.459, 12.959, 13.301, -0.320,  0.922,  0.915,  0.922,
mon_rep230616,2023-06-16T04:20:02, 74.001,  0.100,1,0,255, 25.000,  8.783,-250.418,-15.000, 13.302, 13.800, -4.115, 12.958, 13.301, -0.343,  0.922,  0.913,  0.922,
mon_rep230616,2023-06-16T04:20:02, 74.101,  0.100,1,0,255, 25.000,  9.127,-225.464,-15.000, 13.302, 13.800, -3.771, 12.958, 13.301, -0.343,  0.922,  0.913,  0.922,
mon_rep230616,2023-06-16T04:20:02, 74.201,  0.100,1,0,255, 25.000,  9.471,-200.475,-15.000, 13.302, 13.800, -3.426, 12.957, 13.301, -0.343,  0.922,  0.913,  0.922,
mon_rep230616,2023-06-16T04:20:02, 74.301,  0.100,1,0,255, 25.000,  9.816,-175.453,-15.000, 13.302, 13.800, -3.081, 12.957, 13.301, -0.343,  0.922,  0.913,  0.922,
mon_rep230616,2023-06-16T04:20:03, 74.401,  0.100,1,0,255, 25.000, 10.161,-150.404,-15.000, 13.302, 13.800, -2.735, 12.956, 13.301, -0.343,  0.922,  0.913,  0.922,
mon_rep230616,2023-06-16T04:20:03, 74.501,  0.100,1,0,255, 25.000, 10.507,-125.332,-15.000, 13.302, 13.800, -2.389, 12.956, 13.301, -0.343,  0.922,  0.913,  0.922,
mon_rep230616,2023-06-16T04:20:03, 74.601,  0.100,1,0,255, 25.000, 10.853,-100.239,-15.000, 13.302, 13.800, -2.043, 12.956, 13.301, -0.343,  0.922,  0.913,  0.922,
mon_rep230616,2023-06-16T04:20:03, 74.701,  0.100,1,0,255, 25.000, 11.199,-75.130,-15.000, 13.302, 13.800, -1.696, 12.955, 13.301, -0.343,  0.922,  0.913,  0.922,
mon_rep230616,2023-06-16T04:20:03, 74.801,  0.100,1,0,255, 25.000, 11.546,-50.010,-15.000, 13.302, 13.800, -1.348, 12.954, 13.301, -0.343,  0.922,  0.913,  0.922,
mon_rep230616,2023-06-16T04:20:03, 74.901,  0.100,1,0,255, 25.000, 11.894,-24.882,-15.000, 13.302, 13.800, -0.999, 12.953, 13.301, -0.343,  0.922,  0.913,  0.922,
mon_rep230616,2023-06-16T04:20:03, 75.001,  0.100,1,0,255, 25.000, 12.243,  0.250,-15.000, 13.302, 13.800, -0.650, 12.953, 13.301, -0.343,  0.922,  0.913,  1.000,
mon_rep230616,2023-06-16T04:20:03, 75.101,  0.100,1,0,255, 25.000, 12.592, 25.382,-15.000, 14.700, 13.800, -0.300, 12.953, 13.301, -0.343,  0.922,  0.913,  1.000,
mon_rep230616,2023-06-16T04:20:03, 75.201,  0.100,1,0,255, 25.000, 12.943, 50.510,-15.000, 14.700, 13.800,  0.050, 12.953, 13.301, -0.343,  0.922,  0.913,  1.000,
mon_rep230616,2023-06-16T04:20:03, 75.301,  0.100,1,0,255, 25.000, 13.294, 75.630,-15.000, 14.700, 13.800,  0.401, 12.953, 13.301, -0.343,  0.922,  0.913,  1.000,
mon_rep230616,2023-06-16T04:20:04, 75.401,  0.100,1,0,255, 25.000, 13.646,100.738,-15.000, 14.700, 13.800,  0.752, 12.954, 13.301, -0.343,  0.922,  0.913,  1.000,
mon_rep230616,2023-06-16T04:20:04, 75.501,  0.100,1,0,255, 25.000, 13.998,125.831,-15.000, 14.700, 13.800,  1.103, 12.955, 13.301, -0.343,  0.922,  0.913,  1.000,
mon_rep230616,2023-06-16T04:20:04, 75.601,  0.100,1,0,255, 25.000, 14.351,150.903,-15.000, 14.700, 13.800,  1.455, 12.956, 13.301, -0.343,  0.922,  0.913,  1.000,
mon_rep230616,2023-06-16T04:20:04, 75.701,  0.100,1,0,255, 25.000, 14.705,175.951,-15.000, 14.700, 13.800,  1.807, 12.958, 13.301, -0.343,  0.922,  0.913,  1.000,
mon_rep230616,2023-06-16T04:20:04, 75.801,  0.100,1,0,255, 25.000, 15.059,200.972,-15.000, 14.700, 13.800,  2.159, 12.960, 13.301, -0.343,  0.922,  0.913,  1.000,
mon_rep230616,2023-06-16T04:20:04, 75.901,  0.100,1,0,255, 25.000, 15.414,225.961,-15.000, 14.700, 13.800,  2.511, 12.962, 13.301, -0.343,  0.922,  0.913,  1.000,
mon_rep230616,2023-06-16T04:20:04, 76.001,  0.100,1,0,255, 25.000, 15.768,250.915,-15.000, 14.700, 13.800,  2.864, 12.964, 13.301, -0.337,  0.922,  0.915,  1.000,
mon_rep230616,2023-06-16T04:20:04, 76.101,  0.100,1,0,255, 25.000, 16.122,275.828,-15.000, 14.700, 13.800,  3.216, 12.966, 13.301, -0.337,  0.922,  0.915,  1.000,
mon_rep230616,2023-06-16T04:20:04, 76.201,  0.100,1,0,255, 25.000, 16.476,300.698,-15.000, 14.700, 13.800,  3.569, 12.967, 13.301, -0.337,  0.922,  0.915,  1.000,
mon_rep230616,2023-06-16T04:20:04, 76.301,  0.100,1,0,255, 25.000, 16.829,325.521,-15.000, 14.700, 13.800,  3.921, 12.968, 13.301, -0.337,  0.922,  0.915,  1.000,
mon_rep230616,2023-06-16T04:20:05, 76.401,  0.100,1,0,255, 25.000, 17.182,350.292,-15.000, 14.700, 13.800,  4.273, 12.969, 13.301, -0.337,  0.922,  0.915,  1.000,
mon_rep230616,2023-06-16T04:20:05, 76.501,  0.100,1,0,255, 25.000, 17.535,375.008,-15.000, 14.700, 13.800,  4.625, 12.970, 13.301, -0.337,  0.922,  0.915,  1.000,
mon_rep230616,2023-06-16T04:20:05, 76.601,  0.100,1,0,255, 25.000, 17.887,399.665,-15.000, 14.700, 13.800,  4.976, 12.971, 13.301, -0.337,  0.922,  0.915,  1.000,
mon_rep230616,2023-06-16T04:20:05, 76.701,  0.100,1,0,255, 25.000, 18.239,424.259,-15.000, 14.700, 13.800,  5.327, 12.972, 13.301, -0.337,  0.922,  0.915,  1.000,
mon_rep230616,2023-06-16T04:20:05, 76.801,  0.100,1,0,255, 25.000, 18.591,448.785,-15.000, 14.700, 13.800,  5.678, 12.972, 13.301, -0.337,  0.923,  0.915,  1.000,
mon_rep230616,2023-06-16T04:20:05, 76.901,  0.100,1,0,255, 25.000, 18.942,473.241,-15.000, 14.700, 13.800,  6.029, 12.973, 13.301, -0.337,  0.923,  0.915,  1.000,
mon_rep230616,2023-06-16T04:20:05, 77.001,  0.100,1,0,255, 25.000, 19.293,497.622,-15.000, 14.700, 13.800,  6.379, 12.974, 13.301, -0.337,  0.923,  0.915,  1.000,
mon_rep230616,2023-06-16T04:20:05, 77.101,  0.100,1,0,255, 25.000, 19.643,521.924,-15.000, 14.700, 13.800,  6.728, 12.976, 13.301, -0.337,  0.923,  0.915,  1.000,
mon_rep230616,2023-06-16T04:20:05, 77.201,  0.100,1,0,255, 25.000, 19.993,546.144,-15.000, 14.700, 13.800,  7.076, 12.977, 13.301, -0.337,  0.923,  0.915,  1.000,
mon_rep230616,2023-06-16T04:20:05, 77.301,  0.100,1,0,255, 25.000, 20.342,570.278,-15.000, 14.700, 13.800,  7.424, 12.978, 13.301, -0.337,  0.923,  0.915,  1.000,
mon_rep230616,2023-06-16T04:20:06, 77.401,  0.100,1,0,255, 25.000, 20.691,594.322,-15.000, 14.700, 13.800,  7.772, 12.979, 13.301, -0.337,  0.923,  0.915,  1.000,
mon_rep230616,2023-06-16T04:20:06, 77.501,  0.100,1,0,255, 25.000, 21.039,618.272,-15.000, 14.700, 13.800,  8.118, 12.981, 13.301, -0.337,  0.924,  0.915,  1.000,
mon_rep230616,2023-06-16T04:20:06, 77.601,  0.100,1,0,255, 25.000, 21.386,642.124,-15.000, 14.700, 13.800,  8.464, 12.982, 13.301, -0.337,  0.924,  0.915,  1.000,
mon_rep230616,2023-06-16T04:20:06, 77.701,  0.100,1,0,255, 25.000, 21.732,665.875,-15.000, 14.700, 13.800,  8.808, 12.984, 13.301, -0.337,  0.924,  0.915,  1.000,
mon_rep230616,2023-06-16T04:20:06, 77.801,  0.100,1,0,255, 25.000, 22.078,689.521,-15.000, 14.700, 13.800,  9.152, 12.986, 13.301, -0.337,  0.924,  0.915,  1.000,
mon_rep230616,2023-06-16T04:20:06, 77.901,  0.100,1,0,255, 25.000, 22.422,713.057,-15.000, 14.700, 13.800,  9.495, 12.987, 13.301, -0.337,  0.924,  0.915,  1.000,
mon_rep230616,2023-06-16T04:20:06, 78.001,  0.100,1,0,255, 25.000, 22.766,736.482,-15.000, 14.700, 13.800,  9.837, 12.989, 13.302, -0.312,  0.924,  0.919,  1.000,
mon_rep230616,2023-06-16T04:20:06, 78.101,  0.100,1,0,255, 25.000, 23.108,759.789,-15.000, 14.700, 13.800, 10.177, 12.991, 13.302, -0.312,  0.925,  0.919,  1.000,
mon_rep230616,2023-06-16T04:20:06, 78.201,  0.100,1,0,255, 25.000, 23.449,782.977,-15.000, 14.700, 13.800, 10.516, 12.993, 13.302, -0.312,  0.925,  0.919,  1.000,
mon_rep230616,2023-06-16T04:20:06, 78.301,  0.100,1,0,255, 25.000, 23.790,806.042,-15.000, 14.700, 13.800, 10.854, 12.995, 13.302, -0.312,  0.925,  0.919,  1.000,
mon_rep230616,2023-06-16T04:20:07, 78.401,  0.100,1,0,255, 25.000, 24.129,828.979,-15.000, 14.700, 13.800, 11.191, 12.997, 13.302, -0.312,  0.925,  0.919,  1.000,
mon_rep230616,2023-06-16T04:20:07, 78.501,  0.100,1,0,255, 25.000, 24.466,851.785,-15.000, 14.700, 13.800, 11.527, 13.000, 13.302, -0.312,  0.925,  0.919,  1.000,
mon_rep230616,2023-06-16T04:20:07, 78.601,  0.100,1,0,255, 25.000, 24.803,874.456,-15.000, 14.700, 13.800, 11.861, 13.002, 13.302, -0.312,  0.926,  0.919,  1.000,
mon_rep230616,2023-06-16T04:20:07, 78.701,  0.100,1,0,255, 25.000, 25.137,896.990,-15.000, 14.700, 13.800, 12.193, 13.004, 13.302, -0.312,  0.926,  0.919,  1.000,
mon_rep230616,2023-06-16T04:20:07, 78.801,  0.100,1,0,255, 25.000, 25.471,919.382,-15.000, 14.700, 13.800, 12.524, 13.007, 13.302, -0.312,  0.926,  0.919,  1.000,
mon_rep230616,2023-06-16T04:20:07, 78.901,  0.100,1,0,255, 25.000, 25.803,941.628,-15.000, 14.700, 13.800, 12.854, 13.009, 13.302, -0.312,  0.926,  0.919,  1.000,
mon_rep230616,2023-06-16T04:20:07, 79.001,  0.100,1,0,255, 25.000, 26.134,963.726,-15.000, 14.700, 13.800, 13.182, 13.012, 13.302, -0.312,  0.927,  0.919,  1.000,
mon_rep230616,2023-06-16T04:20:07, 79.101,  0.100,1,0,255, 25.000, 26.462,985.672,-15.000, 14.700, 13.800, 13.508, 13.015, 13.302, -0.312,  0.927,  0.919,  1.000,
mon_rep230616,2023-06-16T04:20:07, 79.201,  0.100,1,0,255, 25.000, 26.790,1007.462,-15.000, 14.700, 13.800, 13.832, 13.017, 13.302, -0.312,  0.927,  0.919,  1.000,
mon_rep230616,2023-06-16T04:20:07, 79.301,  0.100,1,0,255, 25.000, 27.115,1029.094,-15.000, 14.700, 13.800, 14.155, 13.020, 13.302, -0.312,  0.927,  0.919,  1.000,
mon_rep230616,2023-06-16T04:20:08, 79.401,  0.100,1,0,255, 25.000, 27.439,1050.562,-15.000, 14.700, 13.800, 14.476, 13.023, 13.302, -0.312,  0.928,  0.919,  1.000,
mon_rep230616,2023-06-16T04:20:08, 79.501,  0.100,1,0,255, 25.000, 27.761,1071.865,-15.000, 14.700, 13.800, 14.795, 13.026, 13.302, -0.312,  0.928,  0.919,  1.000,
mon_rep230616,2023-06-16T04:20:08, 79.601,  0.100,1,0,255, 25.000, 28.081,1092.998,-15.000, 14.700, 13.800, 15.112, 13.029, 13.302, -0.312,  0.928,  0.919,  1.000,
mon_rep230616,2023-06-16T04:20:08, 79.701,  0.100,1,0,255, 25.000, 28.399,1113.959,-15.000, 14.700, 13.800, 15.427, 13.032, 13.302, -0.312,  0.928,  0.919,  1.000,
mon_rep230616,2023-06-16T04:20:08, 79.801,  0.100,1,0,255, 25.000, 28.715,1134.744,-15.000, 14.700, 13.800, 15.740, 13.036, 13.302, -0.312,  0.929,  0.919,  1.000,
mon_rep230616,2023-06-16T04:20:08, 79.901,  0.100,1,0,255, 25.000, 29.029,1155.349,-15.000, 14.700, 13.800, 16.051, 13.039, 13.302, -0.312,  0.929,  0.919,  1.000,
mon_rep230616,2023-06-16T04:20:08, 80.001,  0.100,1,0,255, 25.000, 29.342,1175.773,-15.000, 14.700, 13.800, 16.359, 13.042, 13.302, -0.260,  0.929,  0.925,  1.000,
mon_rep230616,2023-06-16T04:20:08, 80.101,  0.100,1,0,255, 25.000, 29.652,1196.010,-15.000, 14.700, 13.800, 16.666, 13.046, 13.302, -0.260,  0.929,  0.925,  1.000,
mon_rep230616,2023-06-16T04:20:08, 80.201,  0.100,1,0,255, 25.000, 29.959,1216.059,-15.000, 14.700, 13.800, 16.970, 13.049, 13.302, -0.260,  0.930,  0.925,  1.000,
mon_rep230616,2023-06-16T04:20:08, 80.301,  0.100,1,0,255, 25.000, 30.265,1235.916,-15.000, 14.700, 13.800, 17.272, 13.053, 13.302, -0.260,  0.930,  0.925,  1.000,
mon_rep230616,2023-06-16T04:20:09, 80.401,  0.100,1,0,255, 25.000, 30.568,1255.577,-15.000, 14.700, 13.800, 17.572, 13.056, 13.302, -0.260,  0.930,  0.925,  1.000,
mon_rep230616,2023-06-16T04:20:09, 80.501,  0.100,1,0,255, 25.000, 30.869,1275.041,-15.000, 14.700, 13.800, 17.869, 13.060, 13.302, -0.260,  0.931,  0.925,  1.000,
mon_rep230616,2023-06-16T04:20:09, 80.601,  0.100,1,0,255, 25.000, 31.168,1294.302,-15.000, 14.700, 13.800, 18.164, 13.064, 13.302, -0.260,  0.931,  0.925,  1.000,
mon_rep230616,2023-06-16T04:20:09, 80.701,  0.100,1,0,255, 25.000, 31.464,1313.360,-15.000, 14.700, 13.800, 18.456, 13.068, 13.302, -0.260,  0.931,  0.925,  1.000,
mon_rep230616,2023-06-16T04:20:09, 80.801,  0.100,1,0,255, 25.000, 31.758,1332.210,-15.000, 14.700, 13.800, 18.746, 13.072, 13.302, -0.260,  0.932,  0.925,  1.000,
mon_rep230616,2023-06-16T04:20:09, 80.901,  0.100,1,0,255, 25.000, 32.049,1350.850,-15.000, 14.700, 13.800, 19.034, 13.076, 13.302, -0.260,  0.932,  0.925,  1.000,
mon_rep230616,2023-06-16T04:20:09, 81.001,  0.100,1,0,255, 25.000, 32.338,1369.276,-15.000, 14.700, 13.800, 19.318, 13.080, 13.302, -0.260,  0.932,  0.925,  1.000,
mon_rep230616,2023-06-16T04:20:09, 81.101,  0.100,1,0,255, 25.000, 32.624,1387.487,-15.000, 14.700, 13.800, 19.600, 13.084, 13.302, -0.260,  0.933,  0.925,  1.000,
mon_rep230616,2023-06-16T04:20:09, 81.201,  0.100,1,0,255, 25.000, 32.907,1405.478,-15.000, 14.700, 13.800, 19.879, 13.088, 13.302, -0.260,  0.933,  0.925,  1.000,
mon_rep230616,2023-06-16T04:20:09, 81.301,  0.100,1,0,255, 25.000, 33.188,1423.247,-15.000, 14.700, 13.800, 20.156, 13.093, 13.302, -0.260,  0.933,  0.925,  1.000,
mon_rep230616,2023-06-16T04:20:10, 81.401,  0.100,1,0,255, 25.000, 33.467,1440.792,-15.000, 14.700, 13.800, 20.429, 13.097, 13.302, -0.260,  0.934,  0.925,  1.000,
mon_rep230616,2023-06-16T04:20:10, 81.501,  0.100,1,0,255, 25.000, 33.742,1458.108,-15.000, 14.700, 13.800, 20.700, 13.102, 13.302, -0.260,  0.934,  0.925,  1.000,
mon_rep230616,2023-06-16T04:20:10, 81.601,  0.100,1,0,255, 25.000, 34.015,1475.195,-15.000, 14.700, 13.800, 20.968, 13.107, 13.302, -0.260,  0.934,  0.925,  1.000,
mon_rep230616,2023-06-16T04:20:10, 81.701,  0.100,1,0,255, 25.000, 34.286,1492.049,-15.000, 14.700, 13.800, 21.233, 13.113, 13.302, -0.260,  0.935,  0.925,  1.000,
mon_rep230616,2023-06-16T04:20:10, 81.801,  0.100,1,0,255, 25.000, 34.553,1508.667,-15.000, 14.700, 13.800, 21.479, 13.134, 13.302, -0.260,  0.935,  0.925,  1.000,
mon_rep230616,2023-06-16T04:20:10, 81.901,  0.100,1,0,255, 25.000, 34.802,1525.047,-15.000, 14.700, 13.800, 21.705, 13.157, 13.302, -0.260,  0.936,  0.925,  1.000,
mon_rep230616,2023-06-16T04:20:10, 82.001,  0.100,1,0,255, 25.000, 35.031,1541.186,-15.000, 14.700, 13.800, 21.928, 13.163, 13.304, -0.140,  0.936,  0.934,  1.000,
mon_rep230616,2023-06-16T04:20:10, 82.101,  0.100,1,0,255, 25.000, 35.259,1557.082,-15.000, 14.700, 13.800, 22.147, 13.171, 13.304, -0.140,  0.936,  0.934,  1.000,
mon_rep230616,2023-06-16T04:20:10, 82.201,  0.100,1,0,255, 25.000, 35.485,1572.731,-15.000, 14.700, 13.800, 22.363, 13.182, 13.304, -0.140,  0.937,  0.934,  1.000,
mon_rep230616,2023-06-16T04:20:10, 82.301,  0.100,1,0,255, 25.000, 35.713,1588.133,-15.000, 14.700, 13.800, 22.576, 13.198, 13.304, -0.140,  0.937,  0.934,  1.000,
mon_rep230616,2023-06-16T04:20:11, 82.401,  0.100,1,0,255, 25.000, 35.940,1603.283,-15.000, 14.700, 13.800, 22.785, 13.215, 13.304, -0.140,  0.938,  0.934,  1.000,
mon_rep230616,2023-06-16T04:20:11, 82.501,  0.100,1,0,255, 25.000, 36.149,1618.181,-15.000, 14.700, 13.800, 22.990, 13.219, 13.304, -0.140,  0.938,  0.934,  1.000,
mon_rep230616,2023-06-16T04:20:11, 82.601,  0.100,1,0,255, 25.000, 36.355,1632.823,-15.000, 14.700, 13.800, 23.192, 13.222, 13.304, -0.140,  0.938,  0.934,  1.000,
mon_rep230616,2023-06-16T04:20:11, 82.701,  0.100,1,0,255, 25.000, 36.557,1647.207,-15.000, 14.700, 13.800, 23.391, 13.226, 13.304, -0.140,  0.939,  0.934,  1.000,
mon_rep230616,2023-06-16T04:20:11, 82.801,  0.100,1,0,255, 25.000, 36.755,1661.331,-15.000, 14.700, 13.800, 23.586, 13.229, 13.304, -0.140,  0.939,  0.934,  1.000,
mon_rep230616,2023-06-16T04:20:11, 82.901,  0.100,1,0,255, 25.000, 36.950,1675.193,-15.000, 14.700, 13.800, 23.777, 13.233, 13.304, -0.140,  0.940,  0.934,  1.000,
mon_rep230616,2023-06-16T04:20:11, 83.001,  0.100,1,0,255, 25.000, 37.142,1688.790,-15.000, 14.700, 13.800, 23.965, 13.237, 13.304, -0.140,  0.940,  0.934,  1.000,
mon_rep230616,2023-06-16T04:20:11, 83.101,  0.100,1,0,255, 25.000, 37.329,1702.120,-15.000, 14.700, 13.800, 24.149, 13.241, 13.304, -0.140,  0.940,  0.934,  1.000,
mon_rep230616,2023-06-16T04:20:11, 83.201,  0.100,1,0,255, 25.000, 37.513,1715.182,-15.000, 14.700, 13.800, 24.329, 13.244, 13.304, -0.140,  0.941,  0.934,  1.000,
mon_rep230616,2023-06-16T04:20:11, 83.301,  0.100,1,0,255, 25.000, 37.694,1727.973,-15.000, 14.700, 13.800, 24.506, 13.248, 13.304, -0.140,  0.941,  0.934,  1.000,
mon_rep230616,2023-06-16T04:20:12, 83.401,  0.100,1,0,255, 25.000, 37.870,1740.491,-15.000, 14.700, 13.800, 24.678, 13.252, 13.304, -0.140,  0.942,  0.934,  1.000,
mon_rep230616,2023-06-16T04:20:12, 83.501,  0.100,1,0,255, 25.000, 38.043,1752.734,-15.000, 14.700, 13.800, 24.847, 13.256, 13.304, -0.140,  0.942,  0.934,  1.000,
mon_rep230616,2023-06-16T04:20:12, 83.601,  0.100,1,0,255, 25.000, 38.212,1764.700,-15.000, 14.700, 13.800, 25.012, 13.260, 13.304, -0.140,  0.943,  0.934,  1.000,
mon_rep230616,2023-06-16T04:20:12, 83.701,  0.100,1,0,255, 25.000, 38.377,1776.388,-15.000, 14.700, 13.800, 25.174, 13.264, 13.304, -0.140,  0.943,  0.934,  1.000,
mon_rep230616,2023-06-16T04:20:12, 83.801,  0.100,1,0,255, 25.000, 38.539,1787.795,-15.000, 14.700, 13.800, 25.331, 13.267, 13.304, -0.140,  0.943,  0.934,  1.000,
mon_rep230616,2023-06-16T04:20:12, 83.901,  0.100,1,0,255, 25.000, 38.696,1798.920,-15.000, 14.700, 13.800, 25.485, 13.271, 13.304, -0.140,  0.944,  0.934,  1.000,
mon_rep230616,2023-06-16T04:20:12, 84.001,  0.100,1,0,255, 25.000, 38.850,1809.761,-15.000, 14.700, 13.800, 25.634, 13.275, 13.305, -0.030,  0.944,  0.944,  1.000,
mon_rep230616,2023-06-16T04:20:12, 84.101,  0.100,1,0,255, 25.000, 38.999,1820.315,-15.000, 14.700, 13.800, 25.780, 13.279, 13.305, -0.030,  0.945,  0.944,  1.000,
mon_rep230616,2023-06-16T04:20:12, 84.201,  0.100,1,0,255, 25.000, 39.145,1830.583,-15.000, 14.700, 13.800, 25.922, 13.283, 13.305, -0.030,  0.945,  0.944,  1.000,
mon_rep230616,2023-06-16T04:20:12, 84.301,  0.100,1,0,255, 25.000, 39.287,1840.562,-15.000, 14.700, 13.800, 26.059, 13.287, 13.305, -0.030,  0.946,  0.944,  1.000,
mon_rep230616,2023-06-16T04:20:13, 84.401,  0.100,1,0,255, 25.000, 39.425,1850.249,-15.000, 14.700, 13.800, 26.193, 13.292, 13.305, -0.030,  0.946,  0.944,  1.000,
mon_rep230616,2023-06-16T04:20:13, 84.501,  0.100,1,0,255, 25.000, 39.558,1859.645,-15.000, 14.700, 13.800, 26.323, 13.296, 13.305, -0.030,  0.947,  0.944,  1.000,
mon_rep230616,2023-06-16T04:20:13, 84.601,  0.100,1,0,255, 25.000, 39.688,1868.747,-15.000, 14.700, 13.800, 26.448, 13.300, 13.305, -0.030,  0.947,  0.944,  1.000,
mon_rep230616,2023-06-16T04:20:13, 84.701,  0.100,1,0,255, 25.000, 39.814,1877.554,-15.000, 14.700, 13.800, 26.570, 13.304, 13.305, -0.030,  0.947,  0.944,  1.000,
mon_rep230616,2023-06-16T04:20:13, 84.801,  0.100,1,0,255, 25.000, 39.935,1886.064,-15.000, 14.700, 13.800, 26.687, 13.308, 13.305, -0.030,  0.948,  0.944,  1.000,
mon_rep230616,2023-06-16T04:20:13, 84.901,  0.100,1,0,255, 25.000, 40.053,1894.277,-15.000, 14.700, 13.800, 26.801, 13.312, 13.305, -0.030,  0.948,  0.944,  1.000,
mon_rep230616,2023-06-16T04:20:13, 85.001,  0.100,1,0,255, 25.000, 40.166,1902.190,-15.000, 14.700, 13.800, 26.910, 13.316, 13.305, -0.030,  0.949,  0.944,  1.000,
mon_rep230616,2023-06-16T04:20:13, 85.101,  0.100,1,0,255, 25.000, 40.275,1909.803,-15.000, 14.700, 13.800, 27.015, 13.321, 13.305, -0.030,  0.949,  0.944,  1.000,
mon_rep230616,2023-06-16T04:20:13, 85.201,  0.100,1,0,255, 25.000, 40.381,1917.115,-15.000, 14.700, 13.800, 27.116, 13.325, 13.305, -0.030,  0.950,  0.944,  1.000,
mon_rep230616,2023-06-16T04:20:13, 85.301,  0.100,1,0,255, 25.000, 40.482,1924.124,-15.000, 14.700, 13.800, 27.212, 13.329, 13.305, -0.030,  0.950,  0.944,  1.000,
mon_rep230616,2023-06-16T04:20:14, 85.401,  0.100,1,0,255, 25.000, 40.578,1930.828,-15.000, 14.700, 13.800, 27.305, 13.333, 13.305, -0.030,  0.951,  0.944,  1.000,
mon_rep230616,2023-06-16T04:20:14, 85.501,  0.100,1,0,255, 25.000, 40.671,1937.228,-15.000, 14.700, 13.800, 27.393, 13.338, 13.305, -0.030,  0.951,  0.944,  1.000,
mon_rep230616,2023-06-16T04:20:14, 85.601,  0.100,1,0,255, 25.000, 40.759,1943.323,-15.000, 14.700, 13.800, 27.477, 13.342, 13.305, -0.030,  0.952,  0.944,  1.000,
mon_rep230616,2023-06-16T04:20:14, 85.701,  0.100,1,0,255, 25.000, 40.843,1949.110,-15.000, 14.700, 13.800, 27.557, 13.346, 13.305, -0.030,  0.952,  0.944,  1.000,
mon_rep230616,2023-06-16T04:20:14, 85.801,  0.100,1,0,255, 25.000, 40.923,1954.589,-15.000, 14.700, 13.800, 27.633, 13.351, 13.305, -0.030,  0.953,  0.944,  1.000,
mon_rep230616,2023-06-16T04:20:14, 85.901,  0.100,1,0,255, 25.000, 40.999,1959.760,-15.000, 14.700, 13.800, 27.704, 13.355, 13.305, -0.030,  0.953,  0.944,  1.000,
mon_rep230616,2023-06-16T04:20:14, 86.001,  0.100,1,0,255, 25.000, 41.070,1964.621,-15.000, 14.700, 13.800, 27.771, 13.359, 13.307,  0.053,  0.954,  0.955,  1.000,
mon_rep230616,2023-06-16T04:20:14, 86.101,  0.100,1,0,255, 25.000, 41.138,1969.172,-15.000, 14.700, 13.800, 27.834, 13.364, 13.307,  0.053,  0.954,  0.955,  1.000,
mon_rep230616,2023-06-16T04:20:14, 86.201,  0.100,1,0,255, 25.000, 41.201,1973.412,-15.000, 14.700, 13.800, 27.893, 13.368, 13.307,  0.053,  0.955,  0.955,  1.000,
mon_rep230616,2023-06-16T04:20:14, 86.301,  0.100,1,0,255, 25.000, 41.259,1977.341,-15.000, 14.700, 13.800, 27.947, 13.372, 13.307,  0.053,  0.955,  0.955,  1.000,
mon_rep230616,2023-06-16T04:20:15, 86.401,  0.100,1,0,255, 25.000, 41.313,1980.957,-15.000, 14.700, 13.800, 27.997, 13.377, 13.307,  0.053,  0.956,  0.955,  1.000,
mon_rep230616,2023-06-16T04:20:15, 86.501,  0.100,1,0,255, 25.000, 41.363,1984.261,-15.000, 14.700, 13.800, 28.042, 13.381, 13.307,  0.053,  0.956,  0.955,  1.000,
mon_rep230616,2023-06-16T04:20:15, 86.601,  0.100,1,0,255, 25.000, 41.409,1987.251,-15.000, 14.700, 13.800, 28.084, 13.385, 13.307,  0.053,  0.957,  0.955,  1.000,
mon_rep230616,2023-06-16T04:20:15, 86.701,  0.100,1,0,255, 25.000, 41.450,1989.927,-15.000, 14.700, 13.800, 28.121, 13.390, 13.307,  0.053,  0.957,  0.955,  1.000,
mon_rep230616,2023-06-16T04:20:15, 86.801,  0.100,1,0,255, 25.000, 41.487,1992.289,-15.000, 14.700, 13.800, 28.153, 13.394, 13.307,  0.053,  0.958,  0.955,  1.000,
mon_rep230616,2023-06-16T04:20:15, 86.902,  0.101,1,0,255, 25.000, 41.520,1994.337,-15.000, 14.700, 13.800, 28.181, 13.399, 13.307,  0.053,  0.958,  0.955,  1.000,
mon_rep230616,2023-06-16T04:20:15, 87.002,  0.100,1,0,255, 25.000, 41.548,1996.085,-15.000, 14.700, 13.800, 28.205, 13.403, 13.307,  0.053,  0.959,  0.955,  1.000,
mon_rep230616,2023-06-16T04:20:15, 87.101,  0.099,1,0,255, 25.000, 41.573,1997.499,-15.000, 14.700, 13.800, 28.225, 13.408, 13.307,  0.053,  0.959,  0.955,  1.000,
mon_rep230616,2023-06-16T04:20:15, 87.202,  0.101,1,0,255, 25.000, 41.592,1998.588,-15.000, 14.700, 13.800, 28.240, 13.412, 13.307,  0.053,  0.960,  0.955,  1.000,
mon_rep230616,2023-06-16T04:20:15, 87.301,  0.099,1,0,255, 25.000, 41.607,1999.381,-15.000, 14.700, 13.800, 28.251, 13.416, 13.307,  0.053,  0.960,  0.955,  1.000,
mon_rep230616,2023-06-16T04:20:16, 87.401,  0.100,1,0,255, 25.000, 41.618,1999.845,-15.000, 14.700, 13.800, 28.257, 13.421, 13.307,  0.053,  0.961,  0.955,  1.000,
mon_rep230616,2023-06-16T04:20:16, 87.501,  0.100,1,0,255, 25.000, 41.625,2000.000,-15.000, 14.700, 13.800, 28.260, 13.425, 13.307,  0.053,  0.961,  0.955,  1.000,
mon_rep230616,2023-06-16T04:20:16, 87.601,  0.100,1,0,255, 25.000, 41.627,1999.839,-15.000, 14.700, 13.800, 28.257, 13.430, 13.307,  0.053,  0.962,  0.955,  1.000,
mon_rep230616,2023-06-16T04:20:16, 87.702,  0.101,1,0,255, 25.000, 41.625,1999.362,-15.000, 14.700, 13.800, 28.251, 13.434, 13.307,  0.053,  0.962,  0.955,  1.000,
mon_rep230616,2023-06-16T04:20:16, 87.801,  0.099,1,0,255, 25.000, 41.618,1998.560,-15.000, 14.700, 13.800, 28.240, 13.439, 13.307,  0.053,  0.963,  0.955,  1.000,
mon_rep230616,2023-06-16T04:20:16, 87.902,  0.101,1,0,255, 25.000, 41.607,1997.461,-15.000, 14.700, 13.800, 28.224, 13.443, 13.307,  0.053,  0.963,  0.955,  1.000,
mon_rep230616,2023-06-16T04:20:16, 88.002,  0.100,1,0,255, 25.000, 41.592,1996.022,-15.000, 14.700, 13.800, 28.205, 13.447, 13.308,  0.139,  0.963,  0.966,  1.000,
mon_rep230616,2023-06-16T04:20:16, 88.102,  0.100,1,0,255, 25.000, 41.572,1994.280,-15.000, 14.700, 13.800, 28.181, 13.452, 13.308,  0.139,  0.964,  0.966,  1.000,
mon_rep230616,2023-06-16T04:20:16, 88.202,  0.100,1,0,255, 25.000, 41.548,1992.223,-15.000, 14.700, 13.800, 28.152, 13.456, 13.308,  0.139,  0.964,  0.966,  1.000,
mon_rep230616,2023-06-16T04:20:16, 88.302,  0.100,1,0,255, 25.000, 41.520,1989.852,-15.000, 14.700, 13.800, 28.119, 13.461, 13.308,  0.139,  0.965,  0.966,  1.000,
mon_rep230616,2023-06-16T04:20:17, 88.401,  0.099,1,0,255, 25.000, 41.487,1987.166,-15.000, 14.700, 13.800, 28.082, 13.465, 13.308,  0.139,  0.965,  0.966,  1.000,
mon_rep230616,2023-06-16T04:20:17, 88.501,  0.100,1,0,255, 25.000, 41.450,1984.198,-15.000, 14.700, 13.800, 28.041, 13.469, 13.308,  0.139,  0.966,  0.966,  1.000,
mon_rep230616,2023-06-16T04:20:17, 88.602,  0.101,1,0,255, 25.000, 41.409,1980.888,-15.000, 14.700, 13.800, 27.996, 13.474, 13.308,  0.139,  0.966,  0.966,  1.000,
mon_rep230616,2023-06-16T04:20:17, 88.701,  0.099,1,0,255, 25.000, 41.364,1977.228,-15.000, 14.700, 13.800, 27.945, 13.479, 13.308,  0.139,  0.967,  0.966,  1.000,
mon_rep230616,2023-06-16T04:20:17, 88.801,  0.100,1,0,255, 25.000, 41.313,1973.331,-15.000, 14.700, 13.800, 27.891, 13.482, 13.308,  0.139,  0.967,  0.966,  1.000,
mon_rep230616,2023-06-16T04:20:17, 88.901,  0.100,1,0,255, 25.000, 41.260,1969.085,-15.000, 14.700, 13.800, 27.833, 13.487, 13.308,  0.139,  0.968,  0.966,  1.000,
mon_rep230616,2023-06-16T04:20:17, 89.001,  0.100,1,0,255, 25.000, 41.201,1964.528,-15.000, 14.700, 13.800, 27.770, 13.491, 13.308,  0.139,  0.968,  0.966,  1.000,
mon_rep230616,2023-06-16T04:20:17, 89.101,  0.100,1,0,255, 25.000, 41.138,1959.660,-15.000, 14.700, 13.800, 27.703, 13.496, 13.308,  0.139,  0.969,  0.966,  1.000,
mon_rep230616,2023-06-16T04:20:17, 89.202,  0.101,1,0,255, 25.000, 41.071,1954.483,-15.000, 14.700, 13.800, 27.631, 13.500, 13.308,  0.139,  0.969,  0.966,  1.000,
mon_rep230616,2023-06-16T04:20:17, 89.301,  0.099,1,0,255, 25.000, 41.000,1948.941,-15.000, 14.700, 13.800, 27.555, 13.505, 13.308,  0.139,  0.970,  0.966,  1.000,
mon_rep230616,2023-06-16T04:20:18, 89.402,  0.101,1,0,255, 25.000, 40.923,1943.204,-15.000, 14.700, 13.800, 27.476, 13.508, 13.308,  0.139,  0.970,  0.966,  1.000,
mon_rep230616,2023-06-16T04:20:18, 89.502,  0.100,1,0,255, 25.000, 40.844,1937.042,-15.000, 14.700, 13.800, 27.391, 13.514, 13.308,  0.139,  0.971,  0.966,  1.000,
mon_rep230616,2023-06-16T04:20:18, 89.601,  0.099,1,0,255, 25.000, 40.759,1930.632,-15.000, 14.700, 13.800, 27.302, 13.517, 13.308,  0.139,  0.971,  0.966,  1.000,
mon_rep230616,2023-06-16T04:20:18, 89.701,  0.100,1,0,255, 25.000, 40.671,1923.987,-15.000, 14.700, 13.800, 27.211, 13.520, 13.308,  0.139,  0.972,  0.966,  1.000,
mon_rep230616,2023-06-16T04:20:18, 89.801,  0.100,1,0,255, 25.000, 40.579,1916.972,-15.000, 14.700, 13.800, 27.114, 13.526, 13.308,  0.139,  0.972,  0.966,  1.000,
mon_rep230616,2023-06-16T04:20:18, 89.901,  0.100,1,0,255, 25.000, 40.483,1909.655,-15.000, 14.700, 13.800, 27.013, 13.530, 13.308,  0.139,  0.973,  0.966,  1.000,
mon_rep230616,2023-06-16T04:20:18, 90.001,  0.100,1,0,255, 25.000, 40.382,1902.036,-15.000, 14.700, 13.800, 26.908, 13.534, 13.310,  0.225,  0.973,  0.977,  1.000,
mon_rep230616,2023-06-16T04:20:18, 90.101,  0.100,1,0,255, 25.000, 40.277,1894.116,-15.000, 14.700, 13.800, 26.798, 13.538, 13.310,  0.225,  0.974,  0.977,  1.000,
mon_rep230616,2023-06-16T04:20:18, 90.201,  0.100,1,0,255, 25.000, 40.167,1885.898,-15.000, 14.700, 13.800, 26.685, 13.542, 13.310,  0.225,  0.974,  0.977,  1.000,
mon_rep230616,2023-06-16T04:20:18, 90.302,  0.101,1,0,255, 25.000, 40.054,1877.382,-15.000, 14.700, 13.800, 26.567, 13.547, 13.310,  0.225,  0.975,  0.977,  1.000,
mon_rep230616,2023-06-16T04:20:19, 90.401,  0.099,1,0,255, 25.000, 39.937,1868.479,-15.000, 14.700, 13.800, 26.445, 13.552, 13.310,  0.225,  0.975,  0.977,  1.000,
mon_rep230616,2023-06-16T04:20:19, 90.502,  0.101,1,0,255, 25.000, 39.814,1859.461,-15.000, 14.700, 13.800, 26.320, 13.554, 13.310,  0.225,  0.975,  0.977,  1.000,
mon_rep230616,2023-06-16T04:20:19, 90.601,  0.099,1,0,255, 25.000, 39.689,1849.964,-15.000, 14.700, 13.800, 26.189, 13.560, 13.310,  0.225,  0.976,  0.977,  1.000,
mon_rep230616,2023-06-16T04:20:19, 90.702,  0.101,1,0,255, 25.000, 39.558,1840.366,-15.000, 14.700, 13.800, 26.057, 13.562, 13.310,  0.225,  0.976,  0.977,  1.000,
mon_rep230616,2023-06-16T04:20:19, 90.801,  0.099,1,0,255, 25.000, 39.426,1830.280,-15.000, 14.700, 13.800, 25.917, 13.569, 13.310,  0.225,  0.977,  0.977,  1.000,
mon_rep230616,2023-06-16T04:20:19, 90.901,  0.100,1,0,255, 25.000, 39.287,1820.108,-15.000, 14.700, 13.800, 25.777, 13.570, 13.310,  0.225,  0.977,  0.977,  1.000,
mon_rep230616,2023-06-16T04:20:19, 91.001,  0.100,1,0,255, 25.000, 39.147,1809.548,-15.000, 14.700, 13.800, 25.631, 13.575, 13.310,  0.225,  0.978,  0.977,  1.000,
mon_rep230616,2023-06-16T04:20:19, 91.102,  0.101,1,0,255, 25.000, 39.001,1798.701,-15.000, 14.700, 13.800, 25.482, 13.579, 13.310,  0.225,  0.978,  0.977,  1.000,
mon_rep230616,2023-06-16T04:20:19, 91.201,  0.099,1,0,255, 25.000, 38.851,1787.458,-15.000, 14.700, 13.800, 25.326, 13.585, 13.310,  0.225,  0.979,  0.977,  1.000,
mon_rep230616,2023-06-16T04:20:19, 91.302,  0.101,1,0,255, 25.000, 38.696,1776.158,-15.000, 14.700, 13.800, 25.171, 13.586, 13.310,  0.225,  0.979,  0.977,  1.000,
mon_rep230616,2023-06-16T04:20:20, 91.401,  0.099,1,0,255, 25.000, 38.540,1764.347,-15.000, 14.700, 13.800, 25.008, 13.593, 13.310,  0.225,  0.979,  0.977,  1.000,
mon_rep230616,2023-06-16T04:20:20, 91.502,  0.101,1,0,255, 25.000, 38.377,1752.493,-15.000, 14.700, 13.800, 24.844, 13.593, 13.310,  0.225,  0.980,  0.977,  1.000,
mon_rep230616,2023-06-16T04:20:20, 91.601,  0.099,1,0,255, 25.000, 38.214,1740.121,-15.000, 14.700, 13.800, 24.673, 13.601, 13.310,  0.225,  0.980,  0.977,  1.000,
mon_rep230616,2023-06-16T04:20:20, 91.701,  0.100,1,0,255, 25.000, 38.043,1727.721,-15.000, 14.700, 13.800, 24.502, 13.601, 13.310,  0.225,  0.981,  0.977,  1.000,
mon_rep230616,2023-06-16T04:20:20, 91.802,  0.101,1,0,255, 25.000, 37.879,1714.925,-15.000, 14.700, 13.800, 24.325, 13.614, 13.310,  0.225,  0.981,  0.977,  1.000,
mon_rep230616,2023-06-16T04:20:20, 91.901,  0.099,1,0,255, 25.000, 37.710,1701.726,-15.000, 14.700, 13.800, 24.143, 13.627, 13.310,  0.225,  0.982,  0.977,  1.000,
mon_rep230616,2023-06-16T04:20:20, 92.001,  0.100,1,0,255, 25.000, 37.535,1688.522,-15.000, 14.700, 13.800, 23.961, 13.634, 13.310,  0.225,  0.982,  0.977,  1.000,
mon_rep230616,2023-06-16T04:20:20, 92.102,  0.101,1,0,255, 25.000, 37.361,1674.920,-15.000, 14.700, 13.800, 23.773, 13.647, 13.424,  0.223,  0.982,  0.987,  1.000,
mon_rep230616,2023-06-16T04:20:20, 92.201,  0.099,1,0,255, 25.000, 37.180,1660.913,-15.000, 14.700, 13.800, 23.580, 13.660, 13.424,  0.223,  0.983,  0.987,  1.000,
mon_rep230616,2023-06-16T04:20:20, 92.302,  0.101,1,0,255, 25.000, 36.994,1646.923,-15.000, 14.700, 13.800, 23.387, 13.667, 13.424,  0.223,  0.983,  0.987,  1.000,
mon_rep230616,2023-06-16T04:20:21, 92.401,  0.099,1,0,255, 25.000, 36.808,1632.389,-15.000, 14.700, 13.800, 23.186, 13.682, 13.424,  0.223,  0.984,  0.987,  1.000,
mon_rep230616,2023-06-16T04:20:21, 92.501,  0.100,1,0,255, 25.000, 36.615,1617.887,-15.000, 14.700, 13.800, 22.986, 13.688, 13.424,  0.223,  0.984,  0.987,  1.000,
mon_rep230616,2023-06-16T04:20:21, 92.602,  0.101,1,0,255, 25.000, 36.421,1602.985,-15.000, 14.700, 13.800, 22.781, 13.701, 13.424,  0.223,  0.984,  0.987,  1.000,
mon_rep230616,2023-06-16T04:20:21, 92.701,  0.099,1,0,255, 25.000, 36.223,1587.676,-15.000, 14.700, 13.800, 22.569, 13.713, 13.424,  0.223,  0.985,  0.987,  1.000,
mon_rep230616,2023-06-16T04:20:21, 92.801,  0.100,1,0,255, 25.000, 36.018,1572.423,-15.000, 14.700, 13.800, 22.359, 13.719, 13.424,  0.223,  0.985,  0.987,  1.000,
mon_rep230616,2023-06-16T04:20:21, 92.901,  0.100,1,0,255, 25.000, 35.815,1556.768,-15.000, 14.700, 13.800, 22.143, 13.732, 13.424,  0.223,  0.986,  0.987,  1.000,
mon_rep230616,2023-06-16T04:20:21, 93.002,  0.101,1,0,255, 25.000, 35.605,1540.867,-15.000, 14.700, 13.800, 21.923, 13.742, 13.424,  0.223,  0.986,  0.987,  1.000,
mon_rep230616,2023-06-16T04:20:21, 93.101,  0.099,1,0,255, 25.000, 35.393,1524.561,-15.000, 14.700, 13.800, 21.698, 13.754, 13.424,  0.223,  0.986,  0.987,  1.000,
mon_rep230616,2023-06-16T04:20:21, 93.201,  0.100,1,0,255, 25.000, 35.174,1508.339,-15.000, 14.700, 13.800, 21.475, 13.760, 13.424,  0.223,  0.987,  0.987,  1.000,
mon_rep230616,2023-06-16T04:20:21, 93.301,  0.100,1,0,255, 25.000, 34.957,1491.716,-15.000, 14.700, 13.800, 21.245, 13.772, 13.424,  0.223,  0.987,  0.987,  1.000,
mon_rep230616,2023-06-16T04:20:22, 93.401,  0.100,1,0,255, 25.000, 34.734,1474.858,-15.000, 14.700, 13.800, 21.013, 13.781, 13.424,  0.223,  0.987,  0.987,  1.000,
mon_rep230616,2023-06-16T04:20:22, 93.501,  0.100,1,0,255, 25.000, 34.508,1457.766,-15.000, 14.700, 13.800, 20.777, 13.791, 13.424,  0.223,  0.988,  0.987,  1.000,
mon_rep230616,2023-06-16T04:20:22, 93.601,  0.100,1,0,255, 25.000, 34.278,1440.445,-15.000, 14.700, 13.800, 20.538, 13.800, 13.424,  0.223,  0.988,  0.987,  1.000,
mon_rep230616,2023-06-16T04:20:22, 93.701,  0.100,1,0,255, 25.000, 34.045,1422.896,-15.000, 14.700, 13.800, 20.295, 13.810, 13.424,  0.223,  0.989,  0.987,  1.000,
mon_rep230616,2023-06-16T04:20:22, 93.801,  0.100,1,0,255, 25.000, 33.809,1405.122,-15.000, 14.700, 13.800, 20.050, 13.819, 13.424,  0.223,  0.989,  0.987,  1.000,
mon_rep230616,2023-06-16T04:20:22, 93.901,  0.100,1,0,255, 25.000, 33.570,1387.127,-15.000, 14.700, 13.800, 19.802, 13.828, 13.424,  0.223,  0.989,  0.987,  1.000,
mon_rep230616,2023-06-16T04:20:22, 94.001,  0.100,1,0,255, 25.000, 33.328,1368.912,-15.000, 14.700, 13.800, 19.551, 13.837, 13.424,  0.223,  0.990,  0.987,  1.000,
mon_rep230616,2023-06-16T04:20:22, 94.101,  0.100,1,0,255, 25.000, 33.082,1350.481,-15.000, 14.700, 13.800, 19.296, 13.846, 14.041, -0.195,  0.990,  0.993,  1.000,
mon_rep230616,2023-06-16T04:20:22, 94.201,  0.100,1,0,255, 25.000, 32.834,1331.837,-15.000, 14.700, 13.800, 19.039, 13.855, 14.041, -0.195,  0.990,  0.993,  1.000,
mon_rep230616,2023-06-16T04:20:22, 94.301,  0.100,1,0,255, 25.000, 32.582,1312.983,-15.000, 14.700, 13.800, 18.779, 13.864, 14.041, -0.195,  0.991,  0.993,  1.000,
mon_rep230616,2023-06-16T04:20:23, 94.401,  0.100,1,0,255, 25.000, 32.345,1293.922,-15.000, 14.700, 13.800, 18.516, 13.890, 14.041, -0.195,  0.991,  0.993,  1.000,
mon_rep230616,2023-06-16T04:20:23, 94.501,  0.100,1,0,255, 25.000, 32.121,1274.656,-15.000, 14.700, 13.800, 18.250, 13.931, 14.041, -0.195,  0.991,  0.993,  1.000,
mon_rep230616,2023-06-16T04:20:23, 94.601,  0.100,1,0,255, 25.000, 31.893,1255.188,-15.000, 14.700, 13.800, 17.981, 13.972, 14.041, -0.195,  0.991,  0.993,  1.000,
mon_rep230616,2023-06-16T04:20:23, 94.701,  0.100,1,0,255, 25.000, 31.662,1235.523,-15.000, 14.700, 13.800, 17.710, 14.012, 14.041, -0.195,  0.992,  0.993,  1.000,
mon_rep230616,2023-06-16T04:20:23, 94.801,  0.100,1,0,255, 25.000, 31.428,1215.662,-15.000, 14.700, 13.800, 17.436, 14.052, 14.041, -0.195,  0.992,  0.993,  1.000,
mon_rep230616,2023-06-16T04:20:23, 94.901,  0.100,1,0,255, 25.000, 31.190,1195.610,-15.000, 14.700, 13.800, 17.159, 14.091, 14.041, -0.195,  0.992,  0.993,  1.000,
mon_rep230616,2023-06-16T04:20:23, 95.001,  0.100,1,0,255, 25.000, 30.949,1175.368,-15.000, 14.700, 13.800, 16.880, 14.129, 14.041, -0.195,  0.993,  0.993,  1.000,
mon_rep230616,2023-06-16T04:20:23, 95.101,  0.100,1,0,255, 25.000, 30.704,1154.942,-15.000, 14.700, 13.800, 16.598, 14.167, 14.041, -0.195,  0.993,  0.993,  1.000,
mon_rep230616,2023-06-16T04:20:23, 95.201,  0.100,1,0,255, 25.000, 30.457,1134.332,-15.000, 14.700, 13.800, 16.313, 14.204, 14.041, -0.195,  0.993,  0.993,  1.000,
mon_rep230616,2023-06-16T04:20:23, 95.301,  0.100,1,0,255, 25.000, 30.206,1113.544,-15.000, 14.700, 13.800, 16.026, 14.240, 14.041, -0.195,  0.993,  0.993,  1.000,
mon_rep230616,2023-06-16T04:20:24, 95.401,  0.100,1,0,255, 25.000, 29.953,1092.580,-15.000, 14.700, 13.800, 15.737, 14.276, 14.041, -0.195,  0.994,  0.993,  1.000,
mon_rep230616,2023-06-16T04:20:24, 95.501,  0.100,1,0,255, 25.000, 29.696,1071.443,-15.000, 14.700, 13.800, 15.445, 14.311, 14.041, -0.195,  0.994,  0.993,  1.000,
mon_rep230616,2023-06-16T04:20:24, 95.601,  0.100,1,0,255, 25.000, 29.436,1050.137,-15.000, 14.700, 13.800, 15.151, 14.345, 14.041, -0.195,  0.994,  0.993,  1.000,
mon_rep230616,2023-06-16T04:20:24, 95.701,  0.100,1,0,255, 25.000, 29.174,1028.665,-15.000, 14.700, 13.800, 14.855, 14.379, 14.041, -0.195,  0.995,  0.993,  1.000,
mon_rep230616,2023-06-16T04:20:24, 95.801,  0.100,1,0,255, 25.000, 28.908,1007.031,-15.000, 14.700, 13.800, 14.557, 14.412, 14.041, -0.195,  0.995,  0.993,  1.000,
mon_rep230616,2023-06-16T04:20:24, 95.901,  0.100,1,0,255, 25.000, 28.640,985.237,-15.000, 14.700, 13.800, 14.256, 14.444, 14.041, -0.195,  0.995,  0.993,  1.000,
mon_rep230616,2023-06-16T04:20:24, 96.001,  0.100,1,0,255, 25.000, 28.368,963.289,-15.000, 14.700, 13.800, 13.953, 14.475, 14.041, -0.195,  0.995,  0.993,  1.000,
mon_rep230616,2023-06-16T04:20:24, 96.101,  0.100,1,0,255, 25.000, 28.094,941.188,-15.000, 14.700, 13.800, 13.648, 14.506, 14.511, -0.005,  0.996,  0.998,  1.000,
mon_rep230616,2023-06-16T04:20:24, 96.201,  0.100,1,0,255, 25.000, 27.817,918.938,-15.000, 14.700, 13.800, 13.341, 14.536, 14.511, -0.005,  0.996,  0.998,  1.000,
mon_rep230616,2023-06-16T04:20:24, 96.301,  0.100,1,0,255, 25.000, 27.538,896.543,-15.000, 14.700, 13.800, 13.032, 14.566, 14.511, -0.005,  0.996,  0.998,  1.000,
mon_rep230616,2023-06-16T04:20:25, 96.401,  0.100,1,0,255, 25.000, 27.255,874.007,-15.000, 14.700, 13.800, 12.721, 14.595, 14.511, -0.005,  0.996,  0.998,  1.000,
mon_rep230616,2023-06-16T04:20:25, 96.501,  0.100,1,0,255, 25.000, 26.971,851.333,-15.000, 14.700, 13.800, 12.408, 14.623, 14.511, -0.005,  0.996,  0.998,  1.000,
mon_rep230616,2023-06-16T04:20:25, 96.601,  0.100,1,0,255, 25.000, 26.683,828.524,-15.000, 14.700, 13.800, 12.093, 14.650, 14.511, -0.005,  0.997,  0.998,  1.000,
mon_rep230616,2023-06-16T04:20:25, 96.701,  0.100,1,0,255, 25.000, 26.393,805.584,-15.000, 14.700, 13.800, 11.777, 14.676, 14.511, -0.005,  0.997,  0.998,  1.000,
mon_rep230616,2023-06-16T04:20:25, 96.801,  0.100,1,0,255, 25.000, 26.100,782.518,-15.000, 14.700, 13.800, 11.458, 14.702, 14.511, -0.005,  0.997,  0.998,  1.000,
mon_rep230616,2023-06-16T04:20:25, 96.901,  0.100,1,0,255, 25.000, 25.805,759.327,-15.000, 14.700, 13.800, 11.138, 14.727, 14.511, -0.005,  0.997,  0.998,  1.000,
mon_rep230616,2023-06-16T04:20:25, 97.001,  0.100,1,0,255, 25.000, 25.508,736.017,-15.000, 14.700, 13.800, 10.817, 14.752, 14.511, -0.005,  0.997,  0.998,  1.000,
mon_rep230616,2023-06-16T04:20:25, 97.101,  0.100,1,0,255, 25.000, 25.208,712.590,-15.000, 14.700, 13.800, 10.493, 14.775, 14.511, -0.005,  0.998,  0.998,  1.000,
mon_rep230616,2023-06-16T04:20:25, 97.201,  0.100,1,0,255, 25.000, 24.906,689.051,-15.000, 14.700, 13.800, 10.168, 14.798, 14.511, -0.005,  0.998,  0.998,  1.000,
mon_rep230616,2023-06-16T04:20:25, 97.301,  0.100,1,0,255, 25.000, 24.602,665.404,-15.000, 14.700, 13.800,  9.842, 14.820, 14.511, -0.005,  0.998,  0.998,  1.000,
mon_rep230616,2023-06-16T04:20:26, 97.401,  0.100,1,0,255, 25.000, 24.296,641.651,-15.000, 14.700, 13.800,  9.514, 14.841, 14.511, -0.005,  0.998,  0.998,  1.000,
mon_rep230616,2023-06-16T04:20:26, 97.501,  0.100,1,0,255, 25.000, 23.987,617.797,-15.000, 14.700, 13.800,  9.185, 14.862, 14.511, -0.005,  0.998,  0.998,  1.000,
mon_rep230616,2023-06-16T04:20:26, 97.601,  0.100,1,0,255, 25.000, 23.676,593.845,-15.000, 14.700, 13.800,  8.855, 14.882, 14.511, -0.005,  0.998,  0.998,  1.000,
mon_rep230616,2023-06-16T04:20:26, 97.701,  0.100,1,0,255, 25.000, 23.363,569.799,-15.000, 14.700, 13.800,  8.523, 14.901, 14.511, -0.005,  0.998,  0.998,  1.000,
mon_rep230616,2023-06-16T04:20:26, 97.801,  0.100,1,0,255, 25.000, 23.049,545.664,-15.000, 14.700, 13.800,  8.190, 14.919, 14.511, -0.005,  0.999,  0.998,  1.000,
mon_rep230616,2023-06-16T04:20:26, 97.901,  0.100,1,0,255, 25.000, 22.732,521.442,-15.000, 14.700, 13.800,  7.855, 14.936, 14.511, -0.005,  0.999,  0.998,  1.000,
mon_rep230616,2023-06-16T04:20:26, 98.001,  0.100,1,0,255, 25.000, 22.413,497.138,-15.000, 14.700, 13.800,  7.520, 14.953, 14.511, -0.005,  0.999,  0.998,  1.000,
mon_rep230616,2023-06-16T04:20:26, 98.101,  0.100,1,0,255, 25.000, 22.093,472.755,-15.000, 14.700, 13.800,  7.184, 14.969, 14.700,  0.269,  0.999,  1.000,  1.000,
mon_rep230616,2023-06-16T04:20:26, 98.201,  0.100,1,0,255, 25.000, 21.770,448.298,-15.000, 14.700, 13.800,  6.846, 14.984, 14.700,  0.269,  0.999,  1.000,  1.000,
mon_rep230616,2023-06-16T04:20:26, 98.301,  0.100,1,0,255, 25.000, 21.446,423.770,-15.000, 14.700, 13.800,  6.508, 14.999, 14.700,  0.269,  0.999,  1.000,  1.000,
mon_rep230616,2023-06-16T04:20:27, 98.401,  0.100,1,0,255, 25.000, 21.120,399.175,-15.000, 14.700, 13.800,  6.168, 15.012, 14.700,  0.269,  0.999,  1.000,  1.000,
mon_rep230616,2023-06-16T04:20:27, 98.501,  0.100,1,0,255, 25.000, 20.793,374.517,-15.000, 14.700, 13.800,  5.828, 15.025, 14.700,  0.269,  0.999,  1.000,  1.000,
mon_rep230616,2023-06-16T04:20:27, 98.601,  0.100,1,0,255, 25.000, 20.464,349.800,-15.000, 14.700, 13.800,  5.487, 15.037, 14.700,  0.269,  0.999,  1.000,  1.000,
mon_rep230616,2023-06-16T04:20:27, 98.701,  0.100,1,0,255, 25.000, 20.133,325.028,-15.000, 14.700, 13.800,  5.145, 15.048, 14.700,  0.269,  1.000,  1.000,  1.000,
mon_rep230616,2023-06-16T04:20:27, 98.801,  0.100,1,0,255, 25.000, 19.801,300.204,-15.000, 14.700, 13.800,  4.802, 15.059, 14.700,  0.269,  1.000,  1.000,  1.000,
mon_rep230616,2023-06-16T04:20:27, 98.901,  0.100,1,0,255, 25.000, 19.467,275.333,-15.000, 14.700, 13.800,  4.459, 15.068, 14.700,  0.269,  1.000,  1.000,  1.000,
mon_rep230616,2023-06-16T04:20:27, 99.001,  0.100,1,0,255, 25.000, 19.132,250.419,-15.000, 14.700, 13.800,  4.115, 15.077, 14.700,  0.269,  1.000,  1.000,  1.000,
mon_rep230616,2023-06-16T04:20:27, 99.101,  0.100,1,0,255, 25.000, 18.796,225.465,-15.000, 14.700, 13.800,  3.771, 15.085, 14.700,  0.269,  1.000,  1.000,  1.000,
mon_rep230616,2023-06-16T04:20:27, 99.201,  0.100,1,0,255, 25.000, 18.458,200.475,-15.000, 14.700, 13.800,  3.426, 15.092, 14.700,  0.269,  1.000,  1.000,  1.000,
mon_rep230616,2023-06-16T04:20:27, 99.301,  0.100,1,0,255, 25.000, 18.119,175.454,-15.000, 14.700, 13.800,  3.081, 15.099, 14.700,  0.269,  1.000,  1.000,  1.000,
mon_rep230616,2023-06-16T04:20:28, 99.401,  0.100,1,0,255, 25.000, 17.779,150.405,-15.000, 14.700, 13.800,  2.735, 15.104, 14.700,  0.269,  1.000,  1.000,  1.000,
mon_rep230616,2023-06-16T04:20:28, 99.501,  0.100,1,0,255, 25.000, 17.438,125.332,-15.000, 14.700, 13.800,  2.389, 15.109, 14.700,  0.269,  1.000,  1.000,  1.000,
mon_rep230616,2023-06-16T04:20:28, 99.601,  0.100,1,0,255, 25.000, 17.096,100.239,-15.000, 14.700, 13.800,  2.043, 15.113, 14.700,  0.269,  1.000,  1.000,  1.000,
mon_rep230616,2023-06-16T04:20:28, 99.701,  0.100,1,0,255, 25.000, 16.753, 75.131,-15.000, 14.700, 13.800,  1.696, 15.117, 14.700,  0.269,  1.000,  1.000,  1.000,
mon_rep230616,2023-06-16T04:20:28, 99.801,  0.100,1,0,255, 25.000, 16.408, 50.011,-15.000, 14.700, 13.800,  1.348, 15.120, 14.700,  0.269,  1.000,  1.000,  1.000,
mon_rep230616,2023-06-16T04:20:28, 99.901,  0.100,1,0,255, 25.000, 16.061, 24.882,-15.000, 14.700, 13.800,  0.999, 15.122, 14.700,  0.269,  1.000,  1.000,  1.000,
mon_rep230616,2023-06-16T04:20:28,100.001,  0.100,1,0,255, 25.000, 15.714, -0.250,-15.000, 14.700, 13.800,  0.650, 15.123, 14.700,  0.269,  1.000,  1.000,  1.000,
mon_rep230616,2023-06-16T04:20:28,100.101,  0.100,1,0,255, 25.000, 15.244,-25.382,-15.000, 14.700, 13.800,  0.300, 15.004, 14.683,  0.321,  1.000,  1.000,  1.000,
mon_rep230616,2023-06-16T04:20:28,100.201,  0.100,1,0,255, 25.000, 14.894,-50.510,-15.000, 14.699, 13.800, -0.050, 15.004, 14.683,  0.321,  1.000,  1.000,  1.000,
mon_rep230616,2023-06-16T04:20:28,100.301,  0.100,1,0,255, 25.000, 14.542,-75.630,-15.000, 14.698, 13.800, -0.401, 15.003, 14.683,  0.321,  1.000,  1.000,  1.000,
mon_rep230616,2023-06-16T04:20:29,100.401,  0.100,1,0,255, 25.000, 14.189,-100.738,-15.000, 14.695, 13.800, -0.752, 15.001, 14.683,  0.321,  1.000,  1.000,  1.000,
mon_rep230616,2023-06-16T04:20:29,100.501,  0.100,1,0,255, 25.000, 13.835,-125.830,-15.000, 14.692, 13.800, -1.103, 14.998, 14.683,  0.321,  1.000,  1.000,  1.000,
mon_rep230616,2023-06-16T04:20:29,100.601,  0.100,1,0,255, 25.000, 13.480,-150.903,-15.000, 14.689, 13.800, -1.455, 14.995, 14.683,  0.321,  1.000,  1.000,  1.000,
mon_rep230616,2023-06-16T04:20:29,100.701,  0.100,1,0,255, 25.000, 13.124,-175.951,-15.000, 14.684, 13.800, -1.807, 14.990, 14.683,  0.321,  1.000,  1.000,  1.000,
mon_rep230616,2023-06-16T04:20:29,100.801,  0.100,1,0,255, 25.000, 12.766,-200.972,-15.000, 14.679, 13.800, -2.159, 14.985, 14.683,  0.321,  1.000,  1.000,  1.000,
mon_rep230616,2023-06-16T04:20:29,100.901,  0.100,1,0,255, 25.000, 12.408,-225.961,-15.000, 14.673, 13.800, -2.511, 14.979, 14.683,  0.321,  1.000,  1.000,  1.000,
mon_rep230616,2023-06-16T04:20:29,101.001,  0.100,1,0,255, 25.000, 12.049,-250.914,-15.000, 14.666, 13.800, -2.864, 14.973, 14.683,  0.321,  1.000,  1.000,  1.000,
mon_rep230616,2023-06-16T04:20:29,101.101,  0.100,1,0,255, 25.000, 11.689,-275.828,-15.000, 14.659, 13.800, -3.216, 14.965, 14.683,  0.321,  1.000,  1.000,  1.000,
mon_rep230616,2023-06-16T04:20:29,101.201,  0.100,1,0,255, 25.000, 11.328,-300.698,-15.000, 14.650, 13.800, -3.569, 14.957, 14.683,  0.321,  1.000,  1.000,  1.000,
mon_rep230616,2023-06-16T04:20:29,101.301,  0.100,1,0,255, 25.000, 10.967,-325.521,-15.000, 14.641, 13.800, -3.921, 14.948, 14.683,  0.321,  0.999,  1.000,  0.999,
mon_rep230616,2023-06-16T04:20:30,101.401,  0.100,1,0,255, 25.000, 10.605,-350.292,-15.000, 14.632, 13.800, -4.273, 14.938, 14.683,  0.321,  0.999,  1.000,  0.999,
mon_rep230616,2023-06-16T04:20:30,101.501,  0.100,1,0,255, 25.000, 10.243,-375.008,-15.000, 14.621, 13.800, -4.625, 14.927, 14.683,  0.321,  0.999,  1.000,  0.999,
mon_rep230616,2023-06-16T04:20:30,101.601,  0.100,1,0,255, 25.000,  9.880,-399.665,-15.000, 14.610, 13.800, -4.976, 14.916, 14.683,  0.321,  0.999,  1.000,  0.999,
mon_rep230616,2023-06-16T04:20:30,101.701,  0.100,1,0,255, 25.000,  9.516,-424.258,-15.000, 14.598, 13.800, -5.327, 14.903, 14.683,  0.321,  0.999,  1.000,  0.999,
mon_rep230616,2023-06-16T04:20:30,101.801,  0.100,1,0,255, 25.000,  9.152,-448.785,-15.000, 14.585, 13.800, -5.678, 14.890, 14.683,  0.321,  0.999,  1.000,  0.999,
mon_rep230616,2023-06-16T04:20:30,101.901,  0.100,1,0,255, 25.000,  8.788,-473.240,-15.000, 14.572, 13.800, -6.029, 14.876, 14.683,  0.321,  0.999,  1.000,  0.999,
mon_rep230616,2023-06-16T04:20:30,102.001,  0.100,1,0,255, 25.000,  8.423,-497.622,-15.000, 14.558, 13.800, -6.378, 14.862, 14.683,  0.321,  0.999,  1.000,  0.999,
mon_rep230616,2023-06-16T04:20:30,102.101,  0.100,1,0,255, 25.000,  8.059,-521.924,-15.000, 14.543, 13.800, -6.728, 14.846, 14.345,  0.501,  0.999,  0.998,  0.999,
mon_rep230616,2023-06-16T04:20:30,102.201,  0.100,1,0,255, 25.000,  7.694,-546.144,-15.000, 14.527, 13.800, -7.076, 14.830, 14.345,  0.501,  0.998,  0.998,  0.998,
mon_rep230616,2023-06-16T04:20:30,102.301,  0.100,1,0,255, 25.000,  7.329,-570.278,-15.000, 14.511, 13.800, -7.424, 14.813, 14.345,  0.501,  0.998,  0.998,  0.998,
mon_rep230616,2023-06-16T04:20:31,102.401,  0.100,1,0,255, 25.000,  6.964,-594.322,-15.000, 14.494, 13.800, -7.772, 14.795, 14.345,  0.501,  0.998,  0.998,  0.998,
mon_rep230616,2023-06-16T04:20:31,102.501,  0.100,1,0,255, 25.000,  6.599,-618.271,-15.000, 14.476, 13.800, -8.118, 14.777, 14.345,  0.501,  0.998,  0.998,  0.998,
mon_rep230616,2023-06-16T04:20:31,102.601,  0.100,1,0,255, 25.000,  6.234,-642.124,-15.000, 14.457, 13.800, -8.464, 14.757, 14.345,  0.501,  0.998,  0.998,  0.998,
mon_rep230616,2023-06-16T04:20:31,102.701,  0.100,1,0,255, 25.000,  5.869,-665.875,-15.000, 14.438, 13.800, -8.808, 14.737, 14.345,  0.501,  0.998,  0.998,  0.998,
mon_rep230616,2023-06-16T04:20:31,102.801,  0.100,1,0,255, 25.000,  5.504,-689.520,-15.000, 14.418, 13.800, -9.152, 14.716, 14.345,  0.501,  0.998,  0.998,  0.998,
mon_rep230616,2023-06-16T04:20:31,102.901,  0.100,1,0,255, 25.000,  5.140,-713.057,-15.000, 14.398, 13.800, -9.495, 14.695, 14.345,  0.501,  0.997,  0.998,  0.997,
mon_rep230616,2023-06-16T04:20:31,103.001,  0.100,1,0,255, 25.000,  4.776,-736.481,-15.000, 14.376, 13.800, -9.837, 14.672, 14.345,  0.501,  0.997,  0.998,  0.997,
mon_rep230616,2023-06-16T04:20:31,103.101,  0.100,1,0,255, 25.000,  4.412,-759.789,-15.000, 14.354, 13.800,-10.177, 14.649, 14.345,  0.501,  0.997,  0.998,  0.997,
mon_rep230616,2023-06-16T04:20:31,103.201,  0.100,1,0,255, 25.000,  4.049,-782.977,-15.000, 14.332, 13.800,-10.516, 14.625, 14.345,  0.501,  0.997,  0.998,  0.997,
mon_rep230616,2023-06-16T04:20:31,103.301,  0.100,1,0,255, 25.000,  3.686,-806.041,-15.000, 14.308, 13.800,-10.854, 14.601, 14.345,  0.501,  0.997,  0.998,  0.997,
mon_rep230616,2023-06-16T04:20:32,103.401,  0.100,1,0,255, 25.000,  3.324,-828.978,-15.000, 14.284, 13.800,-11.191, 14.575, 14.345,  0.501,  0.996,  0.998,  0.996,
mon_rep230616,2023-06-16T04:20:32,103.501,  0.100,1,0,255, 25.000,  2.962,-851.784,-15.000, 14.259, 13.800,-11.527, 14.549, 14.345,  0.501,  0.996,  0.998,  0.996,
mon_rep230616,2023-06-16T04:20:32,103.601,  0.100,1,0,255, 25.000,  2.601,-874.456,-15.000, 14.234, 13.800,-11.861, 14.522, 14.345,  0.501,  0.996,  0.998,  0.996,
mon_rep230616,2023-06-16T04:20:32,103.701,  0.100,1,0,255, 25.000,  2.241,-896.990,-15.000, 14.208, 13.800,-12.193, 14.494, 14.345,  0.501,  0.996,  0.998,  0.996,
mon_rep230616,2023-06-16T04:20:32,103.801,  0.100,1,0,255, 25.000,  1.882,-919.381,-15.000, 14.181, 13.800,-12.524, 14.466, 14.345,  0.501,  0.995,  0.998,  0.995,
mon_rep230616,2023-06-16T04:20:32,103.901,  0.100,1,0,255, 25.000,  1.523,-941.628,-15.000, 14.153, 13.800,-12.854, 14.437, 14.345,  0.501,  0.995,  0.998,  0.995,
mon_rep230616,2023-06-16T04:20:32,104.001,  0.100,1,0,255, 25.000,  1.166,-963.726,-15.000, 14.125, 13.800,-13.182, 14.407, 14.345,  0.501,  0.995,  0.998,  0.995,
mon_rep230616,2023-06-16T04:20:32,104.101,  0.100,1,0,255, 25.000,  0.809,-985.672,-15.000, 14.096, 13.800,-13.508, 14.377, 13.825,  0.552,  0.995,  0.994,  0.995,
mon_rep230616,2023-06-16T04:20:32,104.201,  0.100,1,0,255, 25.000,  0.453,-1007.462,-15.000, 14.067, 13.800,-13.832, 14.345, 13.825,  0.552,  0.995,  0.994,  0.995,
mon_rep230616,2023-06-16T04:20:32,104.301,  0.100,1,0,255, 25.000,  0.099,-1029.093,-15.000, 14.037, 13.800,-14.155, 14.314, 13.825,  0.552,  0.994,  0.994,  0.994,
mon_rep230616,2023-06-16T04:20:33,104.401,  0.100,1,0,255, 25.000, -0.255,-1050.562,-15.000, 14.006, 13.800,-14.476, 14.281, 13.825,  0.552,  0.994,  0.994,  0.994,
mon_rep230616,2023-06-16T04:20:33,104.501,  0.100,1,0,255, 25.000, -0.607,-1071.864,-15.000, 13.974, 13.800,-14.795, 14.248, 13.825,  0.552,  0.994,  0.994,  0.994,
mon_rep230616,2023-06-16T04:20:33,104.601,  0.100,1,0,255, 25.000, -0.958,-1092.998,-15.000, 13.942, 13.800,-15.112, 14.214, 13.825,  0.552,  0.993,  0.994,  0.993,
mon_rep230616,2023-06-16T04:20:33,104.701,  0.100,1,0,255, 25.000, -1.308,-1113.958,-15.000, 13.910, 13.800,-15.427, 14.179, 13.825,  0.552,  0.993,  0.994,  0.993,
mon_rep230616,2023-06-16T04:20:33,104.801,  0.100,1,0,255, 25.000, -1.656,-1134.743,-15.000, 13.876, 13.800,-15.740, 14.144, 13.825,  0.552,  0.993,  0.994,  0.993,
mon_rep230616,2023-06-16T04:20:33,104.901,  0.100,1,0,255, 25.000, -2.003,-1155.349,-15.000, 13.842, 13.800,-16.051, 14.107, 13.825,  0.552,  0.993,  0.994,  0.993,
mon_rep230616,2023-06-16T04:20:33,105.001,  0.100,1,0,255, 25.000, -2.349,-1175.772,-15.000, 13.808, 13.800,-16.359, 14.071, 13.825,  0.552,  0.992,  0.994,  0.992,
mon_rep230616,2023-06-16T04:20:33,105.101,  0.100,1,0,255, 25.000, -2.693,-1196.010,-15.000, 13.773, 13.800,-16.666, 14.033, 13.825,  0.552,  0.992,  0.994,  0.992,
mon_rep230616,2023-06-16T04:20:33,105.201,  0.100,1,0,255, 25.000, -3.035,-1216.059,-15.000, 13.737, 13.800,-16.970, 13.995, 13.825,  0.552,  0.992,  0.994,  0.992,
mon_rep230616,2023-06-16T04:20:33,105.301,  0.100,1,0,255, 25.000, -3.376,-1235.916,-15.000, 13.700, 13.800,-17.272, 13.957, 13.825,  0.552,  0.991,  0.994,  0.991,
mon_rep230616,2023-06-16T04:20:34,105.401,  0.100,1,0,255, 25.000, -3.715,-1255.577,-15.000, 13.663, 13.800,-17.572, 13.917, 13.825,  0.552,  0.991,  0.994,  0.991,
mon_rep230616,2023-06-16T04:20:34,105.501,  0.100,1,0,255, 25.000, -4.052,-1275.040,-15.000, 13.626, 13.800,-17.869, 13.877, 13.825,  0.552,  0.991,  0.994,  0.991,
mon_rep230616,2023-06-16T04:20:34,105.601,  0.100,1,0,255, 25.000, -4.387,-1294.302,-15.000, 13.588, 13.800,-18.164, 13.837, 13.825,  0.552,  0.991,  0.994,  0.991,
mon_rep230616,2023-06-16T04:20:34,105.701,  0.100,1,0,255, 25.000, -4.721,-1313.360,-15.000, 13.549, 13.800,-18.456, 13.796, 13.825,  0.552,  0.990,  0.994,  0.990,
mon_rep230616,2023-06-16T04:20:34,105.802,  0.101,1,0,255, 25.000, -5.034,-1332.210,-15.000, 13.510, 13.800,-18.747, 13.773, 13.825,  0.552,  0.990,  0.994,  0.990,
mon_rep230616,2023-06-16T04:20:34,105.901,  0.099,1,0,255, 25.000, -5.330,-1351.035,-15.000, 13.484, 13.800,-19.036, 13.767, 13.825,  0.552,  0.990,  0.994,  0.990,
mon_rep230616,2023-06-16T04:20:34,106.001,  0.100,1,0,255, 25.000, -5.625,-1369.276,-15.000, 13.478, 13.800,-19.318, 13.753, 13.825,  0.552,  0.989,  0.994,  0.989,
mon_rep230616,2023-06-16T04:20:34,106.101,  0.100,1,0,255, 25.000, -5.913,-1387.486,-15.000, 13.472, 13.800,-19.600, 13.747, 13.413,  0.334,  0.989,  0.986,  0.989,
mon_rep230616,2023-06-16T04:20:34,106.201,  0.100,1,0,255, 25.000, -6.201,-1405.478,-15.000, 13.466, 13.800,-19.879, 13.738, 13.413,  0.334,  0.989,  0.986,  0.989,
mon_rep230616,2023-06-16T04:20:34,106.301,  0.100,1,0,255, 25.000, -6.486,-1423.247,-15.000, 13.460, 13.800,-20.156, 13.730, 13.413,  0.334,  0.988,  0.986,  0.988,
mon_rep230616,2023-06-16T04:20:35,106.401,  0.100,1,0,255, 25.000, -6.769,-1440.791,-15.000, 13.454, 13.800,-20.429, 13.721, 13.413,  0.334,  0.988,  0.986,  0.988,
mon_rep230616,2023-06-16T04:20:35,106.501,  0.100,1,0,255, 25.000, -7.049,-1458.108,-15.000, 13.447, 13.800,-20.700, 13.711, 13.413,  0.334,  0.987,  0.986,  0.987,
mon_rep230616,2023-06-16T04:20:35,106.601,  0.100,1,0,255, 25.000, -7.326,-1475.195,-15.000, 13.441, 13.800,-20.968, 13.702, 13.413,  0.334,  0.987,  0.986,  0.987,
mon_rep230616,2023-06-16T04:20:35,106.701,  0.100,1,0,255, 25.000, -7.600,-1492.049,-15.000, 13.435, 13.800,-21.233, 13.693, 13.413,  0.334,  0.987,  0.986,  0.987,
mon_rep230616,2023-06-16T04:20:35,106.801,  0.100,1,0,255, 25.000, -7.872,-1508.667,-15.000, 13.428, 13.800,-21.479, 13.668, 13.413,  0.334,  0.986,  0.986,  0.986,
mon_rep230616,2023-06-16T04:20:35,106.901,  0.100,1,0,255, 25.000, -8.124,-1525.046,-15.000, 13.422, 13.800,-21.705, 13.641, 13.413,  0.334,  0.986,  0.986,  0.986,
mon_rep230616,2023-06-16T04:20:35,107.001,  0.100,1,0,255, 25.000, -8.357,-1541.186,-15.000, 13.415, 13.800,-21.928, 13.631, 13.413,  0.334,  0.986,  0.986,  0.986,
mon_rep230616,2023-06-16T04:20:35,107.101,  0.100,1,0,255, 25.000, -8.586,-1557.081,-15.000, 13.408, 13.800,-22.147, 13.621, 13.413,  0.334,  0.985,  0.986,  0.985,
mon_rep230616,2023-06-16T04:20:35,107.201,  0.100,1,0,255, 25.000, -8.812,-1572.731,-15.000, 13.402, 13.800,-22.363, 13.611, 13.413,  0.334,  0.985,  0.986,  0.985,
mon_rep230616,2023-06-16T04:20:35,107.301,  0.100,1,0,255, 25.000, -9.035,-1588.133,-15.000, 13.395, 13.800,-22.576, 13.601, 13.413,  0.334,  0.984,  0.986,  0.984,
mon_rep230616,2023-06-16T04:20:36,107.401,  0.100,1,0,255, 25.000, -9.255,-1603.283,-15.000, 13.388, 13.800,-22.785, 13.590, 13.413,  0.334,  0.984,  0.986,  0.984,
mon_rep230616,2023-06-16T04:20:36,107.501,  0.100,1,0,255, 25.000, -9.471,-1618.181,-15.000, 13.381, 13.800,-22.990, 13.580, 13.413,  0.334,  0.984,  0.986,  0.984,
mon_rep230616,2023-06-16T04:20:36,107.601,  0.100,1,0,255, 25.000, -9.683,-1632.823,-15.000, 13.374, 13.800,-23.192, 13.569, 13.413,  0.334,  0.983,  0.986,  0.983,
mon_rep230616,2023-06-16T04:20:36,107.701,  0.100,1,0,255, 25.000, -9.892,-1647.207,-15.000, 13.367, 13.800,-23.391, 13.559, 13.413,  0.334,  0.983,  0.986,  0.983,
mon_rep230616,2023-06-16T04:20:36,107.801,  0.100,1,0,255, 25.000,-10.098,-1661.331,-15.000, 13.360, 13.800,-23.586, 13.548, 13.413,  0.334,  0.982,  0.986,  0.982,
mon_rep230616,2023-06-16T04:20:36,107.901,  0.100,1,0,255, 25.000,-10.300,-1675.192,-15.000, 13.352, 13.800,-23.777, 13.537, 13.413,  0.334,  0.982,  0.986,  0.982,
mon_rep230616,2023-06-16T04:20:36,108.001,  0.100,1,0,255, 25.000,-10.499,-1688.790,-15.000, 13.345, 13.800,-23.965, 13.526, 13.413,  0.334,  0.982,  0.986,  0.982,
mon_rep230616,2023-06-16T04:20:36,108.101,  0.100,1,0,255, 25.000,-10.694,-1702.120,-15.000, 13.338, 13.800,-24.149, 13.515, 13.310,  0.206,  0.981,  0.976,  0.981,
mon_rep230616,2023-06-16T04:20:36,108.201,  0.100,1,0,255, 25.000,-10.885,-1715.182,-15.000, 13.330, 13.800,-24.329, 13.504, 13.310,  0.206,  0.981,  0.976,  0.981,
mon_rep230616,2023-06-16T04:20:36,108.301,  0.100,1,0,255, 25.000,-11.073,-1727.972,-15.000, 13.323, 13.800,-24.506, 13.493, 13.310,  0.206,  0.980,  0.976,  0.980,
mon_rep230616,2023-06-16T04:20:37,108.401,  0.100,1,0,255, 25.000,-11.256,-1740.490,-15.000, 13.315, 13.800,-24.678, 13.483, 13.310,  0.206,  0.980,  0.976,  0.980,
mon_rep230616,2023-06-16T04:20:37,108.501,  0.100,1,0,255, 25.000,-11.428,-1752.734,-15.000, 13.310, 13.800,-24.847, 13.479, 13.310,  0.206,  0.979,  0.976,  0.979,
mon_rep230616,2023-06-16T04:20:37,108.601,  0.100,1,0,255, 25.000,-11.597,-1764.700,-15.000, 13.310, 13.800,-25.012, 13.475, 13.310,  0.206,  0.979,  0.976,  0.979,
mon_rep230616,2023-06-16T04:20:37,108.701,  0.100,1,0,255, 25.000,-11.763,-1776.387,-15.000, 13.310, 13.800,-25.174, 13.471, 13.310,  0.206,  0.979,  0.976,  0.979,
mon_rep230616,2023-06-16T04:20:37,108.801,  0.100,1,0,255, 25.000,-11.924,-1787.795,-15.000, 13.310, 13.800,-25.331, 13.467, 13.310,  0.206,  0.978,  0.976,  0.978,
mon_rep230616,2023-06-16T04:20:37,108.901,  0.100,1,0,255, 25.000,-12.081,-1798.919,-15.000, 13.310, 13.800,-25.485, 13.463, 13.310,  0.206,  0.978,  0.976,  0.978,
mon_rep230616,2023-06-16T04:20:37,109.001,  0.100,1,0,255, 25.000,-12.235,-1809.760,-15.000, 13.310, 13.800,-25.634, 13.459, 13.310,  0.206,  0.977,  0.976,  0.977,
mon_rep230616,2023-06-16T04:20:37,109.101,  0.100,1,0,255, 25.000,-12.385,-1820.315,-15.000, 13.310, 13.800,-25.780, 13.455, 13.310,  0.206,  0.977,  0.976,  0.977,
mon_rep230616,2023-06-16T04:20:37,109.201,  0.100,1,0,255, 25.000,-12.530,-1830.583,-15.000, 13.310, 13.800,-25.922, 13.451, 13.310,  0.206,  0.976,  0.976,  0.976,
mon_rep230616,2023-06-16T04:20:37,109.301,  0.100,1,0,255, 25.000,-12.672,-1840.561,-15.000, 13.309, 13.800,-26.059, 13.447, 13.310,  0.206,  0.976,  0.976,  0.976,
mon_rep230616,2023-06-16T04:20:38,109.401,  0.100,1,0,255, 25.000,-12.810,-1850.249,-15.000, 13.309, 13.800,-26.193, 13.443, 13.310,  0.206,  0.975,  0.976,  0.975,
mon_rep230616,2023-06-16T04:20:38,109.501,  0.100,1,0,255, 25.000,-12.944,-1859.645,-15.000, 13.309, 13.800,-26.323, 13.439, 13.310,  0.206,  0.975,  0.976,  0.975,
mon_rep230616,2023-06-16T04:20:38,109.601,  0.100,1,0,255, 25.000,-13.073,-1868.747,-15.000, 13.309, 13.800,-26.448, 13.435, 13.310,  0.206,  0.975,  0.976,  0.975,
mon_rep230616,2023-06-16T04:20:38,109.701,  0.100,1,0,255, 25.000,-13.199,-1877.554,-15.000, 13.309, 13.800,-26.570, 13.431, 13.310,  0.206,  0.974,  0.976,  0.974,
mon_rep230616,2023-06-16T04:20:38,109.801,  0.100,1,0,255, 25.000,-13.321,-1886.064,-15.000, 13.309, 13.800,-26.687, 13.427, 13.310,  0.206,  0.974,  0.976,  0.974,
mon_rep230616,2023-06-16T04:20:38,109.901,  0.100,1,0,255, 25.000,-13.438,-1894.277,-15.000, 13.309, 13.800,-26.801, 13.422, 13.310,  0.206,  0.973,  0.976,  0.973,
mon_rep230616,2023-06-16T04:20:38,110.001,  0.100,1,0,255, 25.000,-13.552,-1902.190,-15.000, 13.309, 13.800,-26.910, 13.418, 13.310,  0.206,  0.973,  0.976,  0.973,
mon_rep230616,2023-06-16T04:20:38,110.101,  0.100,1,0,255, 25.000,-13.661,-1909.803,-15.000, 13.309, 13.800,-27.015, 13.414, 13.308,  0.106,  0.972,  0.966,  0.972,
mon_rep230616,2023-06-16T04:20:38,110.201,  0.100,1,0,255, 25.000,-13.766,-1917.115,-15.000, 13.309, 13.800,-27.116, 13.410, 13.308,  0.106,  0.972,  0.966,  0.972,
mon_rep230616,2023-06-16T04:20:38,110.301,  0.100,1,0,255, 25.000,-13.867,-1924.124,-15.000, 13.309, 13.800,-27.212, 13.406, 13.308,  0.106,  0.971,  0.966,  0.971,
mon_rep230616,2023-06-16T04:20:39,110.401,  0.100,1,0,255, 25.000,-13.964,-1930.828,-15.000, 13.309, 13.800,-27.305, 13.401, 13.308,  0.106,  0.971,  0.966,  0.971,
mon_rep230616,2023-06-16T04:20:39,110.501,  0.100,1,0,255, 25.000,-14.056,-1937.228,-15.000, 13.309, 13.800,-27.393, 13.397, 13.308,  0.106,  0.970,  0.966,  0.970,
mon_rep230616,2023-06-16T04:20:39,110.601,  0.100,1,0,255, 25.000,-14.145,-1943.323,-15.000, 13.309, 13.800,-27.477, 13.393, 13.308,  0.106,  0.970,  0.966,  0.970,
mon_rep230616,2023-06-16T04:20:39,110.701,  0.100,1,0,255, 25.000,-14.229,-1949.110,-15.000, 13.309, 13.800,-27.557, 13.388, 13.308,  0.106,  0.969,  0.966,  0.969,
mon_rep230616,2023-06-16T04:20:39,110.801,  0.100,1,0,255, 25.000,-14.309,-1954.589,-15.000, 13.309, 13.800,-27.633, 13.384, 13.308,  0.106,  0.969,  0.966,  0.969,
mon_rep230616,2023-06-16T04:20:39,110.901,  0.100,1,0,255, 25.000,-14.384,-1959.760,-15.000, 13.308, 13.800,-27.704, 13.380, 13.308,  0.106,  0.968,  0.966,  0.968,
mon_rep230616,2023-06-16T04:20:39,111.001,  0.100,1,0,255, 25.000,-14.456,-1964.621,-15.000, 13.308, 13.800,-27.771, 13.375, 13.308,  0.106,  0.968,  0.966,  0.968,
mon_rep230616,2023-06-16T04:20:39,111.101,  0.100,1,0,255, 25.000,-14.523,-1969.172,-15.000, 13.308, 13.800,-27.834, 13.371, 13.308,  0.106,  0.967,  0.966,  0.967,
mon_rep230616,2023-06-16T04:20:39,111.201,  0.100,1,0,255, 25.000,-14.586,-1973.412,-15.000, 13.308, 13.800,-27.893, 13.367, 13.308,  0.106,  0.967,  0.966,  0.967,
mon_rep230616,2023-06-16T04:20:39,111.301,  0.100,1,0,255, 25.000,-14.644,-1977.341,-15.000, 13.308, 13.800,-27.947, 13.362, 13.308,  0.106,  0.966,  0.966,  0.966,
mon_rep230616,2023-06-16T04:20:40,111.401,  0.100,1,0,255, 25.000,-14.699,-1980.957,-15.000, 13.308, 13.800,-27.997, 13.358, 13.308,  0.106,  0.966,  0.966,  0.966,
mon_rep230616,2023-06-16T04:20:40,111.501,  0.100,1,0,255, 25.000,-14.749,-1984.261,-15.000, 13.308, 13.800,-28.042, 13.354, 13.308,  0.106,  0.965,  0.966,  0.965,
mon_rep230616,2023-06-16T04:20:40,111.601,  0.100,1,0,255, 25.000,-14.794,-1987.251,-15.000, 13.308, 13.800,-28.084, 13.349, 13.308,  0.106,  0.965,  0.966,  0.965,
mon_rep230616,2023-06-16T04:20:40,111.701,  0.100,1,0,255, 25.000,-14.836,-1989.927,-15.000, 13.308, 13.800,-28.121, 13.345, 13.308,  0.106,  0.964,  0.966,  0.964,
mon_rep230616,2023-06-16T04:20:40,111.801,  0.100,1,0,255, 25.000,-14.873,-1992.289,-15.000, 13.308, 13.800,-28.153, 13.340, 13.308,  0.106,  0.964,  0.966,  0.964,
mon_rep230616,2023-06-16T04:20:40,111.901,  0.100,1,0,255, 25.000,-14.905,-1994.337,-15.000, 13.308, 13.800,-28.181, 13.336, 13.308,  0.106,  0.963,  0.966,  0.963,
mon_rep230616,2023-06-16T04:20:40,112.001,  0.100,1,0,255, 25.000,-14.934,-1996.069,-15.000, 13.308, 13.800,-28.205, 13.332, 13.308,  0.106,  0.963,  0.966,  0.963,
mon_rep230616,2023-06-16T04:20:40,112.101,  0.100,1,0,255, 25.000,-14.958,-1997.486,-15.000, 13.308, 13.800,-28.225, 13.327, 13.307,  0.021,  0.962,  0.955,  0.962,
mon_rep230616,2023-06-16T04:20:40,112.201,  0.100,1,0,255, 25.000,-14.977,-1998.588,-15.000, 13.308, 13.800,-28.240, 13.323, 13.307,  0.021,  0.962,  0.955,  0.962,
mon_rep230616,2023-06-16T04:20:40,112.301,  0.100,1,0,255, 25.000,-14.993,-1999.375,-15.000, 13.308, 13.800,-28.251, 13.318, 13.307,  0.021,  0.962,  0.955,  0.962,
mon_rep230616,2023-06-16T04:20:41,112.401,  0.100,1,0,255, 25.000,-15.003,-1999.845,-15.000, 13.307, 13.800,-28.257, 13.314, 13.307,  0.021,  0.961,  0.955,  0.961,
mon_rep230616,2023-06-16T04:20:41,112.501,  0.100,1,0,255, 25.000,-15.010,-2000.000,-15.000, 13.307, 13.800,-28.260, 13.309, 13.307,  0.021,  0.961,  0.955,  0.961,
mon_rep230616,2023-06-16T04:20:41,112.601,  0.100,1,0,255, 25.000,-15.012,-1999.839,-15.000, 13.307, 13.800,-28.257, 13.305, 13.307,  0.021,  0.960,  0.955,  0.960,
mon_rep230616,2023-06-16T04:20:41,112.701,  0.100,1,0,255, 25.000,-15.010,-1999.362,-15.000, 13.307, 13.800,-28.251, 13.301, 13.307,  0.021,  0.960,  0.955,  0.960,
mon_rep230616,2023-06-16T04:20:41,112.801,  0.100,1,0,255, 25.000,-15.004,-1998.570,-15.000, 13.307, 13.800,-28.240, 13.296, 13.307,  0.021,  0.959,  0.955,  0.959,
mon_rep230616,2023-06-16T04:20:41,112.901,  0.100,1,0,255, 25.000,-14.993,-1997.461,-15.000, 13.307, 13.800,-28.224, 13.292, 13.307,  0.021,  0.959,  0.955,  0.959,
mon_rep230616,2023-06-16T04:20:41,113.001,  0.100,1,0,255, 25.000,-14.977,-1996.038,-15.000, 13.307, 13.800,-28.205, 13.287, 13.307,  0.021,  0.958,  0.955,  0.958,
mon_rep230616,2023-06-16T04:20:41,113.101,  0.100,1,0,255, 25.000,-14.958,-1994.299,-15.000, 13.307, 13.800,-28.181, 13.283, 13.307,  0.021,  0.958,  0.955,  0.958,
mon_rep230616,2023-06-16T04:20:41,113.201,  0.100,1,0,255, 25.000,-14.934,-1992.245,-15.000, 13.307, 13.800,-28.153, 13.279, 13.307,  0.021,  0.957,  0.955,  0.957,
mon_rep230616,2023-06-16T04:20:41,113.301,  0.100,1,0,255, 25.000,-14.906,-1989.877,-15.000, 13.307, 13.800,-28.120, 13.274, 13.307,  0.021,  0.957,  0.955,  0.957,
mon_rep230616,2023-06-16T04:20:42,113.401,  0.100,1,0,255, 25.000,-14.873,-1987.194,-15.000, 13.307, 13.800,-28.083, 13.270, 13.307,  0.021,  0.956,  0.955,  0.956,
mon_rep230616,2023-06-16T04:20:42,113.501,  0.100,1,0,255, 25.000,-14.836,-1984.198,-15.000, 13.307, 13.800,-28.041, 13.265, 13.307,  0.021,  0.956,  0.955,  0.956,
mon_rep230616,2023-06-16T04:20:42,113.601,  0.100,1,0,255, 25.000,-14.795,-1980.888,-15.000, 13.307, 13.800,-27.996, 13.261, 13.307,  0.021,  0.955,  0.955,  0.955,
mon_rep230616,2023-06-16T04:20:42,113.701,  0.100,1,0,255, 25.000,-14.749,-1977.266,-15.000, 13.307, 13.800,-27.946, 13.257, 13.307,  0.021,  0.955,  0.955,  0.955,
mon_rep230616,2023-06-16T04:20:42,113.801,  0.100,1,0,255, 25.000,-14.699,-1973.331,-15.000, 13.307, 13.800,-27.891, 13.252, 13.307,  0.021,  0.954,  0.955,  0.954,
mon_rep230616,2023-06-16T04:20:42,113.901,  0.100,1,0,255, 25.000,-14.645,-1969.085,-15.000, 13.306, 13.800,-27.833, 13.248, 13.307,  0.021,  0.954,  0.955,  0.954,
mon_rep230616,2023-06-16T04:20:42,114.001,  0.100,1,0,255, 25.000,-14.587,-1964.528,-15.000, 13.306, 13.800,-27.770, 13.243, 13.307,  0.021,  0.953,  0.955,  0.953,
mon_rep230616,2023-06-16T04:20:42,114.101,  0.100,1,0,255, 25.000,-14.524,-1959.660,-15.000, 13.306, 13.800,-27.703, 13.239, 13.305, -0.066,  0.953,  0.944,  0.953,
mon_rep230616,2023-06-16T04:20:42,114.201,  0.100,1,0,255, 25.000,-14.457,-1954.483,-15.000, 13.306, 13.800,-27.631, 13.235, 13.305, -0.066,  0.952,  0.944,  0.952,
mon_rep230616,2023-06-16T04:20:42,114.301,  0.100,1,0,255, 25.000,-14.385,-1948.998,-15.000, 13.306, 13.800,-27.556, 13.230, 13.305, -0.066,  0.952,  0.944,  0.952,
mon_rep230616,2023-06-16T04:20:43,114.401,  0.100,1,0,255, 25.000,-14.310,-1943.205,-15.000, 13.306, 13.800,-27.476, 13.226, 13.305, -0.066,  0.951,  0.944,  0.951,
mon_rep230616,2023-06-16T04:20:43,114.501,  0.100,1,0,255, 25.000,-14.230,-1937.104,-15.000, 13.306, 13.800,-27.392, 13.222, 13.305, -0.066,  0.951,  0.944,  0.951,
mon_rep230616,2023-06-16T04:20:43,114.601,  0.100,1,0,255, 25.000,-14.146,-1930.698,-15.000, 13.306, 13.800,-27.303, 13.218, 13.305, -0.066,  0.950,  0.944,  0.950,
mon_rep230616,2023-06-16T04:20:43,114.701,  0.100,1,0,255, 25.000,-14.057,-1923.987,-15.000, 13.306, 13.800,-27.211, 13.213, 13.305, -0.066,  0.950,  0.944,  0.950,
mon_rep230616,2023-06-16T04:20:43,114.801,  0.100,1,0,255, 25.000,-13.965,-1916.972,-15.000, 13.306, 13.800,-27.114, 13.209, 13.305, -0.066,  0.949,  0.944,  0.949,
mon_rep230616,2023-06-16T04:20:43,114.901,  0.100,1,0,255, 25.000,-13.868,-1909.655,-15.000, 13.306, 13.800,-27.013, 13.205, 13.305, -0.066,  0.949,  0.944,  0.949,
mon_rep230616,2023-06-16T04:20:43,115.001,  0.100,1,0,255, 25.000,-13.767,-1902.036,-15.000, 13.306, 13.800,-26.908, 13.201, 13.305, -0.066,  0.948,  0.944,  0.948,
mon_rep230616,2023-06-16T04:20:43,115.101,  0.100,1,0,255, 25.000,-13.662,-1894.116,-15.000, 13.306, 13.800,-26.798, 13.196, 13.305, -0.066,  0.948,  0.944,  0.948,
mon_rep230616,2023-06-16T04:20:43,115.201,  0.100,1,0,255, 25.000,-13.553,-1885.898,-15.000, 13.306, 13.800,-26.685, 13.192, 13.305, -0.066,  0.947,  0.944,  0.947,
mon_rep230616,2023-06-16T04:20:43,115.301,  0.100,1,0,255, 25.000,-13.439,-1877.382,-15.000, 13.306, 13.800,-26.567, 13.188, 13.305, -0.066,  0.947,  0.944,  0.947,
mon_rep230616,2023-06-16T04:20:44,115.401,  0.100,1,0,255, 25.000,-13.322,-1868.569,-15.000, 13.305, 13.800,-26.446, 13.184, 13.305, -0.066,  0.947,  0.944,  0.947,
mon_rep230616,2023-06-16T04:20:44,115.501,  0.100,1,0,255, 25.000,-13.200,-1859.461,-15.000, 13.305, 13.800,-26.320, 13.180, 13.305, -0.066,  0.946,  0.944,  0.946,
mon_rep230616,2023-06-16T04:20:44,115.601,  0.100,1,0,255, 25.000,-13.075,-1850.060,-15.000, 13.305, 13.800,-26.190, 13.176, 13.305, -0.066,  0.946,  0.944,  0.946,
mon_rep230616,2023-06-16T04:20:44,115.701,  0.100,1,0,255, 25.000,-12.945,-1840.366,-15.000, 13.305, 13.800,-26.057, 13.171, 13.305, -0.066,  0.945,  0.944,  0.945,
mon_rep230616,2023-06-16T04:20:44,115.801,  0.100,1,0,255, 25.000,-12.811,-1830.382,-15.000, 13.305, 13.800,-25.919, 13.167, 13.305, -0.066,  0.945,  0.944,  0.945,
mon_rep230616,2023-06-16T04:20:44,115.901,  0.100,1,0,255, 25.000,-12.674,-1820.109,-15.000, 13.305, 13.800,-25.777, 13.163, 13.305, -0.066,  0.944,  0.944,  0.944,
mon_rep230616,2023-06-16T04:20:44,116.001,  0.100,1,0,255, 25.000,-12.532,-1809.548,-15.000, 13.305, 13.800,-25.631, 13.159, 13.305, -0.066,  0.944,  0.944,  0.944,
mon_rep230616,2023-06-16T04:20:44,116.101,  0.100,1,0,255, 25.000,-12.386,-1798.701,-15.000, 13.305, 13.800,-25.482, 13.155, 13.304, -0.148,  0.943,  0.934,  0.943,
mon_rep230616,2023-06-16T04:20:44,116.201,  0.100,1,0,255, 25.000,-12.237,-1787.571,-15.000, 13.305, 13.800,-25.328, 13.151, 13.304, -0.148,  0.943,  0.934,  0.943,
mon_rep230616,2023-06-16T04:20:44,116.301,  0.100,1,0,255, 25.000,-12.083,-1776.158,-15.000, 13.305, 13.800,-25.171, 13.147, 13.304, -0.148,  0.943,  0.934,  0.943,
mon_rep230616,2023-06-16T04:20:45,116.401,  0.100,1,0,255, 25.000,-11.926,-1764.465,-15.000, 13.305, 13.800,-25.009, 13.143, 13.304, -0.148,  0.942,  0.934,  0.942,
mon_rep230616,2023-06-16T04:20:45,116.501,  0.100,1,0,255, 25.000,-11.764,-1752.493,-15.000, 13.305, 13.800,-24.844, 13.140, 13.304, -0.148,  0.942,  0.934,  0.942,
mon_rep230616,2023-06-16T04:20:45,116.601,  0.100,1,0,255, 25.000,-11.599,-1740.245,-15.000, 13.305, 13.800,-24.675, 13.136, 13.304, -0.148,  0.941,  0.934,  0.941,
mon_rep230616,2023-06-16T04:20:45,116.701,  0.100,1,0,255, 25.000,-11.430,-1727.721,-15.000, 13.305, 13.800,-24.502, 13.132, 13.304, -0.148,  0.941,  0.934,  0.941,
mon_rep230616,2023-06-16T04:20:45,116.801,  0.100,1,0,255, 25.000,-11.258,-1714.925,-15.000, 13.305, 13.800,-24.325, 13.128, 13.304, -0.148,  0.940,  0.934,  0.940,
mon_rep230616,2023-06-16T04:20:45,116.901,  0.100,1,0,255, 25.000,-11.081,-1701.858,-15.000, 13.305, 13.800,-24.145, 13.124, 13.304, -0.148,  0.940,  0.934,  0.940,
mon_rep230616,2023-06-16T04:20:45,117.001,  0.100,1,0,255, 25.000,-10.901,-1688.522,-15.000, 13.304, 13.800,-23.961, 13.120, 13.304, -0.148,  0.940,  0.934,  0.940,
mon_rep230616,2023-06-16T04:20:45,117.101,  0.100,1,0,255, 25.000,-10.717,-1674.920,-15.000, 13.304, 13.800,-23.773, 13.117, 13.304, -0.148,  0.939,  0.934,  0.939,
mon_rep230616,2023-06-16T04:20:45,117.201,  0.100,1,0,255, 25.000,-10.529,-1661.053,-15.000, 13.304, 13.800,-23.582, 13.113, 13.304, -0.148,  0.939,  0.934,  0.939,
mon_rep230616,2023-06-16T04:20:45,117.301,  0.100,1,0,255, 25.000,-10.338,-1646.924,-15.000, 13.304, 13.800,-23.387, 13.109, 13.304, -0.148,  0.938,  0.934,  0.938,
mon_rep230616,2023-06-16T04:20:46,117.401,  0.100,1,0,255, 25.000,-10.143,-1632.534,-15.000, 13.304, 13.800,-23.188, 13.106, 13.304, -0.148,  0.938,  0.934,  0.938,
mon_rep230616,2023-06-16T04:20:46,117.501,  0.100,1,0,255, 25.000, -9.944,-1617.887,-15.000, 13.304, 13.800,-22.986, 13.102, 13.304, -0.148,  0.938,  0.934,  0.938,
mon_rep230616,2023-06-16T04:20:46,117.601,  0.100,1,0,255, 25.000, -9.742,-1602.985,-15.000, 13.304, 13.800,-22.781, 13.098, 13.304, -0.148,  0.937,  0.934,  0.937,
mon_rep230616,2023-06-16T04:20:46,117.701,  0.100,1,0,255, 25.000, -9.537,-1587.829,-15.000, 13.304, 13.800,-22.572, 13.095, 13.304, -0.148,  0.937,  0.934,  0.937,
mon_rep230616,2023-06-16T04:20:46,117.801,  0.100,1,0,255, 25.000, -9.328,-1572.423,-15.000, 13.304, 13.800,-22.359, 13.091, 13.304, -0.148,  0.936,  0.934,  0.936,
mon_rep230616,2023-06-16T04:20:46,117.901,  0.100,1,0,255, 25.000, -9.115,-1556.768,-15.000, 13.304, 13.800,-22.143, 13.088, 13.304, -0.148,  0.936,  0.934,  0.936,
mon_rep230616,2023-06-16T04:20:46,118.001,  0.100,1,0,255, 25.000, -8.899,-1540.867,-15.000, 13.304, 13.800,-21.923, 13.084, 13.304, -0.148,  0.936,  0.934,  0.936,
mon_rep230616,2023-06-16T04:20:46,118.101,  0.100,1,0,255, 25.000, -8.680,-1524.724,-15.000, 13.304, 13.800,-21.701, 13.081, 13.302, -0.221,  0.935,  0.925,  0.935,
mon_rep230616,2023-06-16T04:20:46,118.201,  0.100,1,0,255, 25.000, -8.457,-1508.339,-15.000, 13.304, 13.800,-21.475, 13.078, 13.302, -0.221,  0.935,  0.925,  0.935,
mon_rep230616,2023-06-16T04:20:46,118.301,  0.100,1,0,255, 25.000, -8.231,-1491.716,-15.000, 13.304, 13.800,-21.245, 13.074, 13.302, -0.221,  0.934,  0.925,  0.934,
mon_rep230616,2023-06-16T04:20:47,118.401,  0.100,1,0,255, 25.000, -8.002,-1474.858,-15.000, 13.304, 13.800,-21.013, 13.071, 13.302, -0.221,  0.934,  0.925,  0.934,
mon_rep230616,2023-06-16T04:20:47,118.501,  0.100,1,0,255, 25.000, -7.769,-1457.767,-15.000, 13.304, 13.800,-20.777, 13.068, 13.302, -0.221,  0.934,  0.925,  0.934,
mon_rep230616,2023-06-16T04:20:47,118.601,  0.100,1,0,255, 25.000, -7.533,-1440.445,-15.000, 13.304, 13.800,-20.538, 13.065, 13.302, -0.221,  0.933,  0.925,  0.933,
mon_rep230616,2023-06-16T04:20:47,118.701,  0.100,1,0,255, 25.000, -7.294,-1422.896,-15.000, 13.304, 13.800,-20.295, 13.061, 13.302, -0.221,  0.933,  0.925,  0.933,
mon_rep230616,2023-06-16T04:20:47,118.801,  0.100,1,0,255, 25.000, -7.052,-1405.123,-15.000, 13.304, 13.800,-20.050, 13.058, 13.302, -0.221,  0.933,  0.925,  0.933,
mon_rep230616,2023-06-16T04:20:47,118.901,  0.100,1,0,255, 25.000, -6.807,-1387.127,-15.000, 13.303, 13.800,-19.802, 13.055, 13.302, -0.221,  0.932,  0.925,  0.932,
mon_rep230616,2023-06-16T04:20:47,119.001,  0.100,1,0,255, 25.000, -6.558,-1368.912,-15.000, 13.303, 13.800,-19.551, 13.052, 13.302, -0.221,  0.932,  0.925,  0.932,
mon_rep230616,2023-06-16T04:20:47,119.101,  0.100,1,0,255, 25.000, -6.307,-1350.482,-15.000, 13.303, 13.800,-19.296, 13.049, 13.302, -0.221,  0.932,  0.925,  0.932,
mon_rep230616,2023-06-16T04:20:47,119.201,  0.100,1,0,255, 25.000, -6.053,-1331.838,-15.000, 13.303, 13.800,-19.039, 13.046, 13.302, -0.221,  0.931,  0.925,  0.931,
mon_rep230616,2023-06-16T04:20:47,119.301,  0.100,1,0,255, 25.000, -5.796,-1312.983,-15.000, 13.303, 13.800,-18.779, 13.043, 13.302, -0.221,  0.931,  0.925,  0.931,
mon_rep230616,2023-06-16T04:20:48,119.401,  0.100,1,0,255, 25.000, -5.535,-1293.922,-15.000, 13.303, 13.800,-18.516, 13.040, 13.302, -0.221,  0.931,  0.925,  0.931,
mon_rep230616,2023-06-16T04:20:48,119.501,  0.100,1,0,255, 25.000, -5.272,-1274.656,-15.000, 13.303, 13.800,-18.250, 13.037, 13.302, -0.221,  0.930,  0.925,  0.930,
mon_rep230616,2023-06-16T04:20:48,119.601,  0.100,1,0,255, 25.000, -5.007,-1255.189,-15.000, 13.303, 13.800,-17.981, 13.034, 13.302, -0.221,  0.930,  0.925,  0.930,
mon_rep230616,2023-06-16T04:20:48,119.701,  0.100,1,0,255, 25.000, -4.738,-1235.523,-15.000, 13.303, 13.800,-17.710, 13.032, 13.302, -0.221,  0.930,  0.925,  0.930,
mon_rep230616,2023-06-16T04:20:48,119.801,  0.100,1,0,255, 25.000, -4.467,-1215.663,-15.000, 13.303, 13.800,-17.436, 13.029, 13.302, -0.221,  0.929,  0.925,  0.929,
mon_rep230616,2023-06-16T04:20:48,119.901,  0.100,1,0,255, 25.000, -4.193,-1195.610,-15.000, 13.303, 13.800,-17.159, 13.026, 13.302, -0.221,  0.929,  0.925,  0.929,
mon_rep230616,2023-06-16T04:20:48,120.001,  0.100,1,0,255, 25.000, -3.916,-1175.369,-15.000, 13.303, 13.800,-16.880, 13.024, 13.302, -0.221,  0.929,  0.925,  0.929,
mon_rep230616,2023-06-16T04:20:48,120.101,  0.100,1,0,255, 25.000, -3.637,-1154.942,-15.000, 13.303, 13.800,-16.598, 13.021, 13.302, -0.281,  0.929,  0.919,  0.929,
mon_rep230616,2023-06-16T04:20:48,120.201,  0.100,1,0,255, 25.000, -3.355,-1134.333,-15.000, 13.303, 13.800,-16.313, 13.018, 13.302, -0.281,  0.928,  0.919,  0.928,
mon_rep230616,2023-06-16T04:20:48,120.301,  0.100,1,0,255, 25.000, -3.070,-1113.544,-15.000, 13.303, 13.800,-16.026, 13.016, 13.302, -0.281,  0.928,  0.919,  0.928,
mon_rep230616,2023-06-16T04:20:49,120.401,  0.100,1,0,255, 25.000, -2.784,-1092.580,-15.000, 13.303, 13.800,-15.737, 13.013, 13.302, -0.281,  0.928,  0.919,  0.928,
mon_rep230616,2023-06-16T04:20:49,120.501,  0.100,1,0,255, 25.000, -2.494,-1071.443,-15.000, 13.303, 13.800,-15.445, 13.011, 13.302, -0.281,  0.928,  0.919,  0.928,
mon_rep230616,2023-06-16T04:20:49,120.601,  0.100,1,0,255, 25.000, -2.203,-1050.137,-15.000, 13.303, 13.800,-15.151, 13.009, 13.302, -0.281,  0.927,  0.919,  0.927,
mon_rep230616,2023-06-16T04:20:49,120.701,  0.100,1,0,255, 25.000, -1.909,-1028.665,-15.000, 13.303, 13.800,-14.855, 13.006, 13.302, -0.281,  0.927,  0.919,  0.927,
mon_rep230616,2023-06-16T04:20:49,120.801,  0.100,1,0,255, 25.000, -1.612,-1007.031,-15.000, 13.303, 13.800,-14.557, 13.004, 13.302, -0.281,  0.927,  0.919,  0.927,
mon_rep230616,2023-06-16T04:20:49,120.901,  0.100,1,0,255, 25.000, -1.314,-985.238,-15.000, 13.303, 13.800,-14.256, 13.002, 13.302, -0.281,  0.927,  0.919,  0.927,
mon_rep230616,2023-06-16T04:20:49,121.001,  0.100,1,0,255, 25.000, -1.013,-963.289,-15.000, 13.303, 13.800,-13.953, 13.000, 13.302, -0.281,  0.926,  0.919,  0.926,
mon_rep230616,2023-06-16T04:20:49,121.101,  0.100,1,0,255, 25.000, -0.710,-941.188,-15.000, 13.303, 13.800,-13.648, 12.998, 13.302, -0.281,  0.926,  0.919,  0.926,
mon_rep230616,2023-06-16T04:20:49,121.201,  0.100,1,0,255, 25.000, -0.405,-918.938,-15.000, 13.303, 13.800,-13.341, 12.995, 13.302, -0.281,  0.926,  0.919,  0.926,
mon_rep230616,2023-06-16T04:20:49,121.301,  0.100,1,0,255, 25.000, -0.098,-896.544,-15.000, 13.303, 13.800,-13.032, 12.993, 13.302, -0.281,  0.926,  0.919,  0.926,
mon_rep230616,2023-06-16T04:20:50,121.401,  0.100,1,0,255, 25.000,  0.211,-874.007,-15.000, 13.303, 13.800,-12.721, 12.991, 13.302, -0.281,  0.925,  0.919,  0.925,
mon_rep230616,2023-06-16T04:20:50,121.501,  0.100,1,0,255, 25.000,  0.522,-851.333,-15.000, 13.302, 13.800,-12.408, 12.990, 13.302, -0.281,  0.925,  0.919,  0.925,
mon_rep230616,2023-06-16T04:20:50,121.601,  0.100,1,0,255, 25.000,  0.834,-828.524,-15.000, 13.302, 13.800,-12.093, 12.988, 13.302, -0.281,  0.925,  0.919,  0.925,
mon_rep230616,2023-06-16T04:20:50,121.701,  0.100,1,0,255, 25.000,  1.149,-805.585,-15.000, 13.302, 13.800,-11.777, 12.986, 13.302, -0.281,  0.925,  0.919,  0.925,
mon_rep230616,2023-06-16T04:20:50,121.801,  0.100,1,0,255, 25.000,  1.466,-782.518,-15.000, 13.302, 13.800,-11.458, 12.984, 13.302, -0.281,  0.925,  0.919,  0.925,
mon_rep230616,2023-06-16T04:20:50,121.901,  0.100,1,0,255, 25.000,  1.784,-759.328,-15.000, 13.302, 13.800,-11.138, 12.982, 13.302, -0.281,  0.924,  0.919,  0.924,
mon_rep230616,2023-06-16T04:20:50,122.001,  0.100,1,0,255, 25.000,  2.104,-736.017,-15.000, 13.302, 13.800,-10.817, 12.981, 13.302, -0.281,  0.924,  0.919,  0.924,
mon_rep230616,2023-06-16T04:20:50,122.101,  0.100,1,0,255, 25.000,  2.426,-712.591,-15.000, 13.302, 13.800,-10.493, 12.979, 13.301, -0.322,  0.924,  0.915,  0.924,
mon_rep230616,2023-06-16T04:20:50,122.201,  0.100,1,0,255, 25.000,  2.749,-689.052,-15.000, 13.302, 13.800,-10.168, 12.977, 13.301, -0.322,  0.924,  0.915,  0.924,
mon_rep230616,2023-06-16T04:20:50,122.301,  0.100,1,0,255, 25.000,  3.074,-665.404,-15.000, 13.302, 13.800, -9.842, 12.976, 13.301, -0.322,  0.924,  0.915,  0.924,
mon_rep230616,2023-06-16T04:20:51,122.401,  0.100,1,0,255, 25.000,  3.400,-641.651,-15.000, 13.302, 13.800, -9.514, 12.974, 13.301, -0.322,  0.924,  0.915,  0.924,
mon_rep230616,2023-06-16T04:20:51,122.501,  0.100,1,0,255, 25.000,  3.728,-617.797,-15.000, 13.302, 13.800, -9.185, 12.973, 13.301, -0.322,  0.923,  0.915,  0.923,
mon_rep230616,2023-06-16T04:20:51,122.601,  0.100,1,0,255, 25.000,  4.057,-593.845,-15.000, 13.302, 13.800, -8.855, 12.972, 13.301, -0.322,  0.923,  0.915,  0.923,
mon_rep230616,2023-06-16T04:20:51,122.701,  0.100,1,0,255, 25.000,  4.388,-569.800,-15.000, 13.302, 13.800, -8.523, 12.970, 13.301, -0.322,  0.923,  0.915,  0.923,
mon_rep230616,2023-06-16T04:20:51,122.801,  0.100,1,0,255, 25.000,  4.719,-545.664,-15.000, 13.302, 13.800, -8.190, 12.969, 13.301, -0.322,  0.923,  0.915,  0.923,
mon_rep230616,2023-06-16T04:20:51,122.901,  0.100,1,0,255, 25.000,  5.052,-521.442,-15.000, 13.302, 13.800, -7.855, 12.968, 13.301, -0.322,  0.923,  0.915,  0.923,
mon_rep230616,2023-06-16T04:20:51,123.001,  0.100,1,0,255, 25.000,  5.387,-497.138,-15.000, 13.302, 13.800, -7.520, 12.967, 13.301, -0.322,  0.923,  0.915,  0.923,
mon_rep230616,2023-06-16T04:20:51,123.101,  0.100,1,0,255, 25.000,  5.722,-472.756,-15.000, 13.302, 13.800, -7.184, 12.966, 13.301, -0.322,  0.923,  0.915,  0.923,
mon_rep230616,2023-06-16T04:20:51,123.201,  0.100,1,0,255, 25.000,  6.059,-448.299,-15.000, 13.302, 13.800, -6.846, 12.965, 13.301, -0.322,  0.922,  0.915,  0.922,
mon_rep230616,2023-06-16T04:20:51,123.301,  0.100,1,0,255, 25.000,  6.396,-423.771,-15.000, 13.302, 13.800, -6.508, 12.964, 13.301, -0.322,  0.922,  0.915,  0.922,
mon_rep230616,2023-06-16T04:20:52,123.401,  0.100,1,0,255, 25.000,  6.734,-399.176,-15.000, 13.302, 13.800, -6.168, 12.963, 13.301, -0.322,  0.922,  0.915,  0.922,
mon_rep230616,2023-06-16T04:20:52,123.501,  0.100,1,0,255, 25.000,  7.074,-374.518,-15.000, 13.302, 13.800, -5.828, 12.962, 13.301, -0.322,  0.922,  0.915,  0.922,
mon_rep230616,2023-06-16T04:20:52,123.601,  0.100,1,0,255, 25.000,  7.414,-349.801,-15.000, 13.302, 13.800, -5.487, 12.961, 13.301, -0.322,  0.922,  0.915,  0.922,
mon_rep230616,2023-06-16T04:20:52,123.701,  0.100,1,0,255, 25.000,  7.755,-325.028,-15.000, 13.302, 13.800, -5.145, 12.960, 13.301, -0.322,  0.922,  0.915,  0.922,
mon_rep230616,2023-06-16T04:20:52,123.801,  0.100,1,0,255, 25.000,  8.097,-300.205,-15.000, 13.302, 13.800, -4.802, 12.959, 13.301, -0.322,  0.922,  0.915,  0.922,
mon_rep230616,2023-06-16T04:20:52,123.901,  0.100,1,0,255, 25.000,  8.440,-275.334,-15.000, 13.302, 13.800, -4.459, 12.959, 13.301, -0.322,  0.922,  0.915,  0.922,
mon_rep230616,2023-06-16T04:20:52,124.001,  0.100,1,0,255, 25.000,  8.783,-250.419,-15.000, 13.302, 13.800, -4.115, 12.958, 13.301, -0.322,  0.922,  0.915,  0.922,
mon_rep230616,2023-06-16T04:20:52,124.101,  0.100,1,0,255, 25.000,  9.127,-225.465,-15.000, 13.302, 13.800, -3.771, 12.958, 13.301, -0.343,  0.922,  0.913,  0.922,
mon_rep230616,2023-06-16T04:20:52,124.201,  0.100,1,0,255, 25.000,  9.471,-200.475,-15.000, 13.302, 13.800, -3.426, 12.957, 13.301, -0.343,  0.922,  0.913,  0.922,
mon_rep230616,2023-06-16T04:20:52,124.301,  0.100,1,0,255, 25.000,  9.816,-175.454,-15.000, 13.302, 13.800, -3.081, 12.957, 13.301, -0.343,  0.922,  0.913,  0.922,
mon_rep230616,2023-06-16T04:20:53,124.401,  0.100,1,0,255, 25.000, 10.161,-150.405,-15.000, 13.302, 13.800, -2.735, 12.956, 13.301, -0.343,  0.922,  0.913,  0.922,
mon_rep230616,2023-06-16T04:20:53,124.501,  0.100,1,0,255, 25.000, 10.507,-125.332,-15.000, 13.302, 13.800, -2.389, 12.956, 13.301, -0.343,  0.922,  0.913,  0.922,
mon_rep230616,2023-06-16T04:20:53,124.601,  0.100,1,0,255, 25.000, 10.853,-100.240,-15.000, 13.302, 13.800, -2.043, 12.956, 13.301, -0.343,  0.922,  0.913,  0.922,
mon_rep230616,2023-06-16T04:20:53,124.701,  0.100,1,0,255, 25.000, 11.199,-75.131,-15.000, 13.302, 13.800, -1.696, 12.955, 13.301, -0.343,  0.922,  0.913,  0.922,
mon_rep230616,2023-06-16T04:20:53,124.801,  0.100,1,0,255, 25.000, 11.546,-50.011,-15.000, 13.302, 13.800, -1.348, 12.954, 13.301, -0.343,  0.922,  0.913,  0.922,
mon_rep230616,2023-06-16T04:20:53,124.901,  0.100,1,0,255, 25.000, 11.894,-24.883,-15.000, 13.302, 13.800, -0.999, 12.953, 13.301, -0.343,  0.922,  0.913,  0.922,
mon_rep230616,2023-06-16T04:20:53,125.001,  0.100,1,0,255, 25.000, 12.243,  0.249,-15.000, 13.302, 13.800, -0.650, 12.953, 13.301, -0.343,  0.922,  0.913,  1.000,
mon_rep230616,2023-06-16T04:20:53,125.101,  0.100,1,0,255, 25.000, 12.592, 25.381,-15.000, 14.700, 13.800, -0.300, 12.953, 13.301, -0.343,  0.922,  0.913,  1.000,
mon_rep230616,2023-06-16T04:20:53,125.201,  0.100,1,0,255, 25.000, 12.943, 50.509,-15.000, 14.700, 13.800,  0.050, 12.953, 13.301, -0.343,  0.922,  0.913,  1.000,
mon_rep230616,2023-06-16T04:20:53,125.301,  0.100,1,0,255, 25.000, 13.294, 75.629,-15.000, 14.700, 13.800,  0.401, 12.953, 13.301, -0.343,  0.922,  0.913,  1.000,
mon_rep230616,2023-06-16T04:20:54,125.401,  0.100,1,0,255, 25.000, 13.646,100.738,-15.000, 14.700, 13.800,  0.752, 12.954, 13.301, -0.343,  0.922,  0.913,  1.000,
mon_rep230616,2023-06-16T04:20:54,125.501,  0.100,1,0,255, 25.000, 13.998,125.830,-15.000, 14.700, 13.800,  1.103, 12.955, 13.301, -0.343,  0.922,  0.913,  1.000,
mon_rep230616,2023-06-16T04:20:54,125.601,  0.100,1,0,255, 25.000, 14.351,150.902,-15.000, 14.700, 13.800,  1.455, 12.956, 13.301, -0.343,  0.922,  0.913,  1.000,
mon_rep230616,2023-06-16T04:20:54,125.701,  0.100,1,0,255, 25.000, 14.705,175.951,-15.000, 14.700, 13.800,  1.807, 12.958, 13.301, -0.343,  0.922,  0.913,  1.000,
mon_rep230616,2023-06-16T04:20:54,125.801,  0.100,1,0,255, 25.000, 15.059,200.971,-15.000, 14.700, 13.800,  2.159, 12.960, 13.301, -0.343,  0.922,  0.913,  1.000,
mon_rep230616,2023-06-16T04:20:54,125.901,  0.100,1,0,255, 25.000, 15.414,225.960,-15.000, 14.700, 13.800,  2.511, 12.962, 13.301, -0.343,  0.922,  0.913,  1.000,
mon_rep230616,2023-06-16T04:20:54,126.001,  0.100,1,0,255, 25.000, 15.768,250.914,-15.000, 14.700, 13.800,  2.864, 12.964, 13.301, -0.343,  0.922,  0.913,  1.000,
mon_rep230616,2023-06-16T04:20:54,126.101,  0.100,1,0,255, 25.000, 16.122,275.827,-15.000, 14.700, 13.800,  3.216, 12.966, 13.301, -0.335,  0.922,  0.915,  1.000,
mon_rep230616,2023-06-16T04:20:54,126.201,  0.100,1,0,255, 25.000, 16.476,300.698,-15.000, 14.700, 13.800,  3.569, 12.967, 13.301, -0.335,  0.922,  0.915,  1.000,
mon_rep230616,2023-06-16T04:20:54,126.301,  0.100,1,0,255, 25.000, 16.829,325.520,-15.000, 14.700, 13.800,  3.921, 12.968, 13.301, -0.335,  0.922,  0.915,  1.000,
mon_rep230616,2023-06-16T04:20:55,126.401,  0.100,1,0,255, 25.000, 17.182,350.291,-15.000, 14.700, 13.800,  4.273, 12.969, 13.301, -0.335,  0.922,  0.915,  1.000,
mon_rep230616,2023-06-16T04:20:55,126.501,  0.100,1,0,255, 25.000, 17.535,375.007,-15.000, 14.700, 13.800,  4.625, 12.970, 13.301, -0.335,  0.922,  0.915,  1.000,
mon_rep230616,2023-06-16T04:20:55,126.601,  0.100,1,0,255, 25.000, 17.887,399.664,-15.000, 14.700, 13.800,  4.976, 12.971, 13.301, -0.335,  0.922,  0.915,  1.000,
mon_rep230616,2023-06-16T04:20:55,126.701,  0.100,1,0,255, 25.000, 18.239,424.258,-15.000, 14.700, 13.800,  5.327, 12.972, 13.301, -0.335,  0.922,  0.915,  1.000,
mon_rep230616,2023-06-16T04:20:55,126.801,  0.100,1,0,255, 25.000, 18.591,448.784,-15.000, 14.700, 13.800,  5.678, 12.972, 13.301, -0.335,  0.923,  0.915,  1.000,
mon_rep230616,2023-06-16T04:20:55,126.901,  0.100,1,0,255, 25.000, 18.942,473.240,-15.000, 14.700, 13.800,  6.029, 12.973, 13.301, -0.335,  0.923,  0.915,  1.000,
mon_rep230616,2023-06-16T04:20:55,127.001,  0.100,1,0,255, 25.000, 19.293,497.621,-15.000, 14.700, 13.800,  6.378, 12.974, 13.301, -0.335,  0.923,  0.915,  1.000,
mon_rep230616,2023-06-16T04:20:55,127.101,  0.100,1,0,255, 25.000, 19.643,521.924,-15.000, 14.700, 13.800,  6.728, 12.976, 13.301, -0.335,  0.923,  0.915,  1.000,
mon_rep230616,2023-06-16T04:20:55,127.201,  0.100,1,0,255, 25.000, 19.993,546.144,-15.000, 14.700, 13.800,  7.076, 12.977, 13.301, -0.335,  0.923,  0.915,  1.000,
mon_rep230616,2023-06-16T04:20:55,127.301,  0.100,1,0,255, 25.000, 20.342,570.277,-15.000, 14.700, 13.800,  7.424, 12.978, 13.301, -0.335,  0.923,  0.915,  1.000,
mon_rep230616,2023-06-16T04:20:56,127.401,  0.100,1,0,255, 25.000, 20.691,594.321,-15.000, 14.700, 13.800,  7.772, 12.979, 13.301, -0.335,  0.923,  0.915,  1.000,
mon_rep230616,2023-06-16T04:20:56,127.501,  0.100,1,0,255, 25.000, 21.039,618.271,-15.000, 14.700, 13.800,  8.118, 12.981, 13.301, -0.335,  0.924,  0.915,  1.000,
mon_rep230616,2023-06-16T04:20:56,127.601,  0.100,1,0,255, 25.000, 21.386,642.123,-15.000, 14.700, 13.800,  8.464, 12.982, 13.301, -0.335,  0.924,  0.915,  1.000,
mon_rep230616,2023-06-16T04:20:56,127.701,  0.100,1,0,255, 25.000, 21.732,665.874,-15.000, 14.700, 13.800,  8.808, 12.984, 13.301, -0.335,  0.924,  0.915,  1.000,
mon_rep230616,2023-06-16T04:20:56,127.801,  0.100,1,0,255, 25.000, 22.078,689.520,-15.000, 14.700, 13.800,  9.152, 12.986, 13.301, -0.335,  0.924,  0.915,  1.000,
mon_rep230616,2023-06-16T04:20:56,127.901,  0.100,1,0,255, 25.000, 22.422,713.057,-15.000, 14.700, 13.800,  9.495, 12.987, 13.301, -0.335,  0.924,  0.915,  1.000,
mon_rep230616,2023-06-16T04:20:56,128.001,  0.100,1,0,255, 25.000, 22.766,736.481,-15.000, 14.700, 13.800,  9.837, 12.989, 13.301, -0.335,  0.924,  0.915,  1.000,
mon_rep230616,2023-06-16T04:20:56,128.101,  0.100,1,0,255, 25.000, 23.108,759.789,-15.000, 14.700, 13.800, 10.177, 12.991, 13.302, -0.311,  0.925,  0.919,  1.000,
mon_rep230616,2023-06-16T04:20:56,128.201,  0.100,1,0,255, 25.000, 23.449,782.977,-15.000, 14.700, 13.800, 10.516, 12.993, 13.302, -0.311,  0.925,  0.919,  1.000,
mon_rep230616,2023-06-16T04:20:56,128.301,  0.100,1,0,255, 25.000, 23.790,806.041,-15.000, 14.700, 13.800, 10.854, 12.995, 13.302, -0.311,  0.925,  0.919,  1.000,
mon_rep230616,2023-06-16T04:20:57,128.401,  0.100,1,0,255, 25.000, 24.128,828.978,-15.000, 14.700, 13.800, 11.191, 12.997, 13.302, -0.311,  0.925,  0.919,  1.000,
mon_rep230616,2023-06-16T04:20:57,128.501,  0.100,1,0,255, 25.000, 24.466,851.784,-15.000, 14.700, 13.800, 11.527, 13.000, 13.302, -0.311,  0.925,  0.919,  1.000,
mon_rep230616,2023-06-16T04:20:57,128.601,  0.100,1,0,255, 25.000, 24.802,874.456,-15.000, 14.700, 13.800, 11.861, 13.002, 13.302, -0.311,  0.926,  0.919,  1.000,
mon_rep230616,2023-06-16T04:20:57,128.701,  0.100,1,0,255, 25.000, 25.137,896.989,-15.000, 14.700, 13.800, 12.193, 13.004, 13.302, -0.311,  0.926,  0.919,  1.000,
mon_rep230616,2023-06-16T04:20:57,128.801,  0.100,1,0,255, 25.000, 25.471,919.381,-15.000, 14.700, 13.800, 12.524, 13.007, 13.302, -0.311,  0.926,  0.919,  1.000,
mon_rep230616,2023-06-16T04:20:57,128.901,  0.100,1,0,255, 25.000, 25.803,941.628,-15.000, 14.700, 13.800, 12.854, 13.009, 13.302, -0.311,  0.926,  0.919,  1.000,
mon_rep230616,2023-06-16T04:20:57,129.001,  0.100,1,0,255, 25.000, 26.133,963.726,-15.000, 14.700, 13.800, 13.182, 13.012, 13.302, -0.311,  0.927,  0.919,  1.000,
mon_rep230616,2023-06-16T04:20:57,129.101,  0.100,1,0,255, 25.000, 26.462,985.672,-15.000, 14.700, 13.800, 13.508, 13.015, 13.302, -0.311,  0.927,  0.919,  1.000,
mon_rep230616,2023-06-16T04:20:57,129.201,  0.100,1,0,255, 25.000, 26.790,1007.462,-15.000, 14.700, 13.800, 13.832, 13.017, 13.302, -0.311,  0.927,  0.919,  1.000,
mon_rep230616,2023-06-16T04:20:57,129.301,  0.100,1,0,255, 25.000, 27.115,1029.093,-15.000, 14.700, 13.800, 14.155, 13.020, 13.302, -0.311,  0.927,  0.919,  1.000,
mon_rep230616,2023-06-16T04:20:58,129.401,  0.100,1,0,255, 25.000, 27.439,1050.561,-15.000, 14.700, 13.800, 14.476, 13.023, 13.302, -0.311,  0.928,  0.919,  1.000,
mon_rep230616,2023-06-16T04:20:58,129.501,  0.100,1,0,255, 25.000, 27.761,1071.864,-15.000, 14.700, 13.800, 14.795, 13.026, 13.302, -0.311,  0.928,  0.919,  1.000,
mon_rep230616,2023-06-16T04:20:58,129.601,  0.100,1,0,255, 25.000, 28.081,1092.997,-15.000, 14.700, 13.800, 15.112, 13.029, 13.302, -0.311,  0.928,  0.919,  1.000,
mon_rep230616,2023-06-16T04:20:58,129.701,  0.100,1,0,255, 25.000, 28.399,1113.958,-15.000, 14.700, 13.800, 15.427, 13.032, 13.302, -0.311,  0.928,  0.919,  1.000,
mon_rep230616,2023-06-16T04:20:58,129.801,  0.100,1,0,255, 25.000, 28.715,1134.743,-15.000, 14.700, 13.800, 15.740, 13.036, 13.302, -0.311,  0.929,  0.919,  1.000,
mon_rep230616,2023-06-16T04:20:58,129.901,  0.100,1,0,255, 25.000, 29.029,1155.349,-15.000, 14.700, 13.800, 16.051, 13.039, 13.302, -0.311,  0.929,  0.919,  1.000,
mon_rep230616,2023-06-16T04:20:58,130.001,  0.100,1,0,255, 25.000, 29.342,1175.772,-15.000, 14.700, 13.800, 16.359, 13.042, 13.302, -0.311,  0.929,  0.919,  1.000,
mon_rep230616,2023-06-16T04:20:58,130.101,  0.100,1,0,255, 25.000, 29.652,1196.010,-15.000, 14.700, 13.800, 16.666, 13.046, 13.303, -0.257,  0.929,  0.926,  1.000,
mon_rep230616,2023-06-16T04:20:58,130.201,  0.100,1,0,255, 25.000, 29.959,1216.058,-15.000, 14.700, 13.800, 16.970, 13.049, 13.303, -0.257,  0.930,  0.926,  1.000,
mon_rep230616,2023-06-16T04:20:58,130.301,  0.100,1,0,255, 25.000, 30.265,1235.915,-15.000, 14.700, 13.800, 17.272, 13.053, 13.303, -0.257,  0.930,  0.926,  1.000,
mon_rep230616,2023-06-16T04:20:59,130.401,  0.100,1,0,255, 25.000, 30.568,1255.577,-15.000, 14.700, 13.800, 17.572, 13.056, 13.303, -0.257,  0.930,  0.926,  1.000,
mon_rep230616,2023-06-16T04:20:59,130.501,  0.100,1,0,255, 25.000, 30.869,1275.040,-15.000, 14.700, 13.800, 17.869, 13.060, 13.303, -0.257,  0.931,  0.926,  1.000,
mon_rep230616,2023-06-16T04:20:59,130.601,  0.100,1,0,255, 25.000, 31.168,1294.302,-15.000, 14.700, 13.800, 18.164, 13.064, 13.303, -0.257,  0.931,  0.926,  1.000,
mon_rep230616,2023-06-16T04:20:59,130.701,  0.100,1,0,255, 25.000, 31.464,1313.359,-15.000, 14.700, 13.800, 18.456, 13.068, 13.303, -0.257,  0.931,  0.926,  1.000,
mon_rep230616,2023-06-16T04:20:59,130.801,  0.100,1,0,255, 25.000, 31.758,1332.209,-15.000, 14.700, 13.800, 18.746, 13.072, 13.303, -0.257,  0.932,  0.926,  1.000,
mon_rep230616,2023-06-16T04:20:59,130.901,  0.100,1,0,255, 25.000, 32.049,1350.849,-15.000, 14.700, 13.800, 19.034, 13.075, 13.303, -0.257,  0.932,  0.926,  1.000,
mon_rep230616,2023-06-16T04:20:59,131.001,  0.100,1,0,255, 25.000, 32.338,1369.276,-15.000, 14.700, 13.800, 19.318, 13.080, 13.303, -0.257,  0.932,  0.926,  1.000,
mon_rep230616,2023-06-16T04:20:59,131.101,  0.100,1,0,255, 25.000, 32.624,1387.486,-15.000, 14.700, 13.800, 19.600, 13.084, 13.303, -0.257,  0.933,  0.926,  1.000,
mon_rep230616,2023-06-16T04:20:59,131.201,  0.100,1,0,255, 25.000, 32.907,1405.477,-15.000, 14.700, 13.800, 19.879, 13.088, 13.303, -0.257,  0.933,  0.926,  1.000,
mon_rep230616,2023-06-16T04:20:59,131.301,  0.100,1,0,255, 25.000, 33.188,1423.246,-15.000, 14.700, 13.800, 20.156, 13.093, 13.303, -0.257,  0.933,  0.926,  1.000,
mon_rep230616,2023-06-16T04:21:00,131.401,  0.100,1,0,255, 25.000, 33.467,1440.791,-15.000, 14.700, 13.800, 20.429, 13.097, 13.303, -0.257,  0.934,  0.926,  1.000,
mon_rep230616,2023-06-16T04:21:00,131.501,  0.100,1,0,255, 25.000, 33.742,1458.108,-15.000, 14.700, 13.800, 20.700, 13.102, 13.303, -0.257,  0.934,  0.926,  1.000,
mon_rep230616,2023-06-16T04:21:00,131.601,  0.100,1,0,255, 25.000, 34.015,1475.194,-15.000, 14.700, 13.800, 20.968, 13.107, 13.303, -0.257,  0.934,  0.926,  1.000,
mon_rep230616,2023-06-16T04:21:00,131.701,  0.100,1,0,255, 25.000, 34.286,1492.048,-15.000, 14.700, 13.800, 21.233, 13.113, 13.303, -0.257,  0.935,  0.926,  1.000,
mon_rep230616,2023-06-16T04:21:00,131.801,  0.100,1,0,255, 25.000, 34.553,1508.666,-15.000, 14.700, 13.800, 21.479, 13.134, 13.303, -0.257,  0.935,  0.926,  1.000,
mon_rep230616,2023-06-16T04:21:00,131.901,  0.100,1,0,255, 25.000, 34.802,1525.046,-15.000, 14.700, 13.800, 21.705, 13.157, 13.303, -0.257,  0.936,  0.926,  1.000,
mon_rep230616,2023-06-16T04:21:00,132.001,  0.100,1,0,255, 25.000, 35.031,1541.185,-15.000, 14.700, 13.800, 21.928, 13.163, 13.303, -0.257,  0.936,  0.926,  1.000,
mon_rep230616,2023-06-16T04:21:00,132.101,  0.100,1,0,255, 25.000, 35.258,1557.081,-15.000, 14.700, 13.800, 22.147, 13.171, 13.304, -0.132,  0.936,  0.934,  1.000,
mon_rep230616,2023-06-16T04:21:00,132.201,  0.100,1,0,255, 25.000, 35.485,1572.731,-15.000, 14.700, 13.800, 22.363, 13.182, 13.304, -0.132,  0.937,  0.934,  1.000,
mon_rep230616,2023-06-16T04:21:00,132.301,  0.100,1,0,255, 25.000, 35.713,1588.132,-15.000, 14.700, 13.800, 22.576, 13.198, 13.304, -0.132,  0.937,  0.934,  1.000,
mon_rep230616,2023-06-16T04:21:01,132.401,  0.100,1,0,255, 25.000, 35.940,1603.283,-15.000, 14.700, 13.800, 22.785, 13.215, 13.304, -0.132,  0.938,  0.934,  1.000,
mon_rep230616,2023-06-16T04:21:01,132.501,  0.100,1,0,255, 25.000, 36.149,1618.180,-15.000, 14.700, 13.800, 22.990, 13.219, 13.304, -0.132,  0.938,  0.934,  1.000,
mon_rep230616,2023-06-16T04:21:01,132.601,  0.100,1,0,255, 25.000, 36.355,1632.822,-15.000, 14.700, 13.800, 23.192, 13.222, 13.304, -0.132,  0.938,  0.934,  1.000,
mon_rep230616,2023-06-16T04:21:01,132.701,  0.100,1,0,255, 25.000, 36.557,1647.207,-15.000, 14.700, 13.800, 23.391, 13.226, 13.304, -0.132,  0.939,  0.934,  1.000,
mon_rep230616,2023-06-16T04:21:01,132.801,  0.100,1,0,255, 25.000, 36.755,1661.331,-15.000, 14.700, 13.800, 23.586, 13.229, 13.304, -0.132,  0.939,  0.934,  1.000,
mon_rep230616,2023-06-16T04:21:01,132.901,  0.100,1,0,255, 25.000, 36.950,1675.192,-15.000, 14.700, 13.800, 23.777, 13.233, 13.304, -0.132,  0.940,  0.934,  1.000,
mon_rep230616,2023-06-16T04:21:01,133.001,  0.100,1,0,255, 25.000, 37.142,1688.789,-15.000, 14.700, 13.800, 23.965, 13.237, 13.304, -0.132,  0.940,  0.934,  1.000,
mon_rep230616,2023-06-16T04:21:01,133.101,  0.100,1,0,255, 25.000, 37.329,1702.120,-15.000, 14.700, 13.800, 24.149, 13.240, 13.304, -0.132,  0.940,  0.934,  1.000,
mon_rep230616,2023-06-16T04:21:01,133.201,  0.100,1,0,255, 25.000, 37.513,1715.181,-15.000, 14.700, 13.800, 24.329, 13.244, 13.304, -0.132,  0.941,  0.934,  1.000,
mon_rep230616,2023-06-16T04:21:01,133.301,  0.100,1,0,255, 25.000, 37.694,1727.972,-15.000, 14.700, 13.800, 24.506, 13.248, 13.304, -0.132,  0.941,  0.934,  1.000,
mon_rep230616,2023-06-16T04:21:02,133.401,  0.100,1,0,255, 25.000, 37.870,1740.490,-15.000, 14.700, 13.800, 24.678, 13.252, 13.304, -0.132,  0.942,  0.934,  1.000,
mon_rep230616,2023-06-16T04:21:02,133.501,  0.100,1,0,255, 25.000, 38.043,1752.733,-15.000, 14.700, 13.800, 24.847, 13.256, 13.304, -0.132,  0.942,  0.934,  1.000,
mon_rep230616,2023-06-16T04:21:02,133.601,  0.100,1,0,255, 25.000, 38.212,1764.700,-15.000, 14.700, 13.800, 25.012, 13.260, 13.304, -0.132,  0.943,  0.934,  1.000,
mon_rep230616,2023-06-16T04:21:02,133.701,  0.100,1,0,255, 25.000, 38.377,1776.387,-15.000, 14.700, 13.800, 25.174, 13.264, 13.304, -0.132,  0.943,  0.934,  1.000,
mon_rep230616,2023-06-16T04:21:02,133.801,  0.100,1,0,255, 25.000, 38.539,1787.795,-15.000, 14.700, 13.800, 25.331, 13.267, 13.304, -0.132,  0.943,  0.934,  1.000,
mon_rep230616,2023-06-16T04:21:02,133.901,  0.100,1,0,255, 25.000, 38.696,1798.919,-15.000, 14.700, 13.800, 25.485, 13.271, 13.304, -0.132,  0.944,  0.934,  1.000,
mon_rep230616,2023-06-16T04:21:02,134.001,  0.100,1,0,255, 25.000, 38.850,1809.760,-15.000, 14.700, 13.800, 25.634, 13.275, 13.304, -0.132,  0.944,  0.934,  1.000,
mon_rep230616,2023-06-16T04:21:02,134.101,  0.100,1,0,255, 25.000, 38.999,1820.315,-15.000, 14.700, 13.800, 25.780, 13.279, 13.305, -0.026,  0.945,  0.945,  1.000,
mon_rep230616,2023-06-16T04:21:02,134.201,  0.100,1,0,255, 25.000, 39.145,1830.583,-15.000, 14.700, 13.800, 25.922, 13.283, 13.305, -0.026,  0.945,  0.945,  1.000,
mon_rep230616,2023-06-16T04:21:02,134.301,  0.100,1,0,255, 25.000, 39.287,1840.561,-15.000, 14.700, 13.800, 26.059, 13.287, 13.305, -0.026,  0.946,  0.945,  1.000,
mon_rep230616,2023-06-16T04:21:03,134.401,  0.100,1,0,255, 25.000, 39.424,1850.249,-15.000, 14.700, 13.800, 26.193, 13.292, 13.305, -0.026,  0.946,  0.945,  1.000,
mon_rep230616,2023-06-16T04:21:03,134.501,  0.100,1,0,255, 25.000, 39.558,1859.645,-15.000, 14.700, 13.800, 26.323, 13.296, 13.305, -0.026,  0.947,  0.945,  1.000,
mon_rep230616,2023-06-16T04:21:03,134.601,  0.100,1,0,255, 25.000, 39.688,1868.747,-15.000, 14.700, 13.800, 26.448, 13.300, 13.305, -0.026,  0.947,  0.945,  1.000,
mon_rep230616,2023-06-16T04:21:03,134.701,  0.100,1,0,255, 25.000, 39.814,1877.554,-15.000, 14.700, 13.800, 26.570, 13.304, 13.305, -0.026,  0.947,  0.945,  1.000,
mon_rep230616,2023-06-16T04:21:03,134.801,  0.100,1,0,255, 25.000, 39.935,1886.064,-15.000, 14.700, 13.800, 26.687, 13.308, 13.305, -0.026,  0.948,  0.945,  1.000,
mon_rep230616,2023-06-16T04:21:03,134.901,  0.100,1,0,255, 25.000, 40.053,1894.276,-15.000, 14.700, 13.800, 26.801, 13.312, 13.305, -0.026,  0.948,  0.945,  1.000,
mon_rep230616,2023-06-16T04:21:03,135.001,  0.100,1,0,255, 25.000, 40.166,1902.190,-15.000, 14.700, 13.800, 26.910, 13.316, 13.305, -0.026,  0.949,  0.945,  1.000,
mon_rep230616,2023-06-16T04:21:03,135.101,  0.100,1,0,255, 25.000, 40.275,1909.803,-15.000, 14.700, 13.800, 27.015, 13.321, 13.305, -0.026,  0.949,  0.945,  1.000,
mon_rep230616,2023-06-16T04:21:03,135.201,  0.100,1,0,255, 25.000, 40.381,1917.114,-15.000, 14.700, 13.800, 27.116, 13.325, 13.305, -0.026,  0.950,  0.945,  1.000,
mon_rep230616,2023-06-16T04:21:03,135.301,  0.100,1,0,255, 25.000, 40.481,1924.123,-15.000, 14.700, 13.800, 27.212, 13.329, 13.305, -0.026,  0.950,  0.945,  1.000,
mon_rep230616,2023-06-16T04:21:04,135.401,  0.100,1,0,255, 25.000, 40.578,1930.828,-15.000, 14.700, 13.800, 27.305, 13.333, 13.305, -0.026,  0.951,  0.945,  1.000,
mon_rep230616,2023-06-16T04:21:04,135.501,  0.100,1,0,255, 25.000, 40.671,1937.228,-15.000, 14.700, 13.800, 27.393, 13.338, 13.305, -0.026,  0.951,  0.945,  1.000,
mon_rep230616,2023-06-16T04:21:04,135.601,  0.100,1,0,255, 25.000, 40.759,1943.322,-15.000, 14.700, 13.800, 27.477, 13.342, 13.305, -0.026,  0.952,  0.945,  1.000,
mon_rep230616,2023-06-16T04:21:04,135.701,  0.100,1,0,255, 25.000, 40.843,1949.110,-15.000, 14.700, 13.800, 27.557, 13.346, 13.305, -0.026,  0.952,  0.945,  1.000,
mon_rep230616,2023-06-16T04:21:04,135.801,  0.100,1,0,255, 25.000, 40.923,1954.589,-15.000, 14.700, 13.800, 27.633, 13.351, 13.305, -0.026,  0.953,  0.945,  1.000,
mon_rep230616,2023-06-16T04:21:04,135.901,  0.100,1,0,255, 25.000, 40.999,1959.760,-15.000, 14.700, 13.800, 27.704, 13.355, 13.305, -0.026,  0.953,  0.945,  1.000,
mon_rep230616,2023-06-16T04:21:04,136.001,  0.100,1,0,255, 25.000, 41.070,1964.621,-15.000, 14.700, 13.800, 27.771, 13.359, 13.305, -0.026,  0.954,  0.945,  1.000,
mon_rep230616,2023-06-16T04:21:04,136.101,  0.100,1,0,255, 25.000, 41.138,1969.172,-15.000, 14.700, 13.800, 27.834, 13.364, 13.307,  0.057,  0.954,  0.956,  1.000,
mon_rep230616,2023-06-16T04:21:04,136.201,  0.100,1,0,255, 25.000, 41.200,1973.412,-15.000, 14.700, 13.800, 27.893, 13.368, 13.307,  0.057,  0.955,  0.956,  1.000,
mon_rep230616,2023-06-16T04:21:04,136.301,  0.100,1,0,255, 25.000, 41.259,1977.341,-15.000, 14.700, 13.800, 27.947, 13.372, 13.307,  0.057,  0.955,  0.956,  1.000,
mon_rep230616,2023-06-16T04:21:05,136.401,  0.100,1,0,255, 25.000, 41.313,1980.957,-15.000, 14.700, 13.800, 27.997, 13.377, 13.307,  0.057,  0.956,  0.956,  1.000,
mon_rep230616,2023-06-16T04:21:05,136.501,  0.100,1,0,255, 25.000, 41.363,1984.261,-15.000, 14.700, 13.800, 28.042, 13.381, 13.307,  0.057,  0.956,  0.956,  1.000,
mon_rep230616,2023-06-16T04:21:05,136.601,  0.100,1,0,255, 25.000, 41.409,1987.251,-15.000, 14.700, 13.800, 28.084, 13.385, 13.307,  0.057,  0.957,  0.956,  1.000,
mon_rep230616,2023-06-16T04:21:05,136.701,  0.100,1,0,255, 25.000, 41.450,1989.927,-15.000, 14.700, 13.800, 28.121, 13.390, 13.307,  0.057,  0.957,  0.956,  1.000,
mon_rep230616,2023-06-16T04:21:05,136.801,  0.100,1,0,255, 25.000, 41.487,1992.289,-15.000, 14.700, 13.800, 28.153, 13.394, 13.307,  0.057,  0.958,  0.956,  1.000,
mon_rep230616,2023-06-16T04:21:05,136.901,  0.100,1,0,255, 25.000, 41.520,1994.337,-15.000, 14.700, 13.800, 28.181, 13.399, 13.307,  0.057,  0.958,  0.956,  1.000,
mon_rep230616,2023-06-16T04:21:05,137.001,  0.100,1,0,255, 25.000, 41.548,1996.069,-15.000, 14.700, 13.800, 28.205, 13.403, 13.307,  0.057,  0.959,  0.956,  1.000,
mon_rep230616,2023-06-16T04:21:05,137.101,  0.100,1,0,255, 25.000, 41.572,1997.486,-15.000, 14.700, 13.800, 28.225, 13.407, 13.307,  0.057,  0.959,  0.956,  1.000,
mon_rep230616,2023-06-16T04:21:05,137.201,  0.100,1,0,255, 25.000, 41.592,1998.588,-15.000, 14.700, 13.800, 28.240, 13.412, 13.307,  0.057,  0.960,  0.956,  1.000,
mon_rep230616,2023-06-16T04:21:05,137.301,  0.100,1,0,255, 25.000, 41.607,1999.375,-15.000, 14.700, 13.800, 28.251, 13.416, 13.307,  0.057,  0.960,  0.956,  1.000,
mon_rep230616,2023-06-16T04:21:06,137.401,  0.100,1,0,255, 25.000, 41.618,1999.845,-15.000, 14.700, 13.800, 28.257, 13.421, 13.307,  0.057,  0.961,  0.956,  1.000,
mon_rep230616,2023-06-16T04:21:06,137.501,  0.100,1,0,255, 25.000, 41.625,2000.000,-15.000, 14.700, 13.800, 28.260, 13.425, 13.307,  0.057,  0.961,  0.956,  1.000,
mon_rep230616,2023-06-16T04:21:06,137.601,  0.100,1,0,255, 25.000, 41.627,1999.839,-15.000, 14.700, 13.800, 28.257, 13.430, 13.307,  0.057,  0.962,  0.956,  1.000,
mon_rep230616,2023-06-16T04:21:06,137.701,  0.100,1,0,255, 25.000, 41.625,1999.362,-15.000, 14.700, 13.800, 28.251, 13.434, 13.307,  0.057,  0.962,  0.956,  1.000,
mon_rep230616,2023-06-16T04:21:06,137.801,  0.100,1,0,255, 25.000, 41.618,1998.570,-15.000, 14.700, 13.800, 28.240, 13.438, 13.307,  0.057,  0.963,  0.956,  1.000,
mon_rep230616,2023-06-16T04:21:06,137.901,  0.100,1,0,255, 25.000, 41.607,1997.461,-15.000, 14.700, 13.800, 28.224, 13.443, 13.307,  0.057,  0.963,  0.956,  1.000,
mon_rep230616,2023-06-16T04:21:06,138.001,  0.100,1,0,255, 25.000, 41.592,1996.038,-15.000, 14.700, 13.800, 28.205, 13.447, 13.307,  0.057,  0.963,  0.956,  1.000,
mon_rep230616,2023-06-16T04:21:06,138.101,  0.100,1,0,255, 25.000, 41.573,1994.299,-15.000, 14.700, 13.800, 28.181, 13.452, 13.308,  0.143,  0.964,  0.967,  1.000,
mon_rep230616,2023-06-16T04:21:06,138.202,  0.101,1,0,255, 25.000, 41.549,1992.245,-15.000, 14.700, 13.800, 28.153, 13.456, 13.308,  0.143,  0.964,  0.967,  1.000,
mon_rep230616,2023-06-16T04:21:06,138.301,  0.099,1,0,255, 25.000, 41.520,1989.852,-15.000, 14.700, 13.800, 28.119, 13.461, 13.308,  0.143,  0.965,  0.967,  1.000,
mon_rep230616,2023-06-16T04:21:07,138.401,  0.100,1,0,255, 25.000, 41.487,1987.194,-15.000, 14.700, 13.800, 28.083, 13.465, 13.308,  0.143,  0.965,  0.967,  1.000,
mon_rep230616,2023-06-16T04:21:07,138.502,  0.101,1,0,255, 25.000, 41.451,1984.198,-15.000, 14.700, 13.800, 28.041, 13.469, 13.308,  0.143,  0.966,  0.967,  1.000,
mon_rep230616,2023-06-16T04:21:07,138.602,  0.100,1,0,255, 25.000, 41.409,1980.854,-15.000, 14.700, 13.800, 27.995, 13.474, 13.308,  0.143,  0.966,  0.967,  1.000,
mon_rep230616,2023-06-16T04:21:07,138.701,  0.099,1,0,255, 25.000, 41.363,1977.228,-15.000, 14.700, 13.800, 27.945, 13.478, 13.308,  0.143,  0.967,  0.967,  1.000,
mon_rep230616,2023-06-16T04:21:07,138.801,  0.100,1,0,255, 25.000, 41.313,1973.331,-15.000, 14.700, 13.800, 27.891, 13.482, 13.308,  0.143,  0.967,  0.967,  1.000,
mon_rep230616,2023-06-16T04:21:07,138.902,  0.101,1,0,255, 25.000, 41.260,1969.085,-15.000, 14.700, 13.800, 27.833, 13.487, 13.308,  0.143,  0.968,  0.967,  1.000,
mon_rep230616,2023-06-16T04:21:07,139.002,  0.100,1,0,255, 25.000, 41.201,1964.481,-15.000, 14.700, 13.800, 27.769, 13.492, 13.308,  0.143,  0.968,  0.967,  1.000,
mon_rep230616,2023-06-16T04:21:07,139.101,  0.099,1,0,255, 25.000, 41.138,1959.610,-15.000, 14.700, 13.800, 27.702, 13.496, 13.308,  0.143,  0.969,  0.967,  1.000,
mon_rep230616,2023-06-16T04:21:07,139.201,  0.100,1,0,255, 25.000, 41.071,1954.483,-15.000, 14.700, 13.800, 27.631, 13.499, 13.308,  0.143,  0.969,  0.967,  1.000,
mon_rep230616,2023-06-16T04:21:07,139.302,  0.101,1,0,255, 25.000, 41.000,1948.998,-15.000, 14.700, 13.800, 27.556, 13.504, 13.308,  0.143,  0.970,  0.967,  1.000,
mon_rep230616,2023-06-16T04:21:08,139.402,  0.100,1,0,255, 25.000, 40.924,1943.145,-15.000, 14.700, 13.800, 27.475, 13.509, 13.308,  0.143,  0.970,  0.967,  1.000,
mon_rep230616,2023-06-16T04:21:08,139.502,  0.100,1,0,255, 25.000, 40.844,1937.042,-15.000, 14.700, 13.800, 27.391, 13.513, 13.308,  0.143,  0.971,  0.967,  1.000,
mon_rep230616,2023-06-16T04:21:08,139.602,  0.100,1,0,255, 25.000, 40.759,1930.633,-15.000, 14.700, 13.800, 27.302, 13.517, 13.308,  0.143,  0.971,  0.967,  1.000,
mon_rep230616,2023-06-16T04:21:08,139.702,  0.100,1,0,255, 25.000, 40.671,1923.919,-15.000, 14.700, 13.800, 27.210, 13.521, 13.308,  0.143,  0.972,  0.967,  1.000,
mon_rep230616,2023-06-16T04:21:08,139.802,  0.100,1,0,255, 25.000, 40.578,1916.901,-15.000, 14.700, 13.800, 27.113, 13.526, 13.308,  0.143,  0.972,  0.967,  1.000,
mon_rep230616,2023-06-16T04:21:08,139.901,  0.099,1,0,255, 25.000, 40.482,1909.580,-15.000, 14.700, 13.800, 27.012, 13.530, 13.308,  0.143,  0.973,  0.967,  1.000,
mon_rep230616,2023-06-16T04:21:08,140.002,  0.101,1,0,255, 25.000, 40.381,1902.036,-15.000, 14.700, 13.800, 26.908, 13.533, 13.308,  0.143,  0.973,  0.967,  1.000,
mon_rep230616,2023-06-16T04:21:08,140.102,  0.100,1,0,255, 25.000, 40.277,1894.036,-15.000, 14.700, 13.800, 26.797, 13.539, 13.310,  0.230,  0.974,  0.977,  1.000,
mon_rep230616,2023-06-16T04:21:08,140.201,  0.099,1,0,255, 25.000, 40.166,1885.814,-15.000, 14.700, 13.800, 26.684, 13.543, 13.310,  0.230,  0.974,  0.977,  1.000,
mon_rep230616,2023-06-16T04:21:08,140.302,  0.101,1,0,255, 25.000, 40.053,1877.382,-15.000, 14.700, 13.800, 26.567, 13.545, 13.310,  0.230,  0.975,  0.977,  1.000,
mon_rep230616,2023-06-16T04:21:09,140.402,  0.100,1,0,255, 25.000, 39.937,1868.479,-15.000, 14.700, 13.800, 26.445, 13.552, 13.310,  0.230,  0.975,  0.977,  1.000,
mon_rep230616,2023-06-16T04:21:09,140.502,  0.100,1,0,255, 25.000, 39.814,1859.369,-15.000, 14.700, 13.800, 26.319, 13.555, 13.310,  0.230,  0.975,  0.977,  1.000,
mon_rep230616,2023-06-16T04:21:09,140.601,  0.099,1,0,255, 25.000, 39.688,1849.964,-15.000, 14.700, 13.800, 26.189, 13.559, 13.310,  0.230,  0.976,  0.977,  1.000,
mon_rep230616,2023-06-16T04:21:09,140.702,  0.101,1,0,255, 25.000, 39.558,1840.366,-15.000, 14.700, 13.800, 26.057, 13.562, 13.310,  0.230,  0.976,  0.977,  1.000,
mon_rep230616,2023-06-16T04:21:09,140.801,  0.099,1,0,255, 25.000, 39.426,1830.281,-15.000, 14.700, 13.800, 25.917, 13.569, 13.310,  0.230,  0.977,  0.977,  1.000,
mon_rep230616,2023-06-16T04:21:09,140.902,  0.101,1,0,255, 25.000, 39.287,1820.109,-15.000, 14.700, 13.800, 25.777, 13.570, 13.310,  0.230,  0.977,  0.977,  1.000,
mon_rep230616,2023-06-16T04:21:09,141.002,  0.100,1,0,255, 25.000, 39.147,1809.441,-15.000, 14.700, 13.800, 25.630, 13.577, 13.310,  0.230,  0.978,  0.977,  1.000,
mon_rep230616,2023-06-16T04:21:09,141.102,  0.100,1,0,255, 25.000, 38.999,1798.592,-15.000, 14.700, 13.800, 25.480, 13.579, 13.310,  0.230,  0.978,  0.977,  1.000,
mon_rep230616,2023-06-16T04:21:09,141.202,  0.100,1,0,255, 25.000, 38.850,1787.458,-15.000, 14.700, 13.800, 25.326, 13.583, 13.310,  0.230,  0.979,  0.977,  1.000,
mon_rep230616,2023-06-16T04:21:09,141.301,  0.099,1,0,255, 25.000, 38.696,1776.043,-15.000, 14.700, 13.800, 25.169, 13.587, 13.310,  0.230,  0.979,  0.977,  1.000,
mon_rep230616,2023-06-16T04:21:10,141.402,  0.101,1,0,255, 25.000, 38.539,1764.465,-15.000, 14.700, 13.800, 25.009, 13.590, 13.310,  0.230,  0.979,  0.977,  1.000,
mon_rep230616,2023-06-16T04:21:10,141.502,  0.100,1,0,255, 25.000, 38.379,1752.372,-15.000, 14.700, 13.800, 24.842, 13.597, 13.310,  0.230,  0.980,  0.977,  1.000,
mon_rep230616,2023-06-16T04:21:10,141.602,  0.100,1,0,255, 25.000, 38.212,1740.121,-15.000, 14.700, 13.800, 24.673, 13.599, 13.310,  0.230,  0.980,  0.977,  1.000,
mon_rep230616,2023-06-16T04:21:10,141.702,  0.100,1,0,255, 25.000, 38.043,1727.595,-15.000, 14.700, 13.800, 24.500, 13.603, 13.310,  0.230,  0.981,  0.977,  1.000,
mon_rep230616,2023-06-16T04:21:10,141.802,  0.100,1,0,255, 25.000, 37.874,1714.796,-15.000, 14.700, 13.800, 24.324, 13.611, 13.310,  0.230,  0.981,  0.977,  1.000,
mon_rep230616,2023-06-16T04:21:10,141.902,  0.100,1,0,255, 25.000, 37.705,1701.726,-15.000, 14.700, 13.800, 24.143, 13.622, 13.310,  0.230,  0.982,  0.977,  1.000,
mon_rep230616,2023-06-16T04:21:10,142.001,  0.099,1,0,255, 25.000, 37.532,1688.388,-15.000, 14.700, 13.800, 23.959, 13.633, 13.310,  0.230,  0.982,  0.977,  1.000,
mon_rep230616,2023-06-16T04:21:10,142.101,  0.100,1,0,255, 25.000, 37.355,1674.920,-15.000, 14.700, 13.800, 23.773, 13.642, 13.310,  0.230,  0.982,  0.977,  1.000,
mon_rep230616,2023-06-16T04:21:10,142.201,  0.100,1,0,255, 25.000, 37.177,1661.053,-15.000, 14.700, 13.800, 23.582, 13.655, 13.430,  0.225,  0.983,  0.987,  1.000,
mon_rep230616,2023-06-16T04:21:10,142.301,  0.100,1,0,255, 25.000, 36.993,1646.924,-15.000, 14.700, 13.800, 23.387, 13.666, 13.430,  0.225,  0.983,  0.987,  1.000,
mon_rep230616,2023-06-16T04:21:11,142.401,  0.100,1,0,255, 25.000, 36.805,1632.535,-15.000, 14.700, 13.800, 23.188, 13.676, 13.430,  0.225,  0.984,  0.987,  1.000,
mon_rep230616,2023-06-16T04:21:11,142.501,  0.100,1,0,255, 25.000, 36.613,1617.888,-15.000, 14.700, 13.800, 22.986, 13.687, 13.430,  0.225,  0.984,  0.987,  1.000,
mon_rep230616,2023-06-16T04:21:11,142.602,  0.101,1,0,255, 25.000, 36.418,1602.985,-15.000, 14.700, 13.800, 22.781, 13.697, 13.430,  0.225,  0.984,  0.987,  1.000,
mon_rep230616,2023-06-16T04:21:11,142.702,  0.100,1,0,255, 25.000, 36.219,1587.677,-15.000, 14.700, 13.800, 22.569, 13.710, 13.430,  0.225,  0.985,  0.987,  1.000,
mon_rep230616,2023-06-16T04:21:11,142.802,  0.100,1,0,255, 25.000, 36.015,1572.268,-15.000, 14.700, 13.800, 22.357, 13.718, 13.430,  0.225,  0.985,  0.987,  1.000,
mon_rep230616,2023-06-16T04:21:11,142.902,  0.100,1,0,255, 25.000, 35.809,1556.611,-15.000, 14.700, 13.800, 22.141, 13.728, 13.430,  0.225,  0.986,  0.987,  1.000,
mon_rep230616,2023-06-16T04:21:11,143.002,  0.100,1,0,255, 25.000, 35.600,1540.708,-15.000, 14.700, 13.800, 21.921, 13.739, 13.430,  0.225,  0.986,  0.987,  1.000,
mon_rep230616,2023-06-16T04:21:11,143.102,  0.100,1,0,255, 25.000, 35.387,1524.561,-15.000, 14.700, 13.800, 21.698, 13.749, 13.430,  0.225,  0.986,  0.987,  1.000,
mon_rep230616,2023-06-16T04:21:11,143.201,  0.099,1,0,255, 25.000, 35.171,1508.174,-15.000, 14.700, 13.800, 21.472, 13.759, 13.430,  0.225,  0.987,  0.987,  1.000,
mon_rep230616,2023-06-16T04:21:11,143.301,  0.100,1,0,255, 25.000, 34.951,1491.717,-15.000, 14.700, 13.800, 21.245, 13.766, 13.430,  0.225,  0.987,  0.987,  1.000,
mon_rep230616,2023-06-16T04:21:12,143.401,  0.100,1,0,255, 25.000, 34.731,1474.858,-15.000, 14.700, 13.800, 21.013, 13.778, 13.430,  0.225,  0.987,  0.987,  1.000,
mon_rep230616,2023-06-16T04:21:12,143.501,  0.100,1,0,255, 25.000, 34.504,1457.767,-15.000, 14.700, 13.800, 20.777, 13.788, 13.430,  0.225,  0.988,  0.987,  1.000,
mon_rep230616,2023-06-16T04:21:12,143.601,  0.100,1,0,255, 25.000, 34.275,1440.445,-15.000, 14.700, 13.800, 20.538, 13.797, 13.430,  0.225,  0.988,  0.987,  1.000,
mon_rep230616,2023-06-16T04:21:12,143.701,  0.100,1,0,255, 25.000, 34.042,1422.896,-15.000, 14.700, 13.800, 20.295, 13.806, 13.430,  0.225,  0.989,  0.987,  1.000,
mon_rep230616,2023-06-16T04:21:12,143.801,  0.100,1,0,255, 25.000, 33.806,1405.123,-15.000, 14.700, 13.800, 20.050, 13.816, 13.430,  0.225,  0.989,  0.987,  1.000,
mon_rep230616,2023-06-16T04:21:12,143.901,  0.100,1,0,255, 25.000, 33.567,1387.127,-15.000, 14.700, 13.800, 19.802, 13.825, 13.430,  0.225,  0.989,  0.987,  1.000,
mon_rep230616,2023-06-16T04:21:12,144.001,  0.100,1,0,255, 25.000, 33.324,1368.913,-15.000, 14.700, 13.800, 19.551, 13.834, 13.430,  0.225,  0.990,  0.987,  1.000,
mon_rep230616,2023-06-16T04:21:12,144.101,  0.100,1,0,255, 25.000, 33.079,1350.482,-15.000, 14.700, 13.800, 19.296, 13.843, 13.430,  0.225,  0.990,  0.987,  1.000,
mon_rep230616,2023-06-16T04:21:12,144.201,  0.100,1,0,255, 25.000, 32.830,1331.838,-15.000, 14.700, 13.800, 19.039, 13.852, 14.067, -0.215,  0.990,  0.993,  1.000,
mon_rep230616,2023-06-16T04:21:12,144.301,  0.100,1,0,255, 25.000, 32.579,1312.984,-15.000, 14.700, 13.800, 18.779, 13.860, 14.067, -0.215,  0.991,  0.993,  1.000,
mon_rep230616,2023-06-16T04:21:13,144.401,  0.100,1,0,255, 25.000, 32.324,1293.922,-15.000, 14.700, 13.800, 18.516, 13.869, 14.067, -0.215,  0.991,  0.993,  1.000,
mon_rep230616,2023-06-16T04:21:13,144.502,  0.101,1,0,255, 25.000, 32.098,1274.656,-15.000, 14.700, 13.800, 18.250, 13.908, 14.067, -0.215,  0.991,  0.993,  1.000,
mon_rep230616,2023-06-16T04:21:13,144.601,  0.099,1,0,255, 25.000, 31.870,1254.993,-15.000, 14.700, 13.800, 17.978, 13.952, 14.067, -0.215,  0.991,  0.993,  1.000,
mon_rep230616,2023-06-16T04:21:13,144.701,  0.100,1,0,255, 25.000, 31.637,1235.523,-15.000, 14.700, 13.800, 17.710, 13.987, 14.067, -0.215,  0.992,  0.993,  1.000,
mon_rep230616,2023-06-16T04:21:13,144.801,  0.100,1,0,255, 25.000, 31.405,1215.663,-15.000, 14.700, 13.800, 17.436, 14.029, 14.067, -0.215,  0.992,  0.993,  1.000,
mon_rep230616,2023-06-16T04:21:13,144.901,  0.100,1,0,255, 25.000, 31.167,1195.610,-15.000, 14.700, 13.800, 17.159, 14.068, 14.067, -0.215,  0.992,  0.993,  1.000,
mon_rep230616,2023-06-16T04:21:13,145.001,  0.100,1,0,255, 25.000, 30.926,1175.369,-15.000, 14.700, 13.800, 16.880, 14.106, 14.067, -0.215,  0.993,  0.993,  1.000,
mon_rep230616,2023-06-16T04:21:13,145.101,  0.100,1,0,255, 25.000, 30.682,1154.942,-15.000, 14.700, 13.800, 16.598, 14.144, 14.067, -0.215,  0.993,  0.993,  1.000,
mon_rep230616,2023-06-16T04:21:13,145.201,  0.100,1,0,255, 25.000, 30.434,1134.333,-15.000, 14.700, 13.800, 16.313, 14.181, 14.067, -0.215,  0.993,  0.993,  1.000,
mon_rep230616,2023-06-16T04:21:13,145.301,  0.100,1,0,255, 25.000, 30.184,1113.544,-15.000, 14.700, 13.800, 16.026, 14.217, 14.067, -0.215,  0.993,  0.993,  1.000,
mon_rep230616,2023-06-16T04:21:14,145.401,  0.100,1,0,255, 25.000, 29.930,1092.580,-15.000, 14.700, 13.800, 15.737, 14.253, 14.067, -0.215,  0.994,  0.993,  1.000,
mon_rep230616,2023-06-16T04:21:14,145.501,  0.100,1,0,255, 25.000, 29.673,1071.443,-15.000, 14.700, 13.800, 15.445, 14.288, 14.067, -0.215,  0.994,  0.993,  1.000,
mon_rep230616,2023-06-16T04:21:14,145.601,  0.100,1,0,255, 25.000, 29.414,1050.137,-15.000, 14.700, 13.800, 15.151, 14.322, 14.067, -0.215,  0.994,  0.993,  1.000,
mon_rep230616,2023-06-16T04:21:14,145.701,  0.100,1,0,255, 25.000, 29.151,1028.666,-15.000, 14.700, 13.800, 14.855, 14.356, 14.067, -0.215,  0.995,  0.993,  1.000,
mon_rep230616,2023-06-16T04:21:14,145.801,  0.100,1,0,255, 25.000, 28.885,1007.031,-15.000, 14.700, 13.800, 14.557, 14.389, 14.067, -0.215,  0.995,  0.993,  1.000,
mon_rep230616,2023-06-16T04:21:14,145.901,  0.100,1,0,255, 25.000, 28.617,985.238,-15.000, 14.700, 13.800, 14.256, 14.421, 14.067, -0.215,  0.995,  0.993,  1.000,
mon_rep230616,2023-06-16T04:21:14,146.001,  0.100,1,0,255, 25.000, 28.346,963.289,-15.000, 14.700, 13.800, 13.953, 14.453, 14.067, -0.215,  0.995,  0.993,  1.000,
mon_rep230616,2023-06-16T04:21:14,146.101,  0.100,1,0,255, 25.000, 28.071,941.188,-15.000, 14.700, 13.800, 13.648, 14.483, 14.067, -0.215,  0.996,  0.993,  1.000,
mon_rep230616,2023-06-16T04:21:14,146.201,  0.100,1,0,255, 25.000, 27.794,918.939,-15.000, 14.700, 13.800, 13.341, 14.514, 14.503,  0.010,  0.996,  0.998,  1.000,
mon_rep230616,2023-06-16T04:21:14,146.301,  0.100,1,0,255, 25.000, 27.515,896.544,-15.000, 14.700, 13.800, 13.032, 14.543, 14.503,  0.010,  0.996,  0.998,  1.000,
mon_rep230616,2023-06-16T04:21:15,146.401,  0.100,1,0,255, 25.000, 27.233,874.008,-15.000, 14.700, 13.800, 12.721, 14.572, 14.503,  0.010,  0.996,  0.998,  1.000,
mon_rep230616,2023-06-16T04:21:15,146.501,  0.100,1,0,255, 25.000, 26.948,851.333,-15.000, 14.700, 13.800, 12.408, 14.600, 14.503,  0.010,  0.996,  0.998,  1.000,
mon_rep230616,2023-06-16T04:21:15,146.601,  0.100,1,0,255, 25.000, 26.660,828.525,-15.000, 14.700, 13.800, 12.093, 14.627, 14.503,  0.010,  0.997,  0.998,  1.000,
mon_rep230616,2023-06-16T04:21:15,146.701,  0.100,1,0,255, 25.000, 26.370,805.585,-15.000, 14.700, 13.800, 11.777, 14.654, 14.503,  0.010,  0.997,  0.998,  1.000,
mon_rep230616,2023-06-16T04:21:15,146.801,  0.100,1,0,255, 25.000, 26.078,782.518,-15.000, 14.700, 13.800, 11.458, 14.679, 14.503,  0.010,  0.997,  0.998,  1.000,
mon_rep230616,2023-06-16T04:21:15,146.901,  0.100,1,0,255, 25.000, 25.783,759.328,-15.000, 14.700, 13.800, 11.138, 14.704, 14.503,  0.010,  0.997,  0.998,  1.000,
mon_rep230616,2023-06-16T04:21:15,147.001,  0.100,1,0,255, 25.000, 25.485,736.018,-15.000, 14.700, 13.800, 10.817, 14.729, 14.503,  0.010,  0.997,  0.998,  1.000,
mon_rep230616,2023-06-16T04:21:15,147.101,  0.100,1,0,255, 25.000, 25.186,712.591,-15.000, 14.700, 13.800, 10.493, 14.752, 14.503,  0.010,  0.998,  0.998,  1.000,
mon_rep230616,2023-06-16T04:21:15,147.201,  0.100,1,0,255, 25.000, 24.884,689.052,-15.000, 14.700, 13.800, 10.168, 14.775, 14.503,  0.010,  0.998,  0.998,  1.000,
mon_rep230616,2023-06-16T04:21:15,147.301,  0.100,1,0,255, 25.000, 24.579,665.404,-15.000, 14.700, 13.800,  9.842, 14.797, 14.503,  0.010,  0.998,  0.998,  1.000,
mon_rep230616,2023-06-16T04:21:16,147.401,  0.100,1,0,255, 25.000, 24.273,641.651,-15.000, 14.700, 13.800,  9.514, 14.818, 14.503,  0.010,  0.998,  0.998,  1.000,
mon_rep230616,2023-06-16T04:21:16,147.501,  0.100,1,0,255, 25.000, 23.964,617.797,-15.000, 14.700, 13.800,  9.185, 14.839, 14.503,  0.010,  0.998,  0.998,  1.000,
mon_rep230616,2023-06-16T04:21:16,147.601,  0.100,1,0,255, 25.000, 23.653,593.846,-15.000, 14.700, 13.800,  8.855, 14.859, 14.503,  0.010,  0.998,  0.998,  1.000,
mon_rep230616,2023-06-16T04:21:16,147.701,  0.100,1,0,255, 25.000, 23.341,569.800,-15.000, 14.700, 13.800,  8.523, 14.878, 14.503,  0.010,  0.998,  0.998,  1.000,
mon_rep230616,2023-06-16T04:21:16,147.801,  0.100,1,0,255, 25.000, 23.026,545.664,-15.000, 14.700, 13.800,  8.190, 14.896, 14.503,  0.010,  0.999,  0.998,  1.000,
mon_rep230616,2023-06-16T04:21:16,147.901,  0.100,1,0,255, 25.000, 22.709,521.443,-15.000, 14.700, 13.800,  7.855, 14.914, 14.503,  0.010,  0.999,  0.998,  1.000,
mon_rep230616,2023-06-16T04:21:16,148.001,  0.100,1,0,255, 25.000, 22.390,497.139,-15.000, 14.700, 13.800,  7.520, 14.930, 14.503,  0.010,  0.999,  0.998,  1.000,
mon_rep230616,2023-06-16T04:21:16,148.101,  0.100,1,0,255, 25.000, 22.070,472.756,-15.000, 14.700, 13.800,  7.184, 14.946, 14.503,  0.010,  0.999,  0.998,  1.000,
mon_rep230616,2023-06-16T04:21:16,148.201,  0.100,1,0,255, 25.000, 21.747,448.299,-15.000, 14.700, 13.800,  6.846, 14.961, 14.700,  0.261,  0.999,  1.000,  1.000,
mon_rep230616,2023-06-16T04:21:16,148.301,  0.100,1,0,255, 25.000, 21.423,423.771,-15.000, 14.700, 13.800,  6.508, 14.976, 14.700,  0.261,  0.999,  1.000,  1.000,
mon_rep230616,2023-06-16T04:21:17,148.401,  0.100,1,0,255, 25.000, 21.097,399.176,-15.000, 14.700, 13.800,  6.168, 14.989, 14.700,  0.261,  0.999,  1.000,  1.000,
mon_rep230616,2023-06-16T04:21:17,148.501,  0.100,1,0,255, 25.000, 20.770,374.518,-15.000, 14.700, 13.800,  5.828, 15.002, 14.700,  0.261,  0.999,  1.000,  1.000,
mon_rep230616,2023-06-16T04:21:17,148.601,  0.100,1,0,255, 25.000, 20.441,349.801,-15.000, 14.700, 13.800,  5.487, 15.014, 14.700,  0.261,  0.999,  1.000,  1.000,
mon_rep230616,2023-06-16T04:21:17,148.701,  0.100,1,0,255, 25.000, 20.110,325.029,-15.000, 14.700, 13.800,  5.145, 15.025, 14.700,  0.261,  1.000,  1.000,  1.000,
mon_rep230616,2023-06-16T04:21:17,148.801,  0.100,1,0,255, 25.000, 19.778,300.205,-15.000, 14.700, 13.800,  4.802, 15.036, 14.700,  0.261,  1.000,  1.000,  1.000,
mon_rep230616,2023-06-16T04:21:17,148.901,  0.100,1,0,255, 25.000, 19.444,275.334,-15.000, 14.700, 13.800,  4.459, 15.045, 14.700,  0.261,  1.000,  1.000,  1.000,
mon_rep230616,2023-06-16T04:21:17,149.001,  0.100,1,0,255, 25.000, 19.109,250.420,-15.000, 14.700, 13.800,  4.115, 15.054, 14.700,  0.261,  1.000,  1.000,  1.000,
mon_rep230616,2023-06-16T04:21:17,149.101,  0.100,1,0,255, 25.000, 18.773,225.466,-15.000, 14.700, 13.800,  3.771, 15.062, 14.700,  0.261,  1.000,  1.000,  1.000,
mon_rep230616,2023-06-16T04:21:17,149.201,  0.100,1,0,255, 25.000, 18.435,200.476,-15.000, 14.700, 13.800,  3.426, 15.069, 14.700,  0.261,  1.000,  1.000,  1.000,
mon_rep230616,2023-06-16T04:21:17,149.301,  0.100,1,0,255, 25.000, 18.097,175.455,-15.000, 14.700, 13.800,  3.081, 15.076, 14.700,  0.261,  1.000,  1.000,  1.000,
mon_rep230616,2023-06-16T04:21:18,149.401,  0.100,1,0,255, 25.000, 17.757,150.406,-15.000, 14.700, 13.800,  2.735, 15.081, 14.700,  0.261,  1.000,  1.000,  1.000,
mon_rep230616,2023-06-16T04:21:18,149.501,  0.100,1,0,255, 25.000, 17.415,125.333,-15.000, 14.700, 13.800,  2.389, 15.086, 14.700,  0.261,  1.000,  1.000,  1.000,
mon_rep230616,2023-06-16T04:21:18,149.601,  0.100,1,0,255, 25.000, 17.073,100.240,-15.000, 14.700, 13.800,  2.043, 15.090, 14.700,  0.261,  1.000,  1.000,  1.000,
mon_rep230616,2023-06-16T04:21:18,149.701,  0.100,1,0,255, 25.000, 16.730, 75.132,-15.000, 14.700, 13.800,  1.696, 15.094, 14.700,  0.261,  1.000,  1.000,  1.000,
mon_rep230616,2023-06-16T04:21:18,149.801,  0.100,1,0,255, 25.000, 16.385, 50.011,-15.000, 14.700, 13.800,  1.348, 15.097, 14.700,  0.261,  1.000,  1.000,  1.000,
mon_rep230616,2023-06-16T04:21:18,149.901,  0.100,1,0,255, 25.000, 16.039, 24.883,-15.000, 14.700, 13.800,  0.999, 15.099, 14.700,  0.261,  1.000,  1.000,  1.000,
mon_rep230616,2023-06-16T04:21:18,150.001,  0.100,1,0,255, 25.000, 15.691,  0.000,-15.000, 14.700, 13.800,  0.654, 15.097, 14.700,  0.261,  1.000,  1.000,  1.000,
mon_rep230616,2023-06-16T04:21:18,150.101,  0.100,1,0,255, 25.000, 15.225,  0.000,-15.000, 14.700, 13.800,  0.651, 14.634, 14.700,  0.261,  1.000,  1.000,  1.000,
mon_rep230616,2023-06-16T04:21:18,150.201,  0.100,1,0,255, 25.000, 15.222,  0.000,-15.000, 14.700, 13.800,  0.648, 14.634, 14.700, -0.066,  1.000,  1.000,  1.000,
mon_rep230616,2023-06-16T04:21:18,150.301,  0.100,1,0,255, 25.000, 15.220,  0.000,-15.000, 14.700, 13.800,  0.646, 14.634, 14.700, -0.066,  1.000,  1.000,  1.000,
mon_rep230616,2023-06-16T04:21:19,150.400,  0.099,1,0,255, 25.000, 15.217,  0.000,-15.000, 14.700, 13.800,  0.643, 14.634, 14.700, -0.066,  1.000,  1.000,  1.000,
mon_rep230616,2023-06-16T04:21:19,150.501,  0.101,1,0,255, 25.000, 15.215,  0.000,-15.000, 14.700, 13.800,  0.641, 14.634, 14.700, -0.066,  1.000,  1.000,  1.000,
mon_rep230616,2023-06-16T04:21:19,150.601,  0.100,1,0,255, 25.000, 15.212,  0.000,-15.000, 14.700, 13.800,  0.638, 14.634, 14.700, -0.066,  1.000,  1.000,  1.000,
mon_rep230616,2023-06-16T04:21:19,150.701,  0.100,1,0,255, 25.000, 15.210,  0.000,-15.000, 14.700, 13.800,  0.636, 14.634, 14.700, -0.066,  1.000,  1.000,  1.000,
mon_rep230616,2023-06-16T04:21:19,150.801,  0.100,1,0,255, 25.000, 15.207,  0.000,-15.000, 14.700, 13.800,  0.633, 14.634, 14.700, -0.066,  1.000,  1.000,  1.000,
mon_rep230616,2023-06-16T04:21:19,150.901,  0.100,1,0,255, 25.000, 15.204,  0.000,-15.000, 14.700, 13.800,  0.630, 14.634, 14.700, -0.066,  1.000,  1.000,  1.000,
mon_rep230616,2023-06-16T04:21:19,151.001,  0.100,1,0,255, 25.000, 15.202,  0.000,-15.000, 14.700, 13.800,  0.628, 14.634, 14.700, -0.066,  1.000,  1.000,  1.000,
mon_rep230616,2023-06-16T04:21:19,151.101,  0.100,1,0,255, 25.000, 15.199,  0.000,-15.000, 14.700, 13.800,  0.625, 14.634, 14.700, -0.066,  1.000,  1.000,  1.000,
mon_rep230616,2023-06-16T04:21:19,151.201,  0.100,1,0,255, 25.000, 15.197,  0.000,-15.000, 14.700, 13.800,  0.623, 14.634, 14.700, -0.066,  1.000,  1.000,  1.000,
mon_rep230616,2023-06-16T04:21:19,151.301,  0.100,1,0,255, 25.000, 15.194,  0.000,-15.000, 14.700, 13.800,  0.620, 14.634, 14.700, -0.066,  1.000,  1.000,  1.000,
mon_rep230616,2023-06-16T04:21:20,151.401,  0.100,1,0,255, 25.000, 15.192,  0.000,-15.000, 14.700, 13.800,  0.618, 14.634, 14.700, -0.066,  1.000,  1.000,  1.000,
mon_rep230616,2023-06-16T04:21:20,151.501,  0.100,1,0,255, 25.000, 15.189,  0.000,-15.000, 14.700, 13.800,  0.615, 14.634, 14.700, -0.066,  1.000,  1.000,  1.000,
mon_rep230616,2023-06-16T04:21:20,151.601,  0.100,1,0,255, 25.000, 15.187,  0.000,-15.000, 14.700, 13.800,  0.613, 14.634, 14.700, -0.066,  1.000,  1.000,  1.000,
mon_rep230616,2023-06-16T04:21:20,151.701,  0.100,1,0,255, 25.000, 15.184,  0.000,-15.000, 14.700, 13.800,  0.611, 14.634, 14.700, -0.066,  1.000,  1.000,  1.000,
mon_rep230616,2023-06-16T04:21:20,151.801,  0.100,1,0,255, 25.000, 15.182,  0.000,-15.000, 14.700, 13.800,  0.608, 14.634, 14.700, -0.066,  1.000,  1.000,  1.000,
mon_rep230616,2023-06-16T04:21:20,151.901,  0.100,1,0,255, 25.000, 15.180,  0.000,-15.000, 14.700, 13.800,  0.606, 14.634, 14.700, -0.066,  1.000,  1.000,  1.000,
mon_rep230616,2023-06-16T04:21:20,152.001,  0.100,1,0,255, 25.000, 15.177,  0.000,-15.000, 14.700, 13.800,  0.603, 14.634, 14.700, -0.066,  1.000,  1.000,  1.000,
mon_rep230616,2023-06-16T04:21:20,152.101,  0.100,1,0,255, 25.000, 15.175,  0.000,-15.000, 14.700, 13.800,  0.601, 14.634, 14.700, -0.066,  1.000,  1.000,  1.000,
mon_rep230616,2023-06-16T04:21:20,152.201,  0.100,1,0,255, 25.000, 15.172,  0.000,-15.000, 14.700, 13.800,  0.598, 14.634, 14.675, -0.041,  1.000,  1.000,  1.000,
mon_rep230616,2023-06-16T04:21:20,152.301,  0.100,1,0,255, 25.000, 15.170,  0.000,-15.000, 14.700, 13.800,  0.596, 14.634, 14.675, -0.041,  1.000,  1.000,  1.000,
mon_rep230616,2023-06-16T04:21:21,152.401,  0.100,1,0,255, 25.000, 15.167,  0.000,-15.000, 14.700, 13.800,  0.594, 14.634, 14.675, -0.041,  1.000,  1.000,  1.000,
mon_rep230616,2023-06-16T04:21:21,152.501,  0.100,1,0,255, 25.000, 15.165,  0.000,-15.000, 14.700, 13.800,  0.591, 14.634, 14.675, -0.041,  1.000,  1.000,  1.000,
mon_rep230616,2023-06-16T04:21:21,152.601,  0.100,1,0,255, 25.000, 15.163,  0.000,-15.000, 14.700, 13.800,  0.589, 14.634, 14.675, -0.041,  1.000,  1.000,  1.000,
mon_rep230616,2023-06-16T04:21:21,152.701,  0.100,1,0,255, 25.000, 15.160,  0.000,-15.000, 14.700, 13.800,  0.586, 14.634, 14.675, -0.041,  1.000,  1.000,  1.000,
mon_rep230616,2023-06-16T04:21:21,152.800,  0.099,1,0,255, 25.000, 15.158,  0.000,-15.000, 14.700, 13.800,  0.584, 14.634, 14.675, -0.041,  1.000,  1.000,  1.000,
mon_rep230616,2023-06-16T04:21:21,152.900,  0.100,1,0,255, 25.000, 15.156,  0.000,-15.000, 14.700, 13.800,  0.582, 14.634, 14.675, -0.041,  1.000,  1.000,  1.000,
mon_rep230616,2023-06-16T04:21:21,153.000,  0.100,1,0,255, 25.000, 15.153,  0.000,-15.000, 14.700, 13.800,  0.579, 14.634, 14.675, -0.041,  1.000,  1.000,  1.000,
mon_rep230616,2023-06-16T04:21:21,153.101,  0.101,1,0,255, 25.000, 15.151,  0.000,-15.000, 14.700, 13.800,  0.577, 14.634, 14.675, -0.041,  1.000,  1.000,  1.000,
mon_rep230616,2023-06-16T04:21:21,153.201,  0.100,1,0,255, 25.000, 15.149,  0.000,-15.000, 14.700, 13.800,  0.575, 14.634, 14.675, -0.041,  1.000,  1.000,  1.000,
mon_rep230616,2023-06-16T04:21:21,153.300,  0.099,1,0,255, 25.000, 15.146,  0.000,-15.000, 14.700, 13.800,  0.573, 14.634, 14.675, -0.041,  1.000,  1.000,  1.000,
mon_rep230616,2023-06-16T04:21:22,153.400,  0.100,1,0,255, 25.000, 15.144,  0.000,-15.000, 14.700, 13.800,  0.570, 14.634, 14.675, -0.041,  1.000,  1.000,  1.000,
mon_rep230616,2023-06-16T04:21:22,153.500,  0.100,1,0,255, 25.000, 15.142,  0.000,-15.000, 14.700, 13.800,  0.568, 14.634, 14.675, -0.041,  1.000,  1.000,  1.000,
mon_rep230616,2023-06-16T04:21:22,153.601,  0.101,1,0,255, 25.000, 15.139,  0.000,-15.000, 14.700, 13.800,  0.566, 14.634, 14.675, -0.041,  1.000,  1.000,  1.000,
mon_rep230616,2023-06-16T04:21:22,153.701,  0.100,1,0,255, 25.000, 15.137,  0.000,-15.000, 14.700, 13.800,  0.563, 14.634, 14.675, -0.041,  1.000,  1.000,  1.000,
mon_rep230616,2023-06-16T04:21:22,153.801,  0.100,1,0,255, 25.000, 15.135,  0.000,-15.000, 14.700, 13.800,  0.561, 14.634, 14.675, -0.041,  1.000,  1.000,  1.000,
mon_rep230616,2023-06-16T04:21:22,153.901,  0.100,1,0,255, 25.000, 15.133,  0.000,-15.000, 14.700, 13.800,  0.559, 14.634, 14.675, -0.041,  1.000,  1.000,  1.000,
mon_rep230616,2023-06-16T04:21:22,154.001,  0.100,1,0,255, 25.000, 15.130,  0.000,-15.000, 14.700, 13.800,  0.557, 14.634, 14.675, -0.041,  1.000,  1.000,  1.000,
mon_rep230616,2023-06-16T04:21:22,154.100,  0.099,1,0,255, 25.000, 15.128,  0.000,-15.000, 14.700, 13.800,  0.554, 14.634, 14.675, -0.041,  1.000,  1.000,  1.000,
mon_rep230616,2023-06-16T04:21:22,154.201,  0.101,1,0,255, 25.000, 15.126,  0.000,-15.000, 14.700, 13.800,  0.552, 14.634, 14.675, -0.041,  1.000,  1.000,  1.000,
mon_rep230616,2023-06-16T04:21:22,154.301,  0.100,1,0,255, 25.000, 15.124,  0.000,-15.000, 14.700, 13.800,  0.550, 14.634, 14.661, -0.028,  1.000,  1.000,  1.000,
mon_rep230616,2023-06-16T04:21:23,154.400,  0.099,1,0,255, 25.000, 15.121,  0.000,-15.000, 14.700, 13.800,  0.548, 14.634, 14.661, -0.028,  1.000,  1.000,  1.000,
mon_rep230616,2023-06-16T04:21:23,154.501,  0.101,1,0,255, 25.000, 15.119,  0.000,-15.000, 14.700, 13.800,  0.546, 14.634, 14.661, -0.028,  1.000,  1.000,  1.000,
mon_rep230616,2023-06-16T04:21:23,154.601,  0.100,1,0,255, 25.000, 15.117,  0.000,-15.000, 14.700, 13.800,  0.543, 14.634, 14.661, -0.028,  1.000,  1.000,  1.000,
mon_rep230616,2023-06-16T04:21:23,154.701,  0.100,1,0,255, 25.000, 15.115,  0.000,-15.000, 14.700, 13.800,  0.541, 14.634, 14.661, -0.028,  1.000,  1.000,  1.000,
mon_rep230616,2023-06-16T04:21:23,154.800,  0.099,1,0,255, 25.000, 15.113,  0.000,-15.000, 14.700, 13.800,  0.539, 14.634, 14.661, -0.028,  1.000,  1.000,  1.000,
mon_rep230616,2023-06-16T04:21:23,154.901,  0.101,1,0,255, 25.000, 15.111,  0.000,-15.000, 14.700, 13.800,  0.537, 14.634, 14.661, -0.028,  1.000,  1.000,  1.000,
