unit_m,  c_time,       chm_s,  Tb_s,Tbl_s,  vsat_s, voc_stat_s, dv_dyn_s, vb_s, ib_s, ib_in_s, ioc_s, sat_s, dq_s, soc_s, reset_s,
unit_sim,        85.106, 0, 25.00000,25.00000, 13.80000,14.50000,0.00000,14.30000,   0.000,  0.000,-16.216,  1,        0.0,   1.00000, 0, 
unit_sim,        85.306, 0, 25.00000,25.00000, 13.80000,14.50000,0.00000,14.30000,   0.000,  0.000,-16.216,  1,        0.0,   1.00000, 0, 
unit_sim,        85.506, 0, 25.00000,25.00000, 13.80000,14.50000,0.00000,14.30000,   0.000,  0.000,-16.216,  1,        0.0,   1.00000, 0, 
unit_sim,        85.706, 0, 25.00000,25.00000, 13.80000,14.50000,0.00000,14.30000,   0.000,  0.000,-16.216,  1,        0.0,   1.00000, 0, 
unit_sim,        85.906, 0, 25.00000,25.00000, 13.80000,14.50000,0.00000,14.30000,   0.000,  0.000,-16.216,  1,        0.0,   1.00000, 0, 
unit_sim,        86.106, 0, 25.00000,25.00000, 13.80000,14.50000,0.00000,14.30000,   0.000,  0.000,-16.216,  1,        0.0,   1.00000, 0, 
unit_sim,        86.306, 0, 25.00000,25.00000, 13.80000,14.50000,0.00000,14.30000,   0.000,  0.000,-16.216,  1,        0.0,   1.00000, 0, 
unit_sim,        86.506, 0, 25.00000,25.00000, 13.80000,14.50000,0.00000,14.30000,   0.000,  0.000,-16.216,  1,        0.0,   1.00000, 0, 
unit_sim,        86.706, 0, 25.00000,25.00000, 13.80000,14.50000,0.00000,14.30000,   0.000,  0.000,-16.216,  1,        0.0,   1.00000, 0, 
unit_sim,        86.906, 0, 25.00000,25.00000, 13.80000,14.50000,0.00000,14.30000,   0.000,  0.000,-16.216,  1,        0.0,   1.00000, 0, 
unit_sim,        87.106, 0, 25.00000,25.00000, 13.80000,14.50000,0.00000,14.30000,   0.000,  0.000,-16.216,  1,        0.0,   1.00000, 0, 
unit_sim,        87.306, 0, 25.00000,25.00000, 13.80000,14.50000,0.00000,14.30000,   0.000,  0.000,-16.216,  1,        0.0,   1.00000, 0, 
unit_sim,        87.506, 0, 25.00000,25.00000, 13.80000,14.50000,0.00000,14.30000,   0.000,  0.000,-16.216,  1,        0.0,   1.00000, 0, 
unit_sim,        87.706, 0, 25.00000,25.00000, 13.80000,14.50000,0.00000,14.30000,   0.000,  0.000,-16.216,  1,        0.0,   1.00000, 0, 
unit_sim,        87.906, 0, 25.00000,25.00000, 13.80000,14.50000,0.00000,14.30000,   0.000,  0.000,-16.216,  1,        0.0,   1.00000, 0, 
unit_sim,        88.106, 0, 25.00000,25.00000, 13.80000,14.50000,0.00000,14.30000,   0.000,  0.000,-16.216,  1,        0.0,   1.00000, 0, 
unit_sim,        88.306, 0, 25.00000,25.00000, 13.80000,14.50000,0.00000,14.30000,   0.000,  0.000,-16.216,  1,        0.0,   1.00000, 0, 
unit_sim,        88.506, 0, 25.00000,25.00000, 13.80000,14.50000,0.00000,14.30000,   0.000,  0.000,-16.216,  1,        0.0,   1.00000, 0, 
unit_sim,        88.706, 0, 25.00000,25.00000, 13.80000,14.50000,0.00000,14.30000,   0.000,  0.000,-16.216,  1,        0.0,   1.00000, 0, 
unit_sim,        88.906, 0, 25.00000,25.00000, 13.80000,14.50000,0.00000,14.30000,   0.000,  0.000,-16.216,  1,        0.0,   1.00000, 0, 
unit_sim,        89.106, 0, 25.00000,25.00000, 13.80000,14.50000,0.00000,14.30000,   0.000,  0.000,-16.216,  1,        0.0,   1.00000, 0, 
unit_sim,        89.306, 0, 25.00000,25.00000, 13.80000,14.50000,0.00000,14.30000,   0.000,  0.000,-16.216,  1,        0.0,   1.00000, 0, 
unit_sim,        89.506, 0, 25.00000,25.00000, 13.80000,14.50000,0.00000,14.30000,   0.000,  0.000,-16.216,  1,        0.0,   1.00000, 0, 
unit_sim,        89.706, 0, 25.00000,25.00000, 13.80000,14.50000,0.00000,14.30000,   0.000,  0.000,-16.216,  1,        0.0,   1.00000, 0, 
unit_sim,        89.906, 0, 25.00000,25.00000, 13.80000,14.50000,0.00000,14.30000,   0.000,  0.000,-16.216,  1,        0.0,   1.00000, 0, 
unit_sim,        90.106, 0, 25.00000,25.00000, 13.80000,14.50000,0.00000,14.30000,   0.000,  0.000,-16.216,  1,        0.0,   1.00000, 0, 
unit_sim,        90.306, 0, 25.00000,25.00000, 13.80000,14.50000,0.00000,14.30000,   0.000,  0.000,-16.216,  1,        0.0,   1.00000, 0, 
unit_sim,        90.506, 0, 25.00000,25.00000, 13.80000,14.50000,0.00000,14.30000,   0.000,-25.132,-16.216,  1,       -2.5,   0.99999, 0, 
unit_sim,        90.706, 0, 25.00000,25.00000, 13.80000,14.49674,-0.17112,14.12562, -50.260,-75.380,-16.216,  1,      -15.1,   0.99996, 0, 
unit_sim,        90.906, 0, 25.00000,25.00000, 13.80000,14.48911,-0.38830,13.90081, -100.489,-125.581,-16.217,  1,      -37.7,   0.99990, 0, 
unit_sim,        91.106, 0, 25.00000,25.00000, 13.80000,14.47714,-0.61747,13.65967, -150.654,-175.702,-16.217,  1,      -70.3,   0.99980, 0, 
unit_sim,        91.306, 0, 25.00000,25.00000, 13.80000,14.46083,-0.85001,13.41082, -200.723,-225.713,-16.218,  1,     -113.0,   0.99969, 0, 
unit_sim,        91.506, 0, 25.00000,25.00000, 13.80000,14.44018,-1.08364,13.15655, -250.666,-275.581,-16.219,  1,     -165.6,   0.99954, 0, 
unit_sim,        91.706, 0, 25.00000,25.00000, 13.80000,14.41523,-1.31768,12.89754, -300.451,-325.274,-16.221,  1,     -228.2,   0.99937, 0, 
unit_sim,        91.906, 0, 25.00000,25.00000, 13.80000,14.38597,-1.55186,12.63411, -350.046,-374.763,-16.222,  1,     -300.6,   0.99916, 0, 
unit_sim,        92.106, 0, 25.00000,25.00000, 13.80000,14.35242,-1.78599,12.36643, -399.420,-424.014,-16.224,  1,     -383.0,   0.99894, 0, 
unit_sim,        92.306, 0, 25.00000,25.00000, 13.80000,14.31460,-2.01990,12.09470, -448.542,-472.998,-16.226,  1,     -475.1,   0.99868, 0, 
unit_sim,        92.506, 0, 25.00000,25.00000, 13.80000,14.27255,-2.25346,11.81909, -497.380,-521.683,-16.228,  1,     -577.0,   0.99840, 0, 
unit_sim,        92.706, 0, 25.00000,25.00000, 13.80000,14.22629,-2.48650,11.53979, -545.904,-570.039,-16.230,  1,     -688.6,   0.99809, 0, 
unit_sim,        92.906, 0, 25.00000,25.00000, 13.80000,14.17584,-2.71889,11.25695, -594.083,-618.034,-16.233,  1,     -809.9,   0.99775, 0, 
unit_sim,        93.106, 0, 25.00000,25.00000, 13.80000,14.12125,-2.95046,10.97079, -641.887,-665.639,-16.235,  1,     -940.6,   0.99739, 0, 
unit_sim,        93.306, 0, 25.00000,25.00000, 13.80000,14.06253,-3.18107,10.68146, -689.286,-712.824,-16.238,  1,    -1080.8,   0.99700, 0, 
unit_sim,        93.506, 0, 25.00000,25.00000, 13.80000,13.99974,-3.41058,10.38916, -736.249,-759.558,-16.242,  1,    -1230.4,   0.99658, 0, 
unit_sim,        93.706, 0, 25.00000,25.00000, 13.80000,13.93291,-3.63883,10.09408, -782.747,-805.813,-16.245,  1,    -1389.3,   0.99614, 0, 
unit_sim,        93.906, 0, 25.00000,25.00000, 13.80000,13.86208,-3.86569,9.79639, -828.751,-851.559,-16.249,  1,    -1557.3,   0.99567, 0, 
unit_sim,        94.106, 0, 25.00000,25.00000, 13.80000,13.78729,-4.09100,9.49630, -874.232,-896.766,-16.252,  0,    -1734.4,   0.99518, 0, 
unit_sim,        94.306, 0, 25.00000,25.00000, 13.80000,13.71342,-4.31462,9.19373, -919.160,-941.408,-16.339,  0,    -1920.4,   0.99467, 0, 
unit_sim,        94.506, 0, 25.00000,25.00000, 13.80000,13.66580,-4.53640,8.91900, -963.507,-985.455,-16.511,  0,    -2115.3,   0.99412, 0, 
unit_sim,        94.706, 0, 25.00000,25.00000, 13.80000,13.61598,-4.75621,8.64381, -1007.246,-1028.879,-16.687,  0,    -2318.9,   0.99356, 0, 
unit_sim,        94.906, 0, 25.00000,25.00000, 13.80000,13.56400,-4.97390,8.36834, -1050.349,-1071.654,-16.865,  0,    -2531.1,   0.99297, 0, 
unit_sim,        95.106, 0, 25.00000,25.00000, 13.80000,13.50989,-5.18934,8.09275, -1092.789,-1113.751,-17.045,  0,    -2751.8,   0.99236, 0, 
unit_sim,        95.306, 0, 25.00000,25.00000, 13.80000,13.45368,-5.40238,7.81724, -1134.538,-1155.145,-17.227,  0,    -2980.8,   0.99172, 0, 
unit_sim,        95.506, 0, 25.00000,25.00000, 13.80000,13.39542,-5.61289,7.54197, -1175.570,-1195.810,-17.409,  0,    -3217.9,   0.99106, 0, 
unit_sim,        95.706, 0, 25.00000,25.00000, 13.80000,13.33512,-5.82074,7.26712, -1215.860,-1235.719,-17.593,  0,    -3463.1,   0.99038, 0, 
unit_sim,        95.906, 0, 25.00000,25.00000, 13.80000,13.27285,-6.02578,6.99287, -1255.383,-1274.848,-17.778,  0,    -3716.1,   0.98968, 0, 
unit_sim,        96.106, 0, 25.00000,25.00000, 13.80000,13.26989,-6.22790,6.78065, -1294.112,-1313.171,-17.962,  0,    -3976.8,   0.98895, 0, 
unit_sim,        96.306, 0, 25.00000,25.00000, 13.80000,13.26976,-6.42695,6.57412, -1332.024,-1350.666,-18.146,  0,    -4245.1,   0.98821, 0, 
unit_sim,        96.506, 0, 25.00000,25.00000, 13.80000,13.26964,-6.62282,6.37057, -1369.094,-1387.307,-18.330,  0,    -4520.7,   0.98744, 0, 
unit_sim,        96.706, 0, 25.00000,25.00000, 13.80000,13.26951,-6.81537,6.17014, -1405.300,-1423.071,-18.512,  0,    -4803.6,   0.98666, 0, 
unit_sim,        96.906, 0, 25.00000,25.00000, 13.80000,13.26938,-7.00448,5.97295, -1440.618,-1457.937,-18.694,  0,    -5093.4,   0.98585, 0, 
unit_sim,        97.106, 0, 25.00000,25.00000, 13.80000,13.26924,-7.19003,5.77912, -1475.026,-1491.882,-18.875,  0,    -5390.1,   0.98503, 0, 
unit_sim,        97.306, 0, 25.00000,25.00000, 13.80000,13.26910,-7.37191,5.59104, -1508.503,-1524.885,-19.233,  0,    -5693.4,   0.98418, 0, 
unit_sim,        97.506, 0, 25.00000,25.00000, 13.80000,13.26896,-7.54998,5.41248, -1541.026,-1556.925,-19.376,  0,    -6003.2,   0.98332, 0, 
unit_sim,        97.706, 0, 25.00000,25.00000, 13.80000,13.26882,-7.72415,5.23782, -1572.577,-1587.981,-19.410,  0,    -6319.3,   0.98245, 0, 
unit_sim,        97.906, 0, 25.00000,25.00000, 13.80000,13.26867,-7.89429,5.06717, -1603.134,-1618.034,-19.445,  0,    -6641.4,   0.98155, 0, 
unit_sim,        98.106, 0, 25.00000,25.00000, 13.80000,13.26852,-8.06030,4.90065, -1632.678,-1647.065,-19.481,  0,    -6969.4,   0.98064, 0, 
unit_sim,        98.306, 0, 25.00000,25.00000, 13.80000,13.26836,-8.22208,4.73836, -1661.192,-1675.056,-19.517,  0,    -7303.0,   0.97971, 0, 
unit_sim,        98.506, 0, 25.00000,25.00000, 13.80000,13.26821,-8.37951,4.58040, -1688.656,-1701.989,-19.553,  0,    -7642.1,   0.97877, 0, 
unit_sim,        98.706, 0, 25.00000,25.00000, 13.80000,13.26805,-8.53249,4.42688, -1715.053,-1727.847,-19.591,  0,    -7986.4,   0.97782, 0, 
unit_sim,        98.906, 0, 25.00000,25.00000, 13.80000,13.26789,-8.68093,4.27789, -1740.367,-1752.613,-19.628,  0,    -8335.7,   0.97685, 0, 
unit_sim,        99.106, 0, 25.00000,25.00000, 13.80000,13.26773,-8.82473,4.13353, -1764.582,-1776.273,-19.667,  0,    -8689.8,   0.97586, 0, 
unit_sim,        99.306, 0, 25.00000,25.00000, 13.80000,13.26756,-8.96380,3.99390, -1787.683,-1798.810,-19.706,  0,    -9048.4,   0.97487, 0, 
unit_sim,        99.506, 0, 25.00000,25.00000, 13.80000,13.26739,-9.09805,3.85909, -1809.654,-1820.212,-19.745,  0,    -9411.4,   0.97386, 0, 
unit_sim,        99.706, 0, 25.00000,25.00000, 13.80000,13.26723,-9.22739,3.72918, -1830.482,-1840.464,-19.785,  0,    -9778.5,   0.97284, 0, 
unit_sim,        99.906, 0, 25.00000,25.00000, 13.80000,13.26705,-9.35173,3.60425, -1850.154,-1859.553,-19.826,  0,   -10149.5,   0.97181, 0, 
unit_sim,       100.106, 0, 25.00000,25.00000, 13.80000,13.26688,-9.47101,3.48439, -1868.658,-1877.468,-19.867,  0,   -10524.1,   0.97077, 0, 
unit_sim,       100.306, 0, 25.00000,25.00000, 13.80000,13.26671,-9.58513,3.36967, -1885.981,-1894.197,-19.908,  0,   -10902.1,   0.96972, 0, 
unit_sim,       100.506, 0, 25.00000,25.00000, 13.80000,13.26653,-9.69403,3.26018, -1902.113,-1909.729,-19.949,  0,   -11283.3,   0.96866, 0, 
unit_sim,       100.706, 0, 25.00000,25.00000, 13.80000,13.26635,-9.79763,3.15597, -1917.044,-1924.055,-19.992,  0,   -11667.4,   0.96759, 0, 
unit_sim,       100.906, 0, 25.00000,25.00000, 13.80000,13.26618,-9.89587,3.05713, -1930.763,-1937.166,-20.034,  0,   -12054.2,   0.96652, 0, 
unit_sim,       101.106, 0, 25.00000,25.00000, 13.80000,13.26600,-9.98869,2.96370, -1943.263,-1949.054,-20.077,  0,   -12443.4,   0.96543, 0, 
unit_sim,       101.306, 0, 25.00000,25.00000, 13.80000,13.26582,-10.07601,2.87576, -1954.536,-1959.710,-20.119,  0,   -12834.8,   0.96435, 0, 
unit_sim,       101.506, 0, 25.00000,25.00000, 13.80000,13.26563,-10.15779,2.79336, -1964.574,-1969.129,-20.163,  0,   -13228.2,   0.96326, 0, 
unit_sim,       101.706, 0, 25.00000,25.00000, 13.80000,13.26545,-10.23398,2.71656, -1973.372,-1977.303,-20.206,  0,   -13623.3,   0.96216, 0, 
unit_sim,       101.906, 0, 25.00000,25.00000, 13.80000,13.26527,-10.30451,2.64540, -1980.923,-1984.229,-20.250,  0,   -14019.8,   0.96106, 0, 
unit_sim,       102.106, 0, 25.00000,25.00000, 13.80000,13.26508,-10.36935,2.57993, -1987.223,-1989.902,-20.294,  0,   -14417.5,   0.95995, 0, 
unit_sim,       102.306, 0, 25.00000,25.00000, 13.80000,13.26490,-10.42845,2.52021, -1992.267,-1994.318,-20.337,  0,   -14816.2,   0.95884, 0, 
unit_sim,       102.506, 0, 25.00000,25.00000, 13.80000,13.26472,-10.48178,2.46625, -1996.053,-1997.474,-20.382,  0,   -15215.5,   0.95773, 0, 
unit_sim,       102.706, 0, 25.00000,25.00000, 13.80000,13.26453,-10.52929,2.41811, -1998.579,-1999.368,-20.426,  0,   -15615.3,   0.95662, 0, 
unit_sim,       102.906, 0, 25.00000,25.00000, 13.80000,13.26435,-10.57096,2.37581, -1999.842,-2000.000,-20.470,  0,   -16015.3,   0.95551, 0, 
unit_sim,       103.106, 0, 25.00000,25.00000, 13.80000,13.26416,-10.60676,2.33939, -1999.842,-1999.368,-20.514,  0,   -16415.2,   0.95440, 0, 
unit_sim,       103.306, 0, 25.00000,25.00000, 13.80000,13.26398,-10.63666,2.30886, -1998.579,-1997.474,-20.558,  0,   -16814.8,   0.95329, 0, 
unit_sim,       103.506, 0, 25.00000,25.00000, 13.80000,13.26379,-10.66064,2.28425, -1996.053,-1994.318,-20.603,  0,   -17213.8,   0.95218, 0, 
unit_sim,       103.706, 0, 25.00000,25.00000, 13.80000,13.26361,-10.67868,2.26558, -1992.267,-1989.902,-20.647,  0,   -17612.1,   0.95108, 0, 
unit_sim,       103.906, 0, 25.00000,25.00000, 13.80000,13.26342,-10.69078,2.25285, -1987.223,-1984.229,-20.691,  0,   -18009.2,   0.94997, 0, 
unit_sim,       104.106, 0, 25.00000,25.00000, 13.80000,13.26324,-10.69692,2.24609, -1980.923,-1977.303,-20.735,  0,   -18405.0,   0.94887, 0, 
unit_sim,       104.306, 0, 25.00000,25.00000, 13.80000,13.26305,-10.69709,2.24529, -1973.372,-1969.129,-20.779,  0,   -18799.3,   0.94778, 0, 
unit_sim,       104.506, 0, 25.00000,25.00000, 13.80000,13.26287,-10.69130,2.25047, -1964.575,-1959.710,-20.822,  0,   -19191.7,   0.94669, 0, 
unit_sim,       104.706, 0, 25.00000,25.00000, 13.80000,13.26269,-10.67954,2.26161, -1954.536,-1949.054,-20.866,  0,   -19582.1,   0.94561, 0, 
unit_sim,       104.906, 0, 25.00000,25.00000, 13.80000,13.26251,-10.66183,2.27871, -1943.264,-1937.166,-20.909,  0,   -19970.1,   0.94453, 0, 
unit_sim,       105.106, 0, 25.00000,25.00000, 13.80000,13.26233,-10.63817,2.30176, -1930.763,-1924.055,-20.952,  0,   -20355.6,   0.94346, 0, 
unit_sim,       105.306, 0, 25.00000,25.00000, 13.80000,13.26215,-10.60857,2.33076, -1917.044,-1909.729,-20.995,  0,   -20738.3,   0.94239, 0, 
unit_sim,       105.506, 0, 25.00000,25.00000, 13.80000,13.26198,-10.57305,2.36568, -1902.113,-1894.197,-21.037,  0,   -21117.9,   0.94134, 0, 
unit_sim,       105.706, 0, 25.00000,25.00000, 13.80000,13.26180,-10.53163,2.40650, -1885.981,-1877.468,-21.079,  0,   -21494.2,   0.94029, 0, 
unit_sim,       105.906, 0, 25.00000,25.00000, 13.80000,13.26163,-10.48434,2.45320, -1868.658,-1859.553,-21.121,  0,   -21867.1,   0.93926, 0, 
unit_sim,       106.106, 0, 25.00000,25.00000, 13.80000,13.26146,-10.43120,2.50576, -1850.155,-1840.464,-21.162,  0,   -22236.1,   0.93823, 0, 
unit_sim,       106.306, 0, 25.00000,25.00000, 13.80000,13.26129,-10.37224,2.56414, -1830.482,-1820.212,-21.203,  0,   -22601.2,   0.93722, 0, 
unit_sim,       106.506, 0, 25.00000,25.00000, 13.80000,13.26112,-10.30751,2.62830, -1809.654,-1798.811,-21.243,  0,   -22962.0,   0.93622, 0, 
unit_sim,       106.706, 0, 25.00000,25.00000, 13.80000,13.26095,-10.23703,2.69821, -1787.683,-1776.273,-21.283,  0,   -23318.4,   0.93523, 0, 
unit_sim,       106.906, 0, 25.00000,25.00000, 13.80000,13.26079,-10.16086,2.77382, -1764.583,-1752.614,-21.323,  0,   -23670.2,   0.93425, 0, 
unit_sim,       107.106, 0, 25.00000,25.00000, 13.80000,13.26063,-10.07904,2.85510, -1740.368,-1727.847,-21.362,  0,   -24017.0,   0.93329, 0, 
unit_sim,       107.306, 0, 25.00000,25.00000, 13.80000,13.26047,-9.99161,2.94198, -1715.053,-1701.989,-21.400,  0,   -24358.7,   0.93234, 0, 
unit_sim,       107.506, 0, 25.00000,25.00000, 13.80000,13.26031,-9.89864,3.03442, -1688.656,-1675.056,-21.438,  0,   -24695.1,   0.93140, 0, 
unit_sim,       107.706, 0, 25.00000,25.00000, 13.80000,13.26016,-9.80017,3.13236, -1661.192,-1647.065,-21.476,  0,   -25025.9,   0.93048, 0, 
unit_sim,       107.906, 0, 25.00000,25.00000, 13.80000,13.26001,-9.69628,3.23574, -1632.679,-1618.034,-21.512,  0,   -25351.0,   0.92958, 0, 
unit_sim,       108.106, 0, 25.00000,25.00000, 13.80000,13.25986,-9.58701,3.34450, -1603.134,-1587.981,-21.548,  0,   -25670.1,   0.92869, 0, 
unit_sim,       108.306, 0, 25.00000,25.00000, 13.80000,13.25971,-9.47245,3.45857, -1572.577,-1556.925,-21.584,  0,   -25983.0,   0.92782, 0, 
unit_sim,       108.506, 0, 25.00000,25.00000, 13.80000,13.25957,-9.35265,3.57787, -1541.027,-1524.885,-21.618,  0,   -26289.6,   0.92697, 0, 
unit_sim,       108.706, 0, 25.00000,25.00000, 13.80000,13.25943,-9.22770,3.70234, -1508.503,-1491.882,-21.652,  0,   -26589.6,   0.92614, 0, 
unit_sim,       108.906, 0, 25.00000,25.00000, 13.80000,13.25929,-9.09768,3.83191, -1475.026,-1457.938,-21.685,  0,   -26882.9,   0.92533, 0, 
unit_sim,       109.106, 0, 25.00000,25.00000, 13.80000,13.25915,-8.96265,3.96648, -1440.618,-1423.072,-21.718,  0,   -27169.3,   0.92453, 0, 
unit_sim,       109.306, 0, 25.00000,25.00000, 13.80000,13.25902,-8.82271,4.10597, -1405.300,-1387.307,-21.750,  0,   -27448.6,   0.92375, 0, 
unit_sim,       109.506, 0, 25.00000,25.00000, 13.80000,13.25890,-8.67794,4.25031, -1369.094,-1350.666,-21.781,  0,   -27720.5,   0.92300, 0, 
unit_sim,       109.706, 0, 25.00000,25.00000, 13.80000,13.25877,-8.52843,4.39939, -1332.024,-1313.172,-21.811,  0,   -27985.1,   0.92226, 0, 
unit_sim,       109.906, 0, 25.00000,25.00000, 13.80000,13.25865,-8.37427,4.55314, -1294.112,-1274.848,-21.840,  0,   -28242.0,   0.92155, 0, 
unit_sim,       110.106, 0, 25.00000,25.00000, 13.80000,13.25853,-8.21557,4.71144, -1255.383,-1235.719,-21.868,  0,   -28491.1,   0.92086, 0, 
unit_sim,       110.306, 0, 25.00000,25.00000, 13.80000,13.25842,-8.05241,4.87422, -1215.861,-1195.810,-21.896,  0,   -28732.2,   0.92019, 0, 
unit_sim,       110.506, 0, 25.00000,25.00000, 13.80000,13.25831,-7.88491,5.04135, -1175.571,-1155.146,-21.923,  0,   -28965.3,   0.91954, 0, 
unit_sim,       110.706, 0, 25.00000,25.00000, 13.80000,13.25820,-7.71315,5.21274, -1134.538,-1113.751,-21.948,  0,   -29190.1,   0.91892, 0, 
unit_sim,       110.906, 0, 25.00000,25.00000, 13.80000,13.25810,-7.53726,5.38829, -1092.789,-1071.654,-21.973,  0,   -29406.6,   0.91832, 0, 
unit_sim,       111.106, 0, 25.00000,25.00000, 13.80000,13.25800,-7.35733,5.56788, -1050.350,-1028.879,-21.997,  0,   -29614.5,   0.91774, 0, 
unit_sim,       111.306, 0, 25.00000,25.00000, 13.80000,13.25791,-7.17349,5.75140, -1007.247,-985.455,-22.020,  0,   -29813.8,   0.91718, 0, 
unit_sim,       111.506, 0, 25.00000,25.00000, 13.80000,13.25782,-6.98584,5.93874, -963.508,-941.408,-22.042,  0,   -30004.3,   0.91665, 0, 
unit_sim,       111.706, 0, 25.00000,25.00000, 13.80000,13.25773,-6.79451,6.12978, -919.160,-896.767,-22.063,  0,   -30185.9,   0.91615, 0, 
unit_sim,       111.906, 0, 25.00000,25.00000, 13.80000,13.25765,-6.59960,6.32441, -874.232,-851.559,-22.083,  0,   -30358.4,   0.91567, 0, 
unit_sim,       112.106, 0, 25.00000,25.00000, 13.80000,13.25757,-6.40125,6.52250, -828.751,-805.813,-22.102,  0,   -30521.9,   0.91522, 0, 
unit_sim,       112.306, 0, 25.00000,25.00000, 13.80000,13.25750,-6.19958,6.72392, -782.748,-759.559,-22.120,  0,   -30676.1,   0.91479, 0, 
unit_sim,       112.506, 0, 25.00000,25.00000, 13.80000,13.25743,-5.99471,6.92856, -736.249,-712.824,-22.137,  0,   -30821.0,   0.91439, 0, 
unit_sim,       112.706, 0, 25.00000,25.00000, 13.80000,13.25737,-5.78677,7.13628, -689.286,-665.639,-22.153,  0,   -30956.5,   0.91401, 0, 
unit_sim,       112.906, 0, 25.00000,25.00000, 13.80000,13.25731,-5.57588,7.34695, -641.888,-618.034,-22.168,  0,   -31082.5,   0.91366, 0, 
unit_sim,       113.106, 0, 25.00000,25.00000, 13.80000,13.25725,-5.36219,7.56046, -594.084,-570.039,-22.182,  0,   -31198.9,   0.91334, 0, 
unit_sim,       113.306, 0, 25.00000,25.00000, 13.80000,13.25720,-5.14582,7.77665, -545.904,-521.683,-22.195,  0,   -31305.7,   0.91304, 0, 
unit_sim,       113.506, 0, 25.00000,25.00000, 13.80000,13.25715,-4.92692,7.99540, -497.380,-472.998,-22.206,  0,   -31402.7,   0.91277, 0, 
unit_sim,       113.706, 0, 25.00000,25.00000, 13.80000,13.25711,-4.70560,8.21656, -448.542,-424.015,-22.217,  0,   -31490.0,   0.91253, 0, 
unit_sim,       113.906, 0, 25.00000,25.00000, 13.80000,13.25707,-4.48202,8.44001, -399.420,-374.763,-22.227,  0,   -31567.4,   0.91231, 0, 
unit_sim,       114.106, 0, 25.00000,25.00000, 13.80000,13.25704,-4.25632,8.66560, -350.047,-325.275,-22.235,  0,   -31634.9,   0.91213, 0, 
unit_sim,       114.306, 0, 25.00000,25.00000, 13.80000,13.25701,-4.02863,8.89320, -300.452,-275.581,-22.242,  0,   -31692.5,   0.91197, 0, 
unit_sim,       114.506, 0, 25.00000,25.00000, 13.80000,13.25698,-3.79909,9.12265, -250.667,-225.713,-22.248,  0,   -31740.2,   0.91183, 0, 
unit_sim,       114.706, 0, 25.00000,25.00000, 13.80000,13.25696,-3.56786,9.35382, -200.724,-175.703,-22.254,  0,   -31777.8,   0.91173, 0, 
unit_sim,       114.906, 0, 25.00000,25.00000, 13.80000,13.25695,-3.33506,9.58656, -150.654,-125.581,-22.258,  0,   -31805.4,   0.91165, 0, 
unit_sim,       115.106, 0, 25.00000,25.00000, 13.80000,13.25694,-3.10086,9.82073, -100.489,-75.381,-22.260,  0,   -31823.0,   0.91160, 0, 
unit_sim,       115.306, 0, 25.00000,25.00000, 13.80000,13.25693,-2.86539,10.05617, -50.261,-25.132,-22.262,  0,   -31830.6,   0.91158, 0, 
unit_sim,       115.506, 0, 25.00000,25.00000, 13.80000,13.25693,-2.62881,10.29295,  -0.000, 25.132,-22.259,  0,   -31828.1,   0.91159, 0, 
unit_sim,       115.706, 0, 25.00000,25.00000, 13.80000,13.25693,-2.39125,10.53098,  50.260, 75.380,-22.238,  0,   -31815.5,   0.91162, 0, 
unit_sim,       115.906, 0, 25.00000,25.00000, 13.80000,13.25694,-2.15288,10.77012, 100.488,125.581,-22.200,  0,   -31792.9,   0.91169, 0, 
unit_sim,       116.106, 0, 25.00000,25.00000, 13.80000,13.25695,-1.91383,11.01021, 150.653,175.702,-22.144,  0,   -31760.4,   0.91178, 0, 
unit_sim,       116.306, 0, 25.00000,25.00000, 13.80000,13.25697,-1.67426,11.25110, 200.723,225.712,-22.071,  0,   -31717.8,   0.91190, 0, 
unit_sim,       116.506, 0, 25.00000,25.00000, 13.80000,13.25699,-1.43431,11.49265, 250.666,275.580,-21.980,  0,   -31665.2,   0.91204, 0, 
unit_sim,       116.706, 0, 25.00000,25.00000, 13.80000,13.25702,-1.19415,11.73471, 300.451,325.274,-21.872,  0,   -31602.8,   0.91221, 0, 
unit_sim,       116.906, 0, 25.00000,25.00000, 13.80000,13.25705,-0.95391,11.97711, 350.046,374.762,-21.747,  0,   -31530.4,   0.91242, 0, 
unit_sim,       117.106, 0, 25.00000,25.00000, 13.80000,13.25709,-0.71374,12.21972, 399.420,424.014,-21.604,  0,   -31448.2,   0.91264, 0, 
unit_sim,       117.306, 0, 25.00000,25.00000, 13.80000,13.25713,-0.47380,12.46238, 448.541,472.998,-21.443,  0,   -31356.1,   0.91290, 0, 
unit_sim,       117.506, 0, 25.00000,25.00000, 13.80000,13.25717,-0.23424,12.70494, 497.379,521.683,-21.266,  0,   -31254.4,   0.91318, 0, 
unit_sim,       117.706, 0, 25.00000,25.00000, 13.80000,13.25722,0.00479,12.94724, 545.903,570.038,-21.071,  0,   -31143.0,   0.91349, 0, 
unit_sim,       117.906, 0, 25.00000,25.00000, 13.80000,13.25728,0.24315,13.18913, 594.083,618.034,-20.859,  0,   -31021.9,   0.91383, 0, 
unit_sim,       118.106, 0, 25.00000,25.00000, 13.80000,13.25733,0.48069,13.43047, 641.887,665.639,-20.630,  0,   -30891.4,   0.91419, 0, 
unit_sim,       118.306, 0, 25.00000,25.00000, 13.80000,13.25740,0.71725,13.67110, 689.285,712.823,-20.383,  0,   -30751.4,   0.91458, 0, 
unit_sim,       118.506, 0, 25.00000,25.00000, 13.80000,13.25746,0.95269,13.91088, 736.249,759.558,-20.120,  0,   -30602.0,   0.91499, 0, 
unit_sim,       118.706, 0, 25.00000,25.00000, 13.80000,13.25754,1.18686,14.14965, 782.747,805.812,-19.950,  0,   -30443.4,   0.91543, 0, 
unit_sim,       118.906, 0, 25.00000,25.00000, 13.80000,13.25761,1.41962,14.38726, 828.751,851.558,-19.827,  0,   -30275.6,   0.91590, 0, 
unit_sim,       119.106, 0, 25.00000,25.00000, 13.80000,13.25769,1.65082,14.62357, 874.231,896.766,-19.694,  0,   -30098.8,   0.91639, 0, 
unit_sim,       119.306, 0, 25.00000,25.00000, 13.80000,13.25777,1.88031,14.85842, 919.159,941.407,-19.552,  0,   -29913.0,   0.91691, 0, 
unit_sim,       119.506, 0, 25.00000,25.00000, 13.80000,13.25786,2.10796,15.09168, 963.507,985.454,-19.400,  0,   -29718.4,   0.91745, 0, 
unit_sim,       119.706, 0, 25.00000,25.00000, 13.80000,13.25796,2.33362,15.32319, 1007.246,1028.879,-19.238,  0,   -29515.1,   0.91801, 0, 
unit_sim,       119.906, 0, 25.00000,25.00000, 13.80000,13.25805,2.55715,15.55282, 1050.349,1071.653,-19.066,  0,   -29303.2,   0.91860, 0, 
unit_sim,       120.106, 0, 25.00000,25.00000, 13.80000,13.25815,2.77840,15.78041, 1092.788,1113.751,-18.882,  0,   -29082.9,   0.91921, 0, 
unit_sim,       120.306, 0, 25.00000,25.00000, 13.80000,13.25826,2.99725,16.00583, 1134.537,1155.145,-18.686,  0,   -28854.3,   0.91985, 0, 
unit_sim,       120.506, 0, 25.00000,25.00000, 13.80000,13.25836,3.21356,16.22893, 1175.570,1195.810,-18.479,  0,   -28617.5,   0.92051, 0, 
unit_sim,       120.706, 0, 25.00000,25.00000, 13.80000,13.25847,3.42718,16.44957, 1215.860,1235.719,-18.258,  0,   -28372.7,   0.92119, 0, 
unit_sim,       120.906, 0, 25.00000,25.00000, 13.80000,13.25859,3.63799,16.66763, 1255.382,1274.848,-18.023,  0,   -28120.1,   0.92189, 0, 
unit_sim,       121.106, 0, 25.00000,25.00000, 13.80000,13.25871,3.84585,16.88295, 1294.112,1313.171,-17.773,  0,   -27859.7,   0.92261, 0, 
unit_sim,       121.306, 0, 25.00000,25.00000, 13.80000,13.25883,4.05064,17.09541, 1332.023,1350.665,-17.508,  0,   -27591.9,   0.92336, 0, 
unit_sim,       121.506, 0, 25.00000,25.00000, 13.80000,13.25896,4.25223,17.30488, 1369.094,1387.306,-17.225,  0,   -27316.6,   0.92412, 0, 
unit_sim,       121.706, 0, 25.00000,25.00000, 13.80000,13.25908,4.45049,17.51122, 1405.300,1423.071,-16.925,  0,   -27034.2,   0.92490, 0, 
unit_sim,       121.906, 0, 25.00000,25.00000, 13.80000,13.25922,4.64530,17.71430, 1440.618,1457.937,-16.605,  0,   -26744.8,   0.92571, 0, 
unit_sim,       122.106, 0, 25.00000,25.00000, 13.80000,13.25935,4.83653,17.91401, 1475.026,1491.882,-16.263,  0,   -26448.5,   0.92653, 0, 
unit_sim,       122.306, 0, 25.00000,25.00000, 13.80000,13.25949,5.02407,18.11020, 1508.502,1524.885,-15.899,  0,   -26145.7,   0.92737, 0, 
unit_sim,       122.506, 0, 25.00000,25.00000, 13.80000,13.25963,5.20780,18.30276, 1541.026,1556.924,-15.510,  0,   -25836.3,   0.92823, 0, 
unit_sim,       122.706, 0, 25.00000,25.00000, 13.80000,13.25978,5.38761,18.49158, 1572.577,1587.980,-15.093,  0,   -25520.8,   0.92911, 0, 
unit_sim,       122.906, 0, 25.00000,25.00000, 13.80000,13.25993,5.56338,18.67653, 1603.134,1618.034,-14.646,  0,   -25199.1,   0.93000, 0, 
unit_sim,       123.106, 0, 25.00000,25.00000, 13.80000,13.26008,5.73501,18.85749, 1632.678,1647.065,-14.166,  0,   -24871.6,   0.93091, 0, 
unit_sim,       123.306, 0, 25.00000,25.00000, 13.80000,13.26023,5.90238,19.03436, 1661.192,1675.056,-13.650,  0,   -24538.5,   0.93184, 0, 
unit_sim,       123.506, 0, 25.00000,25.00000, 13.80000,13.26038,6.06539,19.20702, 1688.656,1701.989,-13.094,  0,   -24200.0,   0.93278, 0, 
unit_sim,       123.706, 0, 25.00000,25.00000, 13.80000,13.26054,6.22395,19.37537, 1715.053,1727.847,-12.492,  0,   -23856.2,   0.93373, 0, 
unit_sim,       123.906, 0, 25.00000,25.00000, 13.80000,13.26070,6.37795,19.53930, 1740.367,1752.613,-11.839,  0,   -23507.4,   0.93470, 0, 
unit_sim,       124.106, 0, 25.00000,25.00000, 13.80000,13.26087,6.52730,19.69871, 1764.582,1776.273,-11.129,  0,   -23153.9,   0.93568, 0, 
unit_sim,       124.306, 0, 25.00000,25.00000, 13.80000,13.26103,6.67190,19.85350, 1787.683,1798.810,-10.355,  0,   -22795.7,   0.93668, 0, 
unit_sim,       124.506, 0, 25.00000,25.00000, 13.80000,13.26120,6.81167,20.00357, 1809.654,1820.212, -9.506,  0,   -22433.3,   0.93769, 0, 
unit_sim,       124.706, 0, 25.00000,25.00000, 13.80000,13.26137,6.94651,20.14883, 1830.482,1840.464, -8.574,  0,   -22066.8,   0.93870, 0, 
unit_sim,       124.906, 0, 25.00000,25.00000, 13.80000,13.26154,7.07635,20.28919, 1850.154,1859.553, -7.543,  0,   -21696.3,   0.93973, 0, 
unit_sim,       125.106, 0, 25.00000,25.00000, 13.80000,13.26171,7.20110,20.42456, 1868.658,1877.468, -6.398,  0,   -21322.3,   0.94077, 0, 
unit_sim,       125.306, 0, 25.00000,25.00000, 13.80000,13.26188,7.32069,20.55485, 1885.981,1894.196, -5.120,  0,   -20944.8,   0.94182, 0, 
unit_sim,       125.506, 0, 25.00000,25.00000, 13.80000,13.26206,7.43504,20.67999, 1902.113,1909.729, -3.683,  0,   -20564.2,   0.94288, 0, 
unit_sim,       125.706, 0, 25.00000,25.00000, 13.80000,13.26224,7.54409,20.79989, 1917.043,1924.055, -2.056,  0,   -20180.7,   0.94394, 0, 
unit_sim,       125.906, 0, 25.00000,25.00000, 13.80000,13.26241,7.64775,20.91448, 1930.763,1937.166, -0.198,  0,   -19794.5,   0.94502, 0, 
unit_sim,       126.106, 0, 25.00000,25.00000, 13.80000,13.26259,7.74598,21.02370, 1943.263,1949.054,  1.725,  0,   -19405.8,   0.94609, 0, 
unit_sim,       126.306, 0, 25.00000,25.00000, 13.80000,13.26277,7.83871,21.12746, 1954.536,1959.710,  3.446,  0,   -19015.0,   0.94718, 0, 
unit_sim,       126.506, 0, 25.00000,25.00000, 13.80000,13.26295,7.92588,21.22571, 1964.574,1969.129,  4.992,  0,   -18622.2,   0.94827, 0, 
unit_sim,       126.706, 0, 25.00000,25.00000, 13.80000,13.26314,8.00744,21.31839, 1973.372,1977.303,  6.385,  0,   -18227.7,   0.94937, 0, 
unit_sim,       126.906, 0, 25.00000,25.00000, 13.80000,13.26332,8.08333,21.40545, 1980.923,1984.229,  7.647,  0,   -17831.8,   0.95047, 0, 
unit_sim,       127.106, 0, 25.00000,25.00000, 13.80000,13.26350,8.15352,21.48682, 1987.223,1989.902,  8.794,  0,   -17434.7,   0.95157, 0, 
unit_sim,       127.306, 0, 25.00000,25.00000, 13.80000,13.26369,8.21796,21.56246, 1992.267,1994.318,  9.839,  0,   -17036.6,   0.95268, 0, 
unit_sim,       127.506, 0, 25.00000,25.00000, 13.80000,13.26387,8.27661,21.63233, 1996.053,1997.474, 10.796,  0,   -16637.9,   0.95378, 0, 
unit_sim,       127.706, 0, 25.00000,25.00000, 13.80000,13.26406,8.32943,21.69638, 1998.579,1999.368, 11.672,  0,   -16238.7,   0.95489, 0, 
unit_sim,       127.906, 0, 25.00000,25.00000, 13.80000,13.26424,8.37640,21.75457, 1999.842,2000.000, 12.479,  0,   -15839.3,   0.95600, 0, 
unit_sim,       128.106, 0, 25.00000,25.00000, 13.80000,13.26443,8.41748,21.80688, 1999.842,1999.368, 13.221,  0,   -15440.0,   0.95711, 0, 
unit_sim,       128.306, 0, 25.00000,25.00000, 13.80000,13.26461,8.45265,21.85326, 1998.579,1997.474, 13.907,  0,   -15041.0,   0.95822, 0, 
unit_sim,       128.506, 0, 25.00000,25.00000, 13.80000,13.26480,8.48189,21.89368, 1996.053,1994.318, 14.542,  0,   -14642.5,   0.95933, 0, 
unit_sim,       128.706, 0, 25.00000,25.00000, 13.80000,13.26498,8.50518,21.92814, 1992.267,1989.902, 15.239,  0,   -14244.9,   0.96043, 0, 
unit_sim,       128.906, 0, 25.00000,25.00000, 13.80000,13.26516,8.52251,21.94938, 1987.223,1984.229, 16.137,  0,   -13848.4,   0.96153, 0, 
unit_sim,       129.106, 0, 25.00000,25.00000, 13.80000,13.26535,8.53387,21.96060, 1980.923,1977.304, 16.107,  0,   -13453.2,   0.96263, 0, 
unit_sim,       129.306, 0, 25.00000,25.00000, 13.80000,13.26553,8.53926,21.96583, 1973.372,1969.129, 16.077,  0,   -13059.5,   0.96372, 0, 
unit_sim,       129.506, 0, 25.00000,25.00000, 13.80000,13.26571,8.53866,21.96509, 1964.575,1959.710, 16.047,  0,   -12667.7,   0.96481, 0, 
unit_sim,       129.706, 0, 25.00000,25.00000, 13.80000,13.26589,8.53209,21.95838, 1954.536,1949.054, 16.017,  0,   -12277.9,   0.96589, 0, 
unit_sim,       129.906, 0, 25.00000,25.00000, 13.80000,13.26607,8.51955,21.94569, 1943.264,1937.167, 15.987,  0,   -11890.4,   0.96697, 0, 
unit_sim,       130.106, 0, 25.00000,25.00000, 13.80000,13.26625,8.50105,21.92704, 1930.763,1924.056, 15.957,  0,   -11505.5,   0.96804, 0, 
unit_sim,       130.306, 0, 25.00000,25.00000, 13.80000,13.26643,8.47659,21.90245, 1917.044,1909.729, 15.927,  0,   -11123.4,   0.96910, 0, 
unit_sim,       130.506, 0, 25.00000,25.00000, 13.80000,13.26661,8.44621,21.87192, 1902.113,1894.197, 15.897,  0,   -10744.3,   0.97015, 0, 
unit_sim,       130.706, 0, 25.00000,25.00000, 13.80000,13.26678,8.40991,21.83549, 1885.981,1877.468, 15.868,  0,   -10368.6,   0.97120, 0, 
unit_sim,       130.906, 0, 25.00000,25.00000, 13.80000,13.26695,8.36773,21.79317, 1868.658,1859.553, 15.838,  0,    -9996.3,   0.97223, 0, 
unit_sim,       131.106, 0, 25.00000,25.00000, 13.80000,13.26712,8.31969,21.74499, 1850.155,1840.464, 15.809,  0,    -9627.8,   0.97326, 0, 
unit_sim,       131.306, 0, 25.00000,25.00000, 13.80000,13.26729,8.26582,21.69098, 1830.483,1820.212, 15.780,  0,    -9263.3,   0.97427, 0, 
unit_sim,       131.506, 0, 25.00000,25.00000, 13.80000,13.26746,8.20615,21.63119, 1809.654,1798.811, 15.751,  0,    -8903.0,   0.97527, 0, 
unit_sim,       131.706, 0, 25.00000,25.00000, 13.80000,13.26763,8.14074,21.56564, 1787.683,1776.273, 15.723,  0,    -8547.1,   0.97626, 0, 
unit_sim,       131.906, 0, 25.00000,25.00000, 13.80000,13.26779,8.06962,21.49438, 1764.583,1752.614, 15.695,  0,    -8195.9,   0.97723, 0, 
unit_sim,       132.106, 0, 25.00000,25.00000, 13.80000,13.26795,7.99283,21.41747, 1740.368,1727.847, 15.667,  0,    -7849.6,   0.97820, 0, 
unit_sim,       132.306, 0, 25.00000,25.00000, 13.80000,13.26811,7.91043,21.33494, 1715.054,1701.989, 15.640,  0,    -7508.4,   0.97914, 0, 
unit_sim,       132.506, 0, 25.00000,25.00000, 13.80000,13.26827,7.82247,21.24685, 1688.656,1675.057, 15.612,  0,    -7172.6,   0.98008, 0, 
unit_sim,       132.706, 0, 25.00000,25.00000, 13.80000,13.26842,7.72900,21.15326, 1661.192,1647.066, 15.586,  0,    -6842.2,   0.98099, 0, 
unit_sim,       132.906, 0, 25.00000,25.00000, 13.80000,13.26857,7.63009,21.05423, 1632.679,1618.034, 15.559,  0,    -6517.6,   0.98190, 0, 
unit_sim,       133.106, 0, 25.00000,25.00000, 13.80000,13.26872,7.52580,20.94982, 1603.134,1587.981, 15.533,  0,    -6199.0,   0.98278, 0, 
unit_sim,       133.306, 0, 25.00000,25.00000, 13.80000,13.26887,7.41620,20.84011, 1572.577,1556.925, 15.508,  0,    -5886.5,   0.98365, 0, 
unit_sim,       133.506, 0, 25.00000,25.00000, 13.80000,13.26901,7.30136,20.72515, 1541.027,1524.885, 15.482,  0,    -5580.4,   0.98450, 0, 
unit_sim,       133.706, 0, 25.00000,25.00000, 13.80000,13.26915,7.18135,20.60503, 1508.503,1491.883, 15.458,  0,    -5280.8,   0.98533, 0, 
unit_sim,       133.906, 0, 25.00000,25.00000, 13.80000,13.26929,7.05625,20.47982, 1475.027,1457.938, 15.434,  0,    -4988.0,   0.98614, 0, 
unit_sim,       134.106, 0, 25.00000,25.00000, 13.80000,13.26942,6.92614,20.34960, 1440.619,1423.072, 15.410,  0,    -4702.0,   0.98694, 0, 
unit_sim,       134.306, 0, 25.00000,25.00000, 13.80000,13.26956,6.79110,20.21446, 1405.300,1387.307, 15.387,  0,    -4423.2,   0.98771, 0, 
unit_sim,       134.506, 0, 25.00000,25.00000, 13.80000,13.26968,6.65122,20.07448, 1369.095,1350.666, 15.364,  0,    -4151.6,   0.98847, 0, 
unit_sim,       134.706, 0, 25.00000,25.00000, 13.80000,13.26981,6.50660,19.92975, 1332.024,1313.172, 15.342,  0,    -3887.5,   0.98920, 0, 
unit_sim,       134.906, 0, 25.00000,25.00000, 13.80000,13.26993,6.35731,19.78037, 1294.113,1274.849, 15.321,  0,    -3631.0,   0.98991, 0, 
unit_sim,       135.106, 0, 25.00000,25.00000, 13.80000,13.29359,6.20346,19.64998, 1255.383,1235.720, 15.300,  0,    -3382.2,   0.99060, 0, 
unit_sim,       135.306, 0, 25.00000,25.00000, 13.80000,13.35479,6.04515,19.55266, 1215.861,1195.811, 15.279,  0,    -3141.4,   0.99127, 0, 
unit_sim,       135.506, 0, 25.00000,25.00000, 13.80000,13.41399,5.88248,19.44899, 1175.571,1155.146, 15.260,  0,    -2908.7,   0.99192, 0, 
unit_sim,       135.706, 0, 25.00000,25.00000, 13.80000,13.47114,5.71555,19.33902, 1134.539,1113.752, 15.240,  0,    -2684.2,   0.99254, 0, 
unit_sim,       135.906, 0, 25.00000,25.00000, 13.80000,13.52623,5.54446,19.22284, 1092.789,1071.654, 15.222,  0,    -2468.1,   0.99314, 0, 
unit_sim,       136.106, 0, 25.00000,25.00000, 13.80000,13.57920,5.36934,19.10050, 1050.350,1028.880, 15.204,  0,    -2260.5,   0.99372, 0, 
unit_sim,       136.306, 0, 25.00000,25.00000, 13.80000,13.63002,5.19028,18.97211, 1007.247,985.455, 15.187,  0,    -2061.5,   0.99427, 0, 
unit_sim,       136.506, 0, 25.00000,25.00000, 13.80000,13.67867,5.00741,18.83772, 963.508,941.409, 15.171,  0,    -1871.3,   0.99480, 0, 
unit_sim,       136.706, 0, 25.00000,25.00000, 13.80000,13.72887,4.82084,18.70120, 919.160,896.767, 15.155,  0,    -1690.0,   0.99531, 0, 
unit_sim,       136.906, 0, 25.00000,25.00000, 13.80000,13.80550,4.63069,18.58753, 874.232,851.559, 15.140,  0,    -1517.7,   0.99578, 0, 
unit_sim,       137.106, 0, 25.00000,25.00000, 13.80000,13.87820,4.43708,18.46648, 828.752,805.814, 15.126,  0,    -1354.5,   0.99624, 0, 
unit_sim,       137.306, 0, 25.00000,25.00000, 13.80000,13.94694,4.24014,18.33814, 782.748,759.559, 15.112,  0,    -1200.5,   0.99667, 0, 
unit_sim,       137.506, 0, 25.00000,25.00000, 13.80000,14.01166,4.03999,18.20259, 736.250,712.825, 15.100,  0,    -1055.8,   0.99707, 0, 
unit_sim,       137.706, 0, 25.00000,25.00000, 13.80000,14.07232,3.83675,18.05990, 689.287,665.640, 15.088,  0,     -920.5,   0.99744, 0, 
unit_sim,       137.906, 0, 25.00000,25.00000, 13.80000,14.12890,3.63056,17.91018, 641.888,618.035, 15.077,  0,     -794.7,   0.99779, 0, 
unit_sim,       138.106, 0, 25.00000,25.00000, 13.80000,14.18135,3.42156,17.75352, 594.084,570.039, 15.066,  0,     -678.4,   0.99812, 0, 
unit_sim,       138.306, 0, 25.00000,25.00000, 13.80000,14.22963,3.20986,17.59002, 545.905,521.684, 15.056,  0,     -571.8,   0.99841, 0, 
unit_sim,       138.506, 0, 25.00000,25.00000, 13.80000,14.27373,2.99562,17.41978, 497.381,472.999, 15.048,  0,     -474.9,   0.99868, 0, 
unit_sim,       138.706, 0, 25.00000,25.00000, 13.80000,14.31360,2.77896,17.24291, 448.542,424.015, 15.040,  0,     -387.8,   0.99892, 0, 
unit_sim,       138.906, 0, 25.00000,25.00000, 13.80000,14.34923,2.56002,17.05953, 399.421,374.763, 15.032,  0,     -310.5,   0.99914, 0, 
unit_sim,       139.106, 0, 25.00000,25.00000, 13.80000,14.38059,2.33894,16.86976, 350.047,325.275, 15.026,  0,     -243.1,   0.99932, 0, 
unit_sim,       139.306, 0, 25.00000,25.00000, 13.80000,14.40766,2.11586,16.67370, 300.452,275.581, 15.020,  0,     -185.6,   0.99948, 0, 
unit_sim,       139.506, 0, 25.00000,25.00000, 13.80000,14.43043,1.89094,16.47150, 250.667,225.714, 15.015,  0,     -138.0,   0.99962, 0, 
unit_sim,       139.706, 0, 25.00000,25.00000, 13.80000,14.44889,1.66429,16.26328, 200.724,175.703, 15.011,  0,     -100.4,   0.99972, 0, 
unit_sim,       139.906, 0, 25.00000,25.00000, 13.80000,14.46300,1.43609,16.04916, 150.654,125.582, 15.008,  0,      -72.8,   0.99980, 0, 
unit_sim,       140.106, 0, 25.00000,25.00000, 13.80000,14.47278,1.20646,15.82929, 100.489, 75.381, 15.006,  0,      -55.3,   0.99985, 0, 
unit_sim,       140.306, 0, 25.00000,25.00000, 13.80000,14.47822,0.97555,15.60382,  50.261, 25.133, 15.005,  0,      -47.7,   0.99987, 0, 
unit_sim,       140.506, 0, 25.00000,25.00000, 13.80000,14.47931,0.74352,15.02283,   0.001,-25.131, 15.000,  1,      -50.3,   0.99986, 0, 
unit_sim,       140.706, 0, 25.00000,25.00000, 13.80000,14.47605,0.51050,14.78655, -50.259,-75.380,-16.217,  1,      -62.8,   0.99983, 0, 
unit_sim,       140.906, 0, 25.00000,25.00000, 13.80000,14.46842,0.27666,14.54508, -100.488,-125.580,-16.218,  1,      -85.4,   0.99976, 0, 
unit_sim,       141.106, 0, 25.00000,25.00000, 13.80000,14.45646,0.04213,14.29858, -150.653,-175.702,-16.218,  1,     -118.1,   0.99967, 0, 
unit_sim,       141.306, 0, 25.00000,25.00000, 13.80000,14.44014,-0.19294,14.04720, -200.723,-225.712,-16.219,  1,     -160.7,   0.99955, 0, 
unit_sim,       141.506, 0, 25.00000,25.00000, 13.80000,14.41949,-0.42838,13.79111, -250.666,-275.580,-16.220,  1,     -213.3,   0.99941, 0, 
unit_sim,       141.706, 0, 25.00000,25.00000, 13.80000,14.39454,-0.66407,13.53047, -300.450,-325.273,-16.222,  1,     -275.9,   0.99923, 0, 
unit_sim,       141.906, 0, 25.00000,25.00000, 13.80000,14.36528,-0.89983,13.26544, -350.045,-374.762,-16.223,  1,     -348.4,   0.99903, 0, 
unit_sim,       142.106, 0, 25.00000,25.00000, 13.80000,14.33173,-1.13553,12.99619, -399.419,-424.013,-16.225,  1,     -430.7,   0.99880, 0, 
unit_sim,       142.306, 0, 25.00000,25.00000, 13.80000,14.29391,-1.37102,12.72289, -448.541,-472.997,-16.227,  1,     -522.9,   0.99855, 0, 
unit_sim,       142.506, 0, 25.00000,25.00000, 13.80000,14.25186,-1.60614,12.44573, -497.379,-521.682,-16.229,  1,     -624.8,   0.99826, 0, 
unit_sim,       142.706, 0, 25.00000,25.00000, 13.80000,14.20561,-1.84074,12.16487, -545.903,-570.038,-16.231,  1,     -736.4,   0.99795, 0, 
unit_sim,       142.906, 0, 25.00000,25.00000, 13.80000,14.15515,-2.07468,11.88048, -594.082,-618.033,-16.234,  1,     -857.6,   0.99762, 0, 
unit_sim,       143.106, 0, 25.00000,25.00000, 13.80000,14.10056,-2.30780,11.59276, -641.886,-665.638,-16.236,  1,     -988.3,   0.99725, 0, 
unit_sim,       143.306, 0, 25.00000,25.00000, 13.80000,14.04184,-2.53996,11.30188, -689.285,-712.823,-16.239,  1,    -1128.6,   0.99687, 0, 
unit_sim,       143.506, 0, 25.00000,25.00000, 13.80000,13.97905,-2.77101,11.00804, -736.248,-759.557,-16.243,  1,    -1278.1,   0.99645, 0, 
unit_sim,       143.706, 0, 25.00000,25.00000, 13.80000,13.91222,-3.00081,10.71142, -782.747,-805.812,-16.246,  1,    -1437.0,   0.99601, 0, 
unit_sim,       143.906, 0, 25.00000,25.00000, 13.80000,13.84139,-3.22920,10.41219, -828.750,-851.558,-16.250,  1,    -1605.0,   0.99554, 0, 
unit_sim,       144.106, 0, 25.00000,25.00000, 13.80000,13.76660,-3.45604,10.11056, -874.231,-896.766,-16.253,  0,    -1782.1,   0.99505, 0, 
unit_sim,       144.306, 0, 25.00000,25.00000, 13.80000,13.70149,-3.68119,9.81522, -919.159,-941.407,-16.340,  0,    -1968.2,   0.99453, 0, 
unit_sim,       144.506, 0, 25.00000,25.00000, 13.80000,13.65387,-3.90450,9.53897, -963.507,-985.454,-16.512,  0,    -2163.1,   0.99399, 0, 
unit_sim,       144.706, 0, 25.00000,25.00000, 13.80000,13.60405,-4.12583,9.26226, -1007.246,-1028.878,-16.688,  0,    -2366.7,   0.99343, 0, 
unit_sim,       144.906, 0, 25.00000,25.00000, 13.80000,13.55207,-4.34504,8.98526, -1050.349,-1071.653,-16.866,  0,    -2578.9,   0.99284, 0, 
unit_sim,       145.106, 0, 25.00000,25.00000, 13.80000,13.49796,-4.56199,8.70817, -1092.788,-1113.750,-17.046,  0,    -2799.5,   0.99222, 0, 
unit_sim,       145.306, 0, 25.00000,25.00000, 13.80000,13.44175,-4.77654,8.43114, -1134.537,-1155.145,-17.228,  0,    -3028.5,   0.99159, 0, 
unit_sim,       145.506, 0, 25.00000,25.00000, 13.80000,13.38348,-4.98856,8.15437, -1175.570,-1195.809,-17.411,  0,    -3265.7,   0.99093, 0, 
unit_sim,       145.706, 0, 25.00000,25.00000, 13.80000,13.32319,-5.19791,7.87801, -1215.860,-1235.719,-17.595,  0,    -3510.8,   0.99025, 0, 
unit_sim,       145.906, 0, 25.00000,25.00000, 13.80000,13.26998,-5.40446,7.61133, -1255.382,-1274.847,-17.779,  0,    -3763.8,   0.98954, 0, 
unit_sim,       146.106, 0, 25.00000,25.00000, 13.80000,13.26987,-5.60807,7.40046, -1294.111,-1313.171,-17.963,  0,    -4024.6,   0.98882, 0, 
unit_sim,       146.306, 0, 25.00000,25.00000, 13.80000,13.26974,-5.80861,7.19244, -1332.023,-1350.665,-18.148,  0,    -4292.8,   0.98808, 0, 
unit_sim,       146.506, 0, 25.00000,25.00000, 13.80000,13.26962,-6.00597,6.98740, -1369.094,-1387.306,-18.331,  0,    -4568.5,   0.98731, 0, 
unit_sim,       146.706, 0, 25.00000,25.00000, 13.80000,13.26949,-6.20000,6.78548, -1405.299,-1423.071,-18.514,  0,    -4851.3,   0.98652, 0, 
unit_sim,       146.906, 0, 25.00000,25.00000, 13.80000,13.26935,-6.39060,6.58681, -1440.617,-1457.937,-18.696,  0,    -5141.2,   0.98572, 0, 
unit_sim,       147.106, 0, 25.00000,25.00000, 13.80000,13.26922,-6.57763,6.39150, -1475.026,-1491.882,-18.877,  0,    -5437.9,   0.98489, 0, 
unit_sim,       147.306, 0, 25.00000,25.00000, 13.80000,13.26908,-6.76098,6.20189, -1508.502,-1524.884,-19.235,  0,    -5741.2,   0.98405, 0, 
unit_sim,       147.506, 0, 25.00000,25.00000, 13.80000,13.26894,-6.94053,6.02186, -1541.026,-1556.924,-19.382,  0,    -6051.0,   0.98319, 0, 
unit_sim,       147.706, 0, 25.00000,25.00000, 13.80000,13.26879,-7.11616,5.84574, -1572.576,-1587.980,-19.416,  0,    -6367.0,   0.98231, 0, 
unit_sim,       147.962, 0, 25.00000,25.00000, 13.80000,13.26860,-7.31008,5.65118, -1603.133,-1626.266,-19.454,  0,    -6779.8,   0.98117, 0, 
unit_sim,       148.162, 0, 25.00000,25.00000, 13.80000,13.26845,-7.49794,5.46280, -1640.766,-1655.008,-19.496,  0,    -7109.3,   0.98025, 0, 
unit_sim,       148.362, 0, 25.00000,25.00000, 13.80000,13.26830,-7.66244,5.29777, -1668.988,-1682.704,-19.532,  0,    -7444.5,   0.97932, 0, 
unit_sim,       148.562, 0, 25.00000,25.00000, 13.80000,13.26814,-7.82071,5.13897, -1696.155,-1709.338,-19.569,  0,    -7785.1,   0.97837, 0, 
unit_sim,       148.762, 0, 25.00000,25.00000, 13.80000,13.26798,-7.97404,4.98511, -1722.251,-1734.892,-19.606,  0,    -8130.8,   0.97741, 0, 
unit_sim,       148.962, 0, 25.00000,25.00000, 13.80000,13.26782,-8.12267,4.83592, -1747.259,-1759.350,-19.644,  0,    -8481.4,   0.97644, 0, 
unit_sim,       149.162, 0, 25.00000,25.00000, 13.80000,13.26766,-8.26661,4.69143, -1771.163,-1782.697,-19.683,  0,    -8836.8,   0.97545, 0, 
unit_sim,       149.362, 0, 25.00000,25.00000, 13.80000,13.26749,-8.40578,4.55169, -1793.949,-1804.918,-19.722,  0,    -9196.7,   0.97445, 0, 
unit_sim,       149.562, 0, 25.00000,25.00000, 13.80000,13.26733,-8.54010,4.41681, -1815.601,-1825.999,-19.762,  0,    -9560.9,   0.97344, 0, 
unit_sim,       149.762, 0, 25.00000,25.00000, 13.80000,13.26716,-8.66948,4.28685, -1836.107,-1845.926,-19.802,  0,    -9929.1,   0.97242, 0, 
unit_sim,       149.962, 0, 25.00000,25.00000, 13.80000,13.26698,-8.79384,4.16190, -1855.453,-1864.688,-19.842,  0,   -10301.1,   0.97139, 0, 
unit_sim,       150.162, 0, 25.00000,25.00000, 13.80000,13.26681,-8.91311,4.04205, -1873.627,-1882.271,-19.883,  0,   -10676.7,   0.97034, 0, 
unit_sim,       150.362, 0, 25.00000,25.00000, 13.80000,13.26664,-9.02719,3.92737, -1890.618,-1898.666,-19.925,  0,   -11055.6,   0.96929, 0, 
unit_sim,       150.562, 0, 25.00000,25.00000, 13.80000,13.26646,-9.13604,3.81793, -1906.415,-1913.862,-19.966,  0,   -11437.6,   0.96823, 0, 
unit_sim,       150.762, 0, 25.00000,25.00000, 13.80000,13.26628,-9.23956,3.71380, -1921.007,-1927.849,-20.009,  0,   -11822.5,   0.96716, 0, 
unit_sim,       150.962, 0, 25.00000,25.00000, 13.80000,13.26610,-9.33770,3.61506, -1934.386,-1940.618,-20.051,  0,   -12210.0,   0.96608, 0, 
unit_sim,       151.162, 0, 25.00000,25.00000, 13.80000,13.26592,-9.43039,3.52175, -1946.544,-1952.162,-20.094,  0,   -12599.9,   0.96500, 0, 
unit_sim,       151.362, 0, 25.00000,25.00000, 13.80000,13.26574,-9.51757,3.43395, -1957.471,-1962.472,-20.137,  0,   -12991.9,   0.96391, 0, 
unit_sim,       151.562, 0, 25.00000,25.00000, 13.80000,13.26556,-9.59919,3.35171, -1967.163,-1971.543,-20.180,  0,   -13385.7,   0.96282, 0, 
unit_sim,       151.762, 0, 25.00000,25.00000, 13.80000,13.26538,-9.67520,3.27509, -1975.612,-1979.369,-20.223,  0,   -13781.2,   0.96172, 0, 
unit_sim,       151.962, 0, 25.00000,25.00000, 13.80000,13.26520,-9.74554,3.20413, -1982.813,-1985.944,-20.267,  0,   -14178.1,   0.96062, 0, 
unit_sim,       152.162, 0, 25.00000,25.00000, 13.80000,13.26501,-9.81017,3.13887, -1988.762,-1991.265,-20.311,  0,   -14576.1,   0.95951, 0, 
unit_sim,       152.362, 0, 25.00000,25.00000, 13.80000,13.26483,-9.86904,3.07937, -1993.454,-1995.328,-20.355,  0,   -14975.0,   0.95840, 0, 
unit_sim,       152.562, 0, 25.00000,25.00000, 13.80000,13.26464,-9.92213,3.02565, -1996.888,-1998.132,-20.399,  0,   -15374.5,   0.95729, 0, 
unit_sim,       152.762, 0, 25.00000,25.00000, 13.80000,13.26446,-9.96939,2.97776, -1999.060,-1999.672,-20.443,  0,   -15774.4,   0.95618, 0, 
unit_sim,       152.962, 0, 25.00000,25.00000, 13.80000,13.26427,-10.01080,2.93573, -1999.969,-1999.950,-20.487,  0,   -16174.4,   0.95507, 0, 
unit_sim,       153.162, 0, 25.00000,25.00000, 13.80000,13.26409,-10.04632,2.89958, -1999.616,-1998.965,-20.532,  0,   -16574.2,   0.95396, 0, 
unit_sim,       153.362, 0, 25.00000,25.00000, 13.80000,13.26390,-10.07593,2.86933, -1997.999,-1996.717,-20.576,  0,   -16973.7,   0.95285, 0, 
unit_sim,       153.562, 0, 25.00000,25.00000, 13.80000,13.26372,-10.09962,2.84501, -1995.120,-1993.208,-20.620,  0,   -17372.5,   0.95174, 0, 
unit_sim,       153.762, 0, 25.00000,25.00000, 13.80000,13.26353,-10.11737,2.82664, -1990.982,-1988.440,-20.664,  0,   -17770.5,   0.95064, 0, 
unit_sim,       153.962, 0, 25.00000,25.00000, 13.80000,13.26335,-10.12916,2.81423, -1985.585,-1982.417,-20.708,  0,   -18167.3,   0.94954, 0, 
unit_sim,       154.162, 0, 25.00000,25.00000, 13.80000,13.26316,-10.13498,2.80778, -1978.935,-1975.140,-20.752,  0,   -18562.7,   0.94844, 0, 
unit_sim,       154.362, 0, 25.00000,25.00000, 13.80000,13.26298,-10.13484,2.80730, -1971.034,-1966.617,-20.796,  0,   -18956.4,   0.94734, 0, 
unit_sim,       154.562, 0, 25.00000,25.00000, 13.80000,13.26280,-10.12873,2.81279, -1961.889,-1956.851,-20.840,  0,   -19348.3,   0.94625, 0, 
unit_sim,       154.762, 0, 25.00000,25.00000, 13.80000,13.26262,-10.11666,2.82425, -1951.504,-1945.849,-20.883,  0,   -19738.1,   0.94517, 0, 
unit_sim,       154.962, 0, 25.00000,25.00000, 13.80000,13.26244,-10.09862,2.84167, -1939.887,-1933.619,-20.926,  0,   -20125.4,   0.94410, 0, 
unit_sim,       155.162, 0, 25.00000,25.00000, 13.80000,13.26226,-10.07463,2.86505, -1927.045,-1920.166,-20.969,  0,   -20510.1,   0.94303, 0, 
unit_sim,       155.362, 0, 25.00000,25.00000, 13.80000,13.26208,-10.04471,2.89437, -1912.985,-1905.501,-21.012,  0,   -20892.0,   0.94197, 0, 
unit_sim,       155.562, 0, 25.00000,25.00000, 13.80000,13.26191,-10.00888,2.92961, -1897.717,-1889.633,-21.054,  0,   -21270.7,   0.94091, 0, 
unit_sim,       155.762, 0, 25.00000,25.00000, 13.80000,13.26173,-9.96714,2.97075, -1881.251,-1872.571,-21.096,  0,   -21646.1,   0.93987, 0, 
unit_sim,       155.962, 0, 25.00000,25.00000, 13.80000,13.26156,-9.91954,3.01776, -1863.596,-1854.326,-21.138,  0,   -22017.9,   0.93884, 0, 
unit_sim,       156.162, 0, 25.00000,25.00000, 13.80000,13.26139,-9.86609,3.07062, -1844.764,-1834.910,-21.179,  0,   -22385.9,   0.93782, 0, 
unit_sim,       156.362, 0, 25.00000,25.00000, 13.80000,13.26122,-9.80684,3.12930, -1824.767,-1814.335,-21.220,  0,   -22749.8,   0.93681, 0, 
unit_sim,       156.562, 0, 25.00000,25.00000, 13.80000,13.26105,-9.74181,3.19376, -1803.617,-1792.614,-21.260,  0,   -23109.4,   0.93581, 0, 
unit_sim,       156.762, 0, 25.00000,25.00000, 13.80000,13.26089,-9.67106,3.26395, -1781.328,-1769.761,-21.300,  0,   -23464.5,   0.93482, 0, 
unit_sim,       156.962, 0, 25.00000,25.00000, 13.80000,13.26072,-9.59461,3.33984, -1757.915,-1745.790,-21.339,  0,   -23814.9,   0.93385, 0, 
unit_sim,       157.162, 0, 25.00000,25.00000, 13.80000,13.26056,-9.51252,3.42138, -1733.390,-1720.717,-21.378,  0,   -24160.3,   0.93289, 0, 
unit_sim,       157.362, 0, 25.00000,25.00000, 13.80000,13.26040,-9.42484,3.50852, -1707.771,-1694.556,-21.416,  0,   -24500.5,   0.93194, 0, 
unit_sim,       157.562, 0, 25.00000,25.00000, 13.80000,13.26025,-9.33163,3.60121, -1681.073,-1667.325,-21.454,  0,   -24835.3,   0.93101, 0, 
unit_sim,       157.762, 0, 25.00000,25.00000, 13.80000,13.26009,-9.23294,3.69938, -1653.314,-1639.041,-21.491,  0,   -25164.6,   0.93010, 0, 
unit_sim,       157.962, 0, 25.00000,25.00000, 13.80000,13.25994,-9.12883,3.80297, -1624.510,-1609.722,-21.528,  0,   -25488.0,   0.92920, 0, 
unit_sim,       158.162, 0, 25.00000,25.00000, 13.80000,13.25979,-9.01937,3.91193, -1594.680,-1579.386,-21.563,  0,   -25805.4,   0.92832, 0, 
unit_sim,       158.362, 0, 25.00000,25.00000, 13.80000,13.25965,-8.90462,4.02618, -1563.843,-1548.052,-21.599,  0,   -26116.6,   0.92745, 0, 
unit_sim,       158.562, 0, 25.00000,25.00000, 13.80000,13.25950,-8.78467,4.14565, -1532.018,-1515.741,-21.633,  0,   -26421.4,   0.92661, 0, 
unit_sim,       158.762, 0, 25.00000,25.00000, 13.80000,13.25937,-8.65957,4.27027, -1499.225,-1482.473,-21.667,  0,   -26719.5,   0.92578, 0, 
unit_sim,       158.962, 0, 25.00000,25.00000, 13.80000,13.25923,-8.52942,4.39996, -1465.486,-1448.267,-21.700,  0,   -27010.9,   0.92497, 0, 
unit_sim,       159.162, 0, 25.00000,25.00000, 13.80000,13.25910,-8.39428,4.53464, -1430.821,-1413.148,-21.732,  0,   -27295.3,   0.92418, 0, 
unit_sim,       159.362, 0, 25.00000,25.00000, 13.80000,13.25897,-8.25426,4.67422, -1395.252,-1377.135,-21.764,  0,   -27572.6,   0.92341, 0, 
unit_sim,       159.562, 0, 25.00000,25.00000, 13.80000,13.25884,-8.10943,4.81863, -1358.802,-1340.253,-21.794,  0,   -27842.5,   0.92266, 0, 
unit_sim,       159.762, 0, 25.00000,25.00000, 13.80000,13.25872,-7.95988,4.96776, -1321.493,-1302.524,-21.824,  0,   -28104.9,   0.92193, 0, 
unit_sim,       159.962, 0, 25.00000,25.00000, 13.80000,13.25860,-7.80570,5.12152, -1283.350,-1263.973,-21.853,  0,   -28359.6,   0.92122, 0, 
unit_sim,       160.162, 0, 25.00000,25.00000, 13.80000,13.25848,-7.64701,5.27982, -1244.396,-1224.623,-21.882,  0,   -28606.5,   0.92054, 0, 
unit_sim,       160.362, 0, 25.00000,25.00000, 13.80000,13.25837,-7.48388,5.44257, -1204.657,-1184.500,-21.909,  0,   -28845.4,   0.91987, 0, 
unit_sim,       160.562, 0, 25.00000,25.00000, 13.80000,13.25826,-7.31643,5.60965, -1164.156,-1143.628,-21.935,  0,   -29076.2,   0.91923, 0, 
unit_sim,       160.762, 0, 25.00000,25.00000, 13.80000,13.25815,-7.14476,5.78096, -1122.920,-1102.035,-21.961,  0,   -29298.7,   0.91861, 0, 
unit_sim,       160.962, 0, 25.00000,25.00000, 13.80000,13.25805,-6.96898,5.95640, -1080.975,-1059.745,-21.985,  0,   -29512.8,   0.91802, 0, 
unit_sim,       161.162, 0, 25.00000,25.00000, 13.80000,13.25796,-6.78919,6.13585, -1038.347,-1016.786,-22.009,  0,   -29718.3,   0.91745, 0, 
unit_sim,       161.362, 0, 25.00000,25.00000, 13.80000,13.25786,-6.60552,6.31921, -995.063,-973.184,-22.032,  0,   -29915.1,   0.91690, 0, 
unit_sim,       161.562, 0, 25.00000,25.00000, 13.80000,13.25777,-6.41807,6.50636, -951.151,-928.968,-22.053,  0,   -30103.1,   0.91638, 0, 
unit_sim,       161.762, 0, 25.00000,25.00000, 13.80000,13.25769,-6.22696,6.69718, -906.638,-884.165,-22.074,  0,   -30282.2,   0.91588, 0, 
unit_sim,       161.962, 0, 25.00000,25.00000, 13.80000,13.25761,-6.03232,6.89155, -861.553,-838.804,-22.094,  0,   -30452.2,   0.91541, 0, 
unit_sim,       162.162, 0, 25.00000,25.00000, 13.80000,13.25753,-5.83426,7.08934, -815.923,-792.913,-22.113,  0,   -30613.1,   0.91496, 0, 
unit_sim,       162.362, 0, 25.00000,25.00000, 13.80000,13.25746,-5.63291,7.29045, -769.778,-746.521,-22.130,  0,   -30764.7,   0.91454, 0, 
unit_sim,       162.562, 0, 25.00000,25.00000, 13.80000,13.25739,-5.42839,7.49474, -723.146,-699.657,-22.147,  0,   -30907.0,   0.91415, 0, 
unit_sim,       162.762, 0, 25.00000,25.00000, 13.80000,13.25733,-5.22084,7.70207, -676.058,-652.352,-22.163,  0,   -31039.9,   0.91378, 0, 
unit_sim,       162.962, 0, 25.00000,25.00000, 13.80000,13.25727,-5.01037,7.91233, -628.543,-604.634,-22.177,  0,   -31163.2,   0.91344, 0, 
unit_sim,       163.162, 0, 25.00000,25.00000, 13.80000,13.25721,-4.79714,8.12538, -580.631,-556.535,-22.191,  0,   -31276.9,   0.91312, 0, 
unit_sim,       163.362, 0, 25.00000,25.00000, 13.80000,13.25716,-4.58126,8.34109, -532.352,-508.084,-22.203,  0,   -31380.9,   0.91283, 0, 
unit_sim,       163.562, 0, 25.00000,25.00000, 13.80000,13.25712,-4.36288,8.55932, -483.737,-459.313,-22.215,  0,   -31475.2,   0.91257, 0, 
unit_sim,       163.762, 0, 25.00000,25.00000, 13.80000,13.25707,-4.14213,8.77993, -434.816,-410.251,-22.225,  0,   -31559.8,   0.91233, 0, 
unit_sim,       163.962, 0, 25.00000,25.00000, 13.80000,13.25704,-3.91915,9.00278, -385.621,-360.930,-22.234,  0,   -31634.4,   0.91213, 0, 
unit_sim,       164.162, 0, 25.00000,25.00000, 13.80000,13.25701,-3.69407,9.22775, -336.182,-311.381,-22.242,  0,   -31699.2,   0.91195, 0, 
unit_sim,       164.362, 0, 25.00000,25.00000, 13.80000,13.25698,-3.46705,9.45467, -286.530,-261.635,-22.249,  0,   -31754.0,   0.91179, 0, 
unit_sim,       164.562, 0, 25.00000,25.00000, 13.80000,13.25696,-3.23822,9.68342, -236.698,-211.724,-22.255,  0,   -31798.8,   0.91167, 0, 
unit_sim,       164.762, 0, 25.00000,25.00000, 13.80000,13.25694,-3.00773,9.91385, -186.717,-161.679,-22.260,  0,   -31833.7,   0.91157, 0, 
unit_sim,       164.962, 0, 25.00000,25.00000, 13.80000,13.25692,-2.77572,10.14581, -136.617,-111.533,-22.264,  0,   -31858.5,   0.91150, 0, 
unit_sim,       165.162, 0, 25.00000,25.00000, 13.80000,13.25691,-2.54234,10.37917, -86.431,-61.316,-22.266,  0,   -31873.2,   0.91146, 0, 
unit_sim,       165.362, 0, 25.00000,25.00000, 13.80000,13.25691,-2.30773,10.61379, -36.190,-11.060,-22.268,  0,   -31878.0,   0.91145, 0, 
unit_sim,       165.562, 0, 25.00000,25.00000, 13.80000,13.25691,-2.07204,10.84975,  14.073, 39.203,-22.260,  0,   -31872.7,   0.91146, 0, 
unit_sim,       165.762, 0, 25.00000,25.00000, 13.80000,13.25691,-1.83543,11.08693,  64.327, 89.441,-22.234,  0,   -31857.3,   0.91151, 0, 
unit_sim,       165.962, 0, 25.00000,25.00000, 13.80000,13.25692,-1.59803,11.32517, 114.541,139.623,-22.191,  0,   -31831.9,   0.91158, 0, 
unit_sim,       166.162, 0, 25.00000,25.00000, 13.80000,13.25694,-1.35999,11.56432, 164.683,189.717,-22.130,  0,   -31796.5,   0.91168, 0, 
unit_sim,       166.362, 0, 25.00000,25.00000, 13.80000,13.25696,-1.12147,11.80424, 214.720,239.690,-22.052,  0,   -31751.2,   0.91180, 0, 
unit_sim,       166.562, 0, 25.00000,25.00000, 13.80000,13.25698,-0.88262,12.04478, 264.622,289.512,-21.957,  0,   -31695.8,   0.91196, 0, 
unit_sim,       166.762, 0, 25.00000,25.00000, 13.80000,13.25701,-0.64358,12.28578, 314.357,339.152,-21.844,  0,   -31630.6,   0.91214, 0, 
unit_sim,       166.962, 0, 25.00000,25.00000, 13.80000,13.25704,-0.40451,12.52710, 363.893,388.577,-21.713,  0,   -31555.4,   0.91235, 0, 
unit_sim,       167.162, 0, 25.00000,25.00000, 13.80000,13.25708,-0.16556,12.76857, 413.199,437.757,-21.565,  0,   -31470.5,   0.91258, 0, 
unit_sim,       167.362, 0, 25.00000,25.00000, 13.80000,13.25712,0.07313,13.01006, 462.245,486.660,-21.400,  0,   -31375.7,   0.91285, 0, 
unit_sim,       167.562, 0, 25.00000,25.00000, 13.80000,13.25716,0.31141,13.25140, 510.998,535.256,-21.218,  0,   -31271.3,   0.91314, 0, 
unit_sim,       167.762, 0, 25.00000,25.00000, 13.80000,13.25722,0.54911,13.49245, 559.429,583.514,-21.018,  0,   -31157.1,   0.91345, 0, 
unit_sim,       167.962, 0, 25.00000,25.00000, 13.80000,13.25727,0.78611,13.73306, 607.506,631.403,-20.801,  0,   -31033.4,   0.91380, 0, 
unit_sim,       168.162, 0, 25.00000,25.00000, 13.80000,13.25733,1.02224,13.97307, 655.200,678.893,-20.567,  0,   -30900.2,   0.91417, 0, 
unit_sim,       168.362, 0, 25.00000,25.00000, 13.80000,13.25739,1.25736,14.21233, 702.479,725.955,-20.316,  0,   -30757.6,   0.91456, 0, 
unit_sim,       168.562, 0, 25.00000,25.00000, 13.80000,13.25746,1.49131,14.45070, 749.316,772.558,-20.048,  0,   -30605.6,   0.91498, 0, 
unit_sim,       168.762, 0, 25.00000,25.00000, 13.80000,13.25753,1.72397,14.68802, 795.678,818.673,-19.920,  0,   -30444.4,   0.91543, 0, 
unit_sim,       168.962, 0, 25.00000,25.00000, 13.80000,13.25761,1.95517,14.92414, 841.538,864.271,-19.793,  0,   -30274.1,   0.91591, 0, 
unit_sim,       169.162, 0, 25.00000,25.00000, 13.80000,13.25769,2.18477,15.15893, 886.867,909.323,-19.658,  0,   -30094.8,   0.91640, 0, 
unit_sim,       169.362, 0, 25.00000,25.00000, 13.80000,13.25778,2.41263,15.39222, 931.636,953.801,-19.513,  0,   -29906.5,   0.91693, 0, 
unit_sim,       169.562, 0, 25.00000,25.00000, 13.80000,13.25787,2.63861,15.62388, 975.816,997.676,-19.359,  0,   -29709.5,   0.91747, 0, 
unit_sim,       169.762, 0, 25.00000,25.00000, 13.80000,13.25796,2.86256,15.85375, 1019.379,1040.922,-19.194,  0,   -29503.7,   0.91805, 0, 
unit_sim,       169.962, 0, 25.00000,25.00000, 13.80000,13.25806,3.08434,16.08170, 1062.299,1083.509,-19.018,  0,   -29289.5,   0.91864, 0, 
unit_sim,       170.162, 0, 25.00000,25.00000, 13.80000,13.25816,3.30382,16.30757, 1104.548,1125.412,-18.831,  0,   -29066.8,   0.91926, 0, 
unit_sim,       170.362, 0, 25.00000,25.00000, 13.80000,13.25826,3.52085,16.53124, 1146.099,1166.605,-18.633,  0,   -28835.9,   0.91990, 0, 
unit_sim,       170.562, 0, 25.00000,25.00000, 13.80000,13.25837,3.73530,16.75255, 1186.927,1207.061,-18.421,  0,   -28596.8,   0.92056, 0, 
unit_sim,       170.762, 0, 25.00000,25.00000, 13.80000,13.25848,3.94704,16.97137, 1227.004,1246.754,-18.196,  0,   -28349.8,   0.92125, 0, 
unit_sim,       170.962, 0, 25.00000,25.00000, 13.80000,13.25860,4.15593,17.18757, 1266.307,1285.660,-17.958,  0,   -28095.0,   0.92196, 0, 
unit_sim,       171.162, 0, 25.00000,25.00000, 13.80000,13.25872,4.36184,17.40100, 1304.810,1323.753,-17.704,  0,   -27832.6,   0.92269, 0, 
unit_sim,       171.362, 0, 25.00000,25.00000, 13.80000,13.25884,4.56464,17.61153, 1342.488,1361.011,-17.433,  0,   -27562.6,   0.92344, 0, 
unit_sim,       171.562, 0, 25.00000,25.00000, 13.80000,13.25897,4.76421,17.81903, 1379.319,1397.409,-17.146,  0,   -27285.4,   0.92421, 0, 
unit_sim,       171.762, 0, 25.00000,25.00000, 13.80000,13.25910,4.96042,18.02338, 1415.278,1432.924,-16.840,  0,   -27001.0,   0.92500, 0, 
unit_sim,       171.962, 0, 25.00000,25.00000, 13.80000,13.25923,5.15314,18.22443, 1450.344,1467.535,-16.514,  0,   -26709.6,   0.92581, 0, 
unit_sim,       172.162, 0, 25.00000,25.00000, 13.80000,13.25937,5.34226,18.42207, 1484.494,1501.218,-16.167,  0,   -26411.5,   0.92663, 0, 
unit_sim,       172.362, 0, 25.00000,25.00000, 13.80000,13.25951,5.52765,18.61617, 1517.705,1533.953,-15.795,  0,   -26106.8,   0.92748, 0, 
unit_sim,       172.562, 0, 25.00000,25.00000, 13.80000,13.25965,5.70921,18.80661, 1549.959,1565.719,-15.399,  0,   -25795.7,   0.92835, 0, 
unit_sim,       172.762, 0, 25.00000,25.00000, 13.80000,13.25980,5.88681,18.99327, 1581.233,1596.497,-14.974,  0,   -25478.4,   0.92923, 0, 
unit_sim,       172.962, 0, 25.00000,25.00000, 13.80000,13.25995,6.06035,19.17603, 1611.509,1626.266,-14.518,  0,   -25155.1,   0.93012, 0, 
unit_sim,       173.162, 0, 25.00000,25.00000, 13.80000,13.26010,6.22971,19.35478, 1640.766,1655.007,-14.029,  0,   -24826.0,   0.93104, 0, 
unit_sim,       173.362, 0, 25.00000,25.00000, 13.80000,13.26025,6.39480,19.52940, 1668.987,1682.704,-13.502,  0,   -24491.4,   0.93197, 0, 
unit_sim,       173.562, 0, 25.00000,25.00000, 13.80000,13.26041,6.55550,19.69980, 1696.155,1709.338,-12.933,  0,   -24151.3,   0.93291, 0, 
unit_sim,       173.762, 0, 25.00000,25.00000, 13.80000,13.26056,6.71172,19.86584, 1722.250,1734.891,-12.317,  0,   -23806.1,   0.93387, 0, 
unit_sim,       173.962, 0, 25.00000,25.00000, 13.80000,13.26073,6.86336,20.02745, 1747.259,1759.350,-11.649,  0,   -23456.0,   0.93484, 0, 
unit_sim,       174.162, 0, 25.00000,25.00000, 13.80000,13.26089,7.01032,20.18451, 1771.163,1782.697,-10.923,  0,   -23101.1,   0.93583, 0, 
unit_sim,       174.362, 0, 25.00000,25.00000, 13.80000,13.26105,7.15251,20.33692, 1793.949,1804.917,-10.129,  0,   -22741.8,   0.93683, 0, 
unit_sim,       174.562, 0, 25.00000,25.00000, 13.80000,13.26122,7.28985,20.48459, 1815.601,1825.998, -9.258,  0,   -22378.2,   0.93784, 0, 
unit_sim,       174.762, 0, 25.00000,25.00000, 13.80000,13.26139,7.42224,20.62743, 1836.107,1845.926, -8.299,  0,   -22010.5,   0.93886, 0, 
unit_sim,       174.962, 0, 25.00000,25.00000, 13.80000,13.26156,7.54961,20.76534, 1855.453,1864.688, -7.239,  0,   -21639.1,   0.93989, 0, 
unit_sim,       175.162, 0, 25.00000,25.00000, 13.80000,13.26174,7.67187,20.89824, 1873.627,1882.271, -6.059,  0,   -21264.0,   0.94093, 0, 
unit_sim,       175.362, 0, 25.00000,25.00000, 13.80000,13.26191,7.78894,21.02605, 1890.618,1898.666, -4.740,  0,   -20885.7,   0.94198, 0, 
unit_sim,       175.562, 0, 25.00000,25.00000, 13.80000,13.26208,7.90077,21.14868, 1906.415,1913.862, -3.254,  0,   -20504.2,   0.94304, 0, 
unit_sim,       175.762, 0, 25.00000,25.00000, 13.80000,13.26226,8.00727,21.26606, 1921.007,1927.849, -1.568,  0,   -20119.9,   0.94411, 0, 
unit_sim,       175.962, 0, 25.00000,25.00000, 13.80000,13.26244,8.10837,21.37811, 1934.386,1940.618,  0.353,  0,   -19733.0,   0.94519, 0, 
unit_sim,       176.162, 0, 25.00000,25.00000, 13.80000,13.26262,8.20402,21.48476, 1946.544,1952.162,  2.219,  0,   -19343.7,   0.94627, 0, 
unit_sim,       176.362, 0, 25.00000,25.00000, 13.80000,13.26280,8.29416,21.58594, 1957.471,1962.472,  3.889,  0,   -18952.3,   0.94735, 0, 
unit_sim,       176.562, 0, 25.00000,25.00000, 13.80000,13.26298,8.37873,21.68161, 1967.163,1971.543,  5.390,  0,   -18559.0,   0.94845, 0, 
unit_sim,       176.762, 0, 25.00000,25.00000, 13.80000,13.26317,8.45767,21.77168, 1975.612,1979.369,  6.745,  0,   -18164.1,   0.94954, 0, 
unit_sim,       176.962, 0, 25.00000,25.00000, 13.80000,13.26335,8.53094,21.85612, 1982.813,1985.944,  7.974,  0,   -17767.8,   0.95064, 0, 
unit_sim,       177.162, 0, 25.00000,25.00000, 13.80000,13.26353,8.59850,21.93486, 1988.762,1991.265,  9.091,  0,   -17370.4,   0.95175, 0, 
unit_sim,       177.362, 0, 25.00000,25.00000, 13.80000,13.26372,8.66029,22.00787, 1993.454,1995.328, 10.111,  0,   -16972.2,   0.95286, 0, 
unit_sim,       177.562, 0, 25.00000,25.00000, 13.80000,13.26390,8.71629,22.07509, 1996.888,1998.132, 11.045,  0,   -16573.3,   0.95396, 0, 
unit_sim,       177.762, 0, 25.00000,25.00000, 13.80000,13.26409,8.76645,22.13648, 1999.060,1999.672, 11.901,  0,   -16174.0,   0.95507, 0, 
unit_sim,       177.962, 0, 25.00000,25.00000, 13.80000,13.26427,8.81076,22.19201, 1999.969,1999.950, 12.689,  0,   -15774.6,   0.95618, 0, 
unit_sim,       178.162, 0, 25.00000,25.00000, 13.80000,13.26446,8.84917,22.24164, 1999.616,1998.965, 13.416,  0,   -15375.3,   0.95729, 0, 
unit_sim,       178.362, 0, 25.00000,25.00000, 13.80000,13.26464,8.88167,22.28534, 1997.999,1996.717, 14.087,  0,   -14976.5,   0.95840, 0, 
unit_sim,       178.562, 0, 25.00000,25.00000, 13.80000,13.26483,8.90823,22.32309, 1995.120,1993.208, 14.708,  0,   -14578.2,   0.95950, 0, 
unit_sim,       178.762, 0, 25.00000,25.00000, 13.80000,13.26501,8.92884,22.35485, 1990.982,1988.440, 15.529,  0,   -14180.9,   0.96061, 0, 
unit_sim,       178.962, 0, 25.00000,25.00000, 13.80000,13.26519,8.94350,22.37034, 1985.585,1982.417, 16.132,  0,   -13784.7,   0.96171, 0, 
unit_sim,       179.162, 0, 25.00000,25.00000, 13.80000,13.26538,8.95218,22.37888, 1978.935,1975.141, 16.102,  0,   -13389.9,   0.96281, 0, 
unit_sim,       179.362, 0, 25.00000,25.00000, 13.80000,13.26556,8.95489,22.38144, 1971.034,1966.617, 16.072,  0,   -12996.7,   0.96390, 0, 
unit_sim,       179.562, 0, 25.00000,25.00000, 13.80000,13.26574,8.95162,22.37803, 1961.889,1956.851, 16.042,  0,   -12605.4,   0.96499, 0, 
unit_sim,       179.762, 0, 25.00000,25.00000, 13.80000,13.26592,8.94238,22.36864, 1951.504,1945.849, 16.012,  0,   -12216.2,   0.96607, 0, 
unit_sim,       179.962, 0, 25.00000,25.00000, 13.80000,13.26610,8.92717,22.35329, 1939.887,1933.619, 15.982,  0,   -11829.5,   0.96714, 0, 
unit_sim,       180.162, 0, 25.00000,25.00000, 13.80000,13.26628,8.90600,22.33198, 1927.045,1920.167, 15.952,  0,   -11445.3,   0.96821, 0, 
unit_sim,       180.362, 0, 25.00000,25.00000, 13.80000,13.26646,8.87890,22.30473, 1912.985,1905.502, 15.922,  0,   -11064.1,   0.96927, 0, 
unit_sim,       180.562, 0, 25.00000,25.00000, 13.80000,13.26663,8.84587,22.27156, 1897.717,1889.633, 15.892,  0,   -10685.9,   0.97032, 0, 
unit_sim,       180.762, 0, 25.00000,25.00000, 13.80000,13.26681,8.80694,22.23249, 1881.251,1872.571, 15.863,  0,   -10311.1,   0.97136, 0, 
unit_sim,       180.962, 0, 25.00000,25.00000, 13.80000,13.26698,8.76213,22.18754, 1863.596,1854.326, 15.834,  0,    -9939.8,   0.97239, 0, 
unit_sim,       181.162, 0, 25.00000,25.00000, 13.80000,13.26715,8.71147,22.13675, 1844.764,1834.910, 15.805,  0,    -9572.4,   0.97341, 0, 
unit_sim,       181.362, 0, 25.00000,25.00000, 13.80000,13.26732,8.65500,22.08014, 1824.767,1814.335, 15.776,  0,    -9209.1,   0.97442, 0, 
unit_sim,       181.562, 0, 25.00000,25.00000, 13.80000,13.26749,8.59274,22.01775, 1803.617,1792.615, 15.747,  0,    -8850.0,   0.97542, 0, 
unit_sim,       181.762, 0, 25.00000,25.00000, 13.80000,13.26765,8.52475,21.94963, 1781.329,1769.761, 15.719,  0,    -8495.4,   0.97640, 0, 
unit_sim,       181.962, 0, 25.00000,25.00000, 13.80000,13.26781,8.45107,21.87581, 1757.915,1745.790, 15.691,  0,    -8145.6,   0.97737, 0, 
unit_sim,       182.162, 0, 25.00000,25.00000, 13.80000,13.26798,8.37173,21.79635, 1733.390,1720.717, 15.663,  0,    -7800.7,   0.97833, 0, 
unit_sim,       182.362, 0, 25.00000,25.00000, 13.80000,13.26814,8.28680,21.71130, 1707.771,1694.556, 15.636,  0,    -7460.9,   0.97928, 0, 
unit_sim,       182.562, 0, 25.00000,25.00000, 13.80000,13.26829,8.19633,21.62070, 1681.073,1667.325, 15.609,  0,    -7126.6,   0.98020, 0, 
unit_sim,       182.762, 0, 25.00000,25.00000, 13.80000,13.26844,8.10037,21.52462, 1653.314,1639.041, 15.582,  0,    -6797.9,   0.98112, 0, 
unit_sim,       182.962, 0, 25.00000,25.00000, 13.80000,13.26859,7.99899,21.42311, 1624.510,1609.722, 15.556,  0,    -6474.9,   0.98201, 0, 
unit_sim,       183.162, 0, 25.00000,25.00000, 13.80000,13.26874,7.89225,21.31626, 1594.680,1579.386, 15.530,  0,    -6158.0,   0.98289, 0, 
unit_sim,       183.362, 0, 25.00000,25.00000, 13.80000,13.26889,7.78022,21.20411, 1563.843,1548.053, 15.504,  0,    -5847.3,   0.98376, 0, 
unit_sim,       183.562, 0, 25.00000,25.00000, 13.80000,13.26903,7.66297,21.08675, 1532.018,1515.741, 15.479,  0,    -5542.9,   0.98460, 0, 
unit_sim,       183.762, 0, 25.00000,25.00000, 13.80000,13.26917,7.54058,20.96424, 1499.225,1482.473, 15.455,  0,    -5245.2,   0.98543, 0, 
unit_sim,       183.962, 0, 25.00000,25.00000, 13.80000,13.26931,7.41312,20.83667, 1465.486,1448.268, 15.431,  0,    -4954.3,   0.98624, 0, 
unit_sim,       184.162, 0, 25.00000,25.00000, 13.80000,13.26944,7.28067,20.70412, 1430.821,1413.148, 15.407,  0,    -4670.3,   0.98703, 0, 
unit_sim,       184.362, 0, 25.00000,25.00000, 13.80000,13.26957,7.14333,20.56667, 1395.252,1377.136, 15.384,  0,    -4393.5,   0.98780, 0, 
unit_sim,       184.562, 0, 25.00000,25.00000, 13.80000,13.26970,7.00117,20.42441, 1358.802,1340.253, 15.362,  0,    -4124.0,   0.98854, 0, 
unit_sim,       184.762, 0, 25.00000,25.00000, 13.80000,13.26982,6.85429,20.27744, 1321.493,1302.525, 15.340,  0,    -3862.0,   0.98927, 0, 
unit_sim,       184.962, 0, 25.00000,25.00000, 13.80000,13.26994,6.70278,20.12583, 1283.350,1263.973, 15.318,  0,    -3607.6,   0.98998, 0, 
unit_sim,       185.162, 0, 25.00000,25.00000, 13.80000,13.29916,6.54674,19.99880, 1244.397,1224.624, 15.298,  0,    -3361.1,   0.99066, 0, 
unit_sim,       185.362, 0, 25.00000,25.00000, 13.80000,13.35980,6.38626,19.89876, 1204.657,1184.500, 15.278,  0,    -3122.5,   0.99133, 0, 
unit_sim,       185.562, 0, 25.00000,25.00000, 13.80000,13.41842,6.22146,19.79239, 1164.156,1143.629, 15.258,  0,    -2892.1,   0.99197, 0, 
unit_sim,       185.762, 0, 25.00000,25.00000, 13.80000,13.47500,6.05242,19.67974, 1122.921,1102.035, 15.239,  0,    -2669.9,   0.99258, 0, 
unit_sim,       185.962, 0, 25.00000,25.00000, 13.80000,13.52949,5.87927,19.56090, 1080.975,1059.745, 15.221,  0,    -2456.2,   0.99318, 0, 
unit_sim,       186.162, 0, 25.00000,25.00000, 13.80000,13.58187,5.70211,19.43594, 1038.348,1016.786, 15.203,  0,    -2251.0,   0.99375, 0, 
unit_sim,       186.362, 0, 25.00000,25.00000, 13.80000,13.63209,5.52105,19.30494, 995.064,973.185, 15.186,  0,    -2054.5,   0.99429, 0, 
unit_sim,       186.562, 0, 25.00000,25.00000, 13.80000,13.68013,5.33622,19.16798, 951.152,928.968, 15.170,  0,    -1866.7,   0.99481, 0, 
unit_sim,       186.762, 0, 25.00000,25.00000, 13.80000,13.73031,5.14772,19.02951, 906.639,884.166, 15.155,  0,    -1687.9,   0.99531, 0, 
unit_sim,       186.962, 0, 25.00000,25.00000, 13.80000,13.80584,4.95567,18.91285, 861.553,838.804, 15.140,  0,    -1518.1,   0.99578, 0, 
unit_sim,       187.162, 0, 25.00000,25.00000, 13.80000,13.87744,4.76020,18.78884, 815.923,792.913, 15.126,  0,    -1357.5,   0.99623, 0, 
unit_sim,       187.362, 0, 25.00000,25.00000, 13.80000,13.94506,4.56144,18.65756, 769.778,746.521, 15.113,  0,    -1206.1,   0.99665, 0, 
unit_sim,       187.562, 0, 25.00000,25.00000, 13.80000,14.00865,4.35950,18.51909, 723.147,699.658, 15.100,  0,    -1064.0,   0.99704, 0, 
unit_sim,       187.762, 0, 25.00000,25.00000, 13.80000,14.06818,4.15452,18.37353, 676.058,652.352, 15.088,  0,     -931.4,   0.99741, 0, 
unit_sim,       187.962, 0, 25.00000,25.00000, 13.80000,14.12359,3.94663,18.22095, 628.543,604.635, 15.077,  0,     -808.3,   0.99775, 0, 
unit_sim,       188.162, 0, 25.00000,25.00000, 13.80000,14.17487,3.73595,18.06145, 580.631,556.536, 15.067,  0,     -694.7,   0.99807, 0, 
unit_sim,       188.362, 0, 25.00000,25.00000, 13.80000,14.22199,3.52263,17.89516, 532.352,508.085, 15.058,  0,     -590.8,   0.99836, 0, 
unit_sim,       188.562, 0, 25.00000,25.00000, 13.80000,14.26491,3.30680,17.72216, 483.737,459.313, 15.049,  0,     -496.7,   0.99862, 0, 
unit_sim,       188.762, 0, 25.00000,25.00000, 13.80000,14.30359,3.08859,17.54256, 434.816,410.251, 15.041,  0,     -412.3,   0.99885, 0, 
unit_sim,       188.962, 0, 25.00000,25.00000, 13.80000,14.33803,2.86814,17.35649, 385.621,360.930, 15.034,  0,     -337.7,   0.99906, 0, 
unit_sim,       189.162, 0, 25.00000,25.00000, 13.80000,14.36820,2.64560,17.16405, 336.182,311.381, 15.028,  0,     -273.1,   0.99924, 0, 
unit_sim,       189.362, 0, 25.00000,25.00000, 13.80000,14.39406,2.42111,16.96537, 286.531,261.635, 15.023,  0,     -218.3,   0.99939, 0, 
unit_sim,       189.562, 0, 25.00000,25.00000, 13.80000,14.41563,2.19480,16.76059, 236.699,211.725, 15.018,  0,     -173.6,   0.99952, 0, 
unit_sim,       189.762, 0, 25.00000,25.00000, 13.80000,14.43287,1.96682,16.54981, 186.717,161.680, 15.014,  0,     -138.8,   0.99961, 0, 
unit_sim,       189.962, 0, 25.00000,25.00000, 13.80000,14.44577,1.73732,16.33319, 136.617,111.533, 15.012,  0,     -114.0,   0.99968, 0, 
unit_sim,       190.162, 0, 25.00000,25.00000, 13.80000,14.45434,1.50644,16.11086,  86.431, 61.316, 15.009,  0,      -99.2,   0.99972, 0, 
unit_sim,       190.362, 0, 25.00000,25.00000, 13.80000,14.45856,1.27432,15.88295,  36.191, 11.060, 15.008,  0,      -94.5,   0.99974, 0, 
unit_sim,       190.562, 0, 25.00000,25.00000, 13.80000,14.45843,1.04112,15.29955, -14.073,-39.203, 15.000,  1,      -99.9,   0.99972, 0, 
unit_sim,       190.762, 0, 25.00000,25.00000, 13.80000,14.45394,0.80699,15.06092, -64.327,-89.441,-16.219,  1,     -115.2,   0.99968, 0, 
unit_sim,       190.962, 0, 25.00000,25.00000, 13.80000,14.44510,0.57206,14.81717, -114.541,-139.623,-16.219,  1,     -140.7,   0.99961, 0, 
unit_sim,       191.162, 0, 25.00000,25.00000, 13.80000,14.43192,0.33650,14.56842, -164.682,-189.716,-16.220,  1,     -176.1,   0.99951, 0, 
unit_sim,       191.362, 0, 25.00000,25.00000, 13.80000,14.41439,0.10045,14.31484, -214.720,-239.690,-16.221,  1,     -221.5,   0.99938, 0, 
unit_sim,       191.562, 0, 25.00000,25.00000, 13.80000,14.39254,-0.13595,14.05659, -264.622,-289.512,-16.222,  1,     -276.9,   0.99923, 0, 
unit_sim,       191.762, 0, 25.00000,25.00000, 13.80000,14.36636,-0.37253,13.79383, -314.357,-339.151,-16.223,  1,     -342.3,   0.99905, 0, 
unit_sim,       191.962, 0, 25.00000,25.00000, 13.80000,14.33590,-0.60916,13.52675, -363.893,-388.577,-16.225,  1,     -417.5,   0.99884, 0, 
unit_sim,       192.162, 0, 25.00000,25.00000, 13.80000,14.30116,-0.84567,13.25548, -413.199,-437.756,-16.226,  1,     -502.6,   0.99860, 0, 
unit_sim,       192.362, 0, 25.00000,25.00000, 13.80000,14.26216,-1.08192,12.98023, -462.244,-486.660,-16.228,  1,     -597.5,   0.99834, 0, 
unit_sim,       192.562, 0, 25.00000,25.00000, 13.80000,14.21893,-1.31777,12.70116, -510.998,-535.255,-16.230,  1,     -702.2,   0.99805, 0, 
unit_sim,       192.762, 0, 25.00000,25.00000, 13.80000,14.17149,-1.55305,12.41844, -559.428,-583.513,-16.233,  1,     -816.4,   0.99773, 0, 
unit_sim,       192.962, 0, 25.00000,25.00000, 13.80000,14.11988,-1.78763,12.13226, -607.506,-631.402,-16.235,  1,     -940.3,   0.99739, 0, 
unit_sim,       193.162, 0, 25.00000,25.00000, 13.80000,14.06413,-2.02135,11.84278, -655.199,-678.893,-16.238,  1,    -1073.7,   0.99702, 0, 
unit_sim,       193.362, 0, 25.00000,25.00000, 13.80000,14.00427,-2.25406,11.55021, -702.479,-725.954,-16.241,  1,    -1216.6,   0.99662, 0, 
unit_sim,       193.562, 0, 25.00000,25.00000, 13.80000,13.94034,-2.48562,11.25472, -749.315,-772.557,-16.245,  1,    -1368.8,   0.99620, 0, 
unit_sim,       193.762, 0, 25.00000,25.00000, 13.80000,13.87238,-2.71588,10.95650, -795.678,-818.673,-16.248,  1,    -1530.2,   0.99575, 0, 
unit_sim,       193.962, 0, 25.00000,25.00000, 13.80000,13.80044,-2.94469,10.65575, -841.538,-864.271,-16.252,  1,    -1700.8,   0.99528, 0, 
unit_sim,       194.162, 0, 25.00000,25.00000, 13.80000,13.72456,-3.17191,10.35017, -886.867,-909.323,-16.256,  0,    -1880.4,   0.99478, 0, 
unit_sim,       194.362, 0, 25.00000,25.00000, 13.80000,13.67661,-3.39739,10.07159, -931.635,-953.801,-16.424,  0,    -2069.0,   0.99425, 0, 
unit_sim,       194.562, 0, 25.00000,25.00000, 13.80000,13.62837,-3.62100,9.79435, -975.815,-997.676,-16.596,  0,    -2266.3,   0.99370, 0, 
unit_sim,       194.762, 0, 25.00000,25.00000, 13.80000,13.57794,-3.84258,9.51671, -1019.379,-1040.921,-16.772,  0,    -2472.3,   0.99313, 0, 
unit_sim,       194.962, 0, 25.00000,25.00000, 13.80000,13.52536,-4.06200,9.23884, -1062.299,-1083.509,-16.949,  0,    -2686.9,   0.99254, 0, 
unit_sim,       195.162, 0, 25.00000,25.00000, 13.80000,13.47066,-4.27913,8.96092, -1104.548,-1125.412,-17.129,  0,    -2909.9,   0.99192, 0, 
unit_sim,       195.362, 0, 25.00000,25.00000, 13.80000,13.41387,-4.49381,8.68312, -1146.099,-1166.605,-17.310,  0,    -3141.2,   0.99127, 0, 
unit_sim,       195.562, 0, 25.00000,25.00000, 13.80000,13.35503,-4.70592,8.40562, -1186.926,-1207.060,-17.493,  0,    -3380.6,   0.99061, 0, 
unit_sim,       195.762, 0, 25.00000,25.00000, 13.80000,13.29418,-4.91532,8.12859, -1227.004,-1246.754,-17.676,  0,    -3628.0,   0.98992, 0, 
unit_sim,       195.962, 0, 25.00000,25.00000, 13.80000,13.26993,-5.12188,7.89079, -1266.307,-1285.659,-17.859,  0,    -3883.2,   0.98921, 0, 
unit_sim,       196.162, 0, 25.00000,25.00000, 13.80000,13.26981,-5.32546,7.67989, -1304.809,-1323.753,-18.043,  0,    -4146.0,   0.98848, 0, 
unit_sim,       196.362, 0, 25.00000,25.00000, 13.80000,13.26969,-5.52594,7.47187, -1342.488,-1361.011,-18.226,  0,    -4416.4,   0.98773, 0, 
unit_sim,       196.562, 0, 25.00000,25.00000, 13.80000,13.26956,-5.72320,7.26688, -1379.319,-1397.409,-18.409,  0,    -4694.0,   0.98696, 0, 
unit_sim,       196.762, 0, 25.00000,25.00000, 13.80000,13.26943,-5.91709,7.06505, -1415.278,-1432.924,-18.591,  0,    -4978.9,   0.98617, 0, 
unit_sim,       196.962, 0, 25.00000,25.00000, 13.80000,13.26929,-6.10751,6.86649, -1450.344,-1467.534,-18.771,  0,    -5270.6,   0.98536, 0, 
unit_sim,       197.162, 0, 25.00000,25.00000, 13.80000,13.26916,-6.29433,6.67135, -1484.493,-1501.218,-18.951,  0,    -5569.2,   0.98453, 0, 
unit_sim,       197.362, 0, 25.00000,25.00000, 13.80000,13.26902,-6.47743,6.48523, -1517.705,-1533.953,-19.363,  0,    -5874.4,   0.98368, 0, 
unit_sim,       197.562, 0, 25.00000,25.00000, 13.80000,13.26888,-6.65670,6.30547, -1549.958,-1565.719,-19.396,  0,    -6185.9,   0.98282, 0, 
unit_sim,       197.762, 0, 25.00000,25.00000, 13.80000,13.26873,-6.83202,6.12966, -1581.233,-1596.497,-19.431,  0,    -6503.7,   0.98193, 0, 
unit_sim,       197.962, 0, 25.00000,25.00000, 13.80000,13.26858,-7.00329,5.95789, -1611.508,-1626.266,-19.465,  0,    -6827.5,   0.98103, 0, 
unit_sim,       198.162, 0, 25.00000,25.00000, 13.80000,13.26843,-7.17038,5.79028, -1640.766,-1655.007,-19.501,  0,    -7157.1,   0.98012, 0, 
unit_sim,       198.362, 0, 25.00000,25.00000, 13.80000,13.26828,-7.33320,5.62694, -1668.987,-1682.704,-19.537,  0,    -7492.2,   0.97919, 0, 
unit_sim,       198.562, 0, 25.00000,25.00000, 13.80000,13.26812,-7.49164,5.46796, -1696.154,-1709.337,-19.574,  0,    -7832.8,   0.97824, 0, 
unit_sim,       198.762, 0, 25.00000,25.00000, 13.80000,13.26796,-7.64561,5.31346, -1722.250,-1734.891,-19.612,  0,    -8178.5,   0.97728, 0, 
unit_sim,       198.962, 0, 25.00000,25.00000, 13.80000,13.26780,-7.79500,5.16352, -1747.258,-1759.349,-19.650,  0,    -8529.2,   0.97631, 0, 
unit_sim,       199.162, 0, 25.00000,25.00000, 13.80000,13.26764,-7.93971,5.01825, -1771.163,-1782.696,-19.688,  0,    -8884.6,   0.97532, 0, 
unit_sim,       199.362, 0, 25.00000,25.00000, 13.80000,13.26747,-8.07967,4.87773, -1793.948,-1804.917,-19.727,  0,    -9244.4,   0.97432, 0, 
unit_sim,       199.562, 0, 25.00000,25.00000, 13.80000,13.26730,-8.21477,4.74206, -1815.601,-1825.998,-19.767,  0,    -9608.6,   0.97331, 0, 
unit_sim,       199.762, 0, 25.00000,25.00000, 13.80000,13.26713,-8.34494,4.61132, -1836.107,-1845.926,-19.807,  0,    -9976.8,   0.97229, 0, 
unit_sim,       199.962, 0, 25.00000,25.00000, 13.80000,13.26696,-8.47008,4.48559, -1855.453,-1864.687,-19.848,  0,   -10348.8,   0.97125, 0, 
unit_sim,       200.162, 0, 25.00000,25.00000, 13.80000,13.26679,-8.59012,4.36496, -1873.627,-1882.271,-19.888,  0,   -10724.4,   0.97021, 0, 
unit_sim,       200.362, 0, 25.00000,25.00000, 13.80000,13.26661,-8.70499,4.24950, -1890.618,-1898.666,-19.930,  0,   -11103.3,   0.96916, 0, 
unit_sim,       200.562, 0, 25.00000,25.00000, 13.80000,13.26644,-8.81461,4.13928, -1906.415,-1913.862,-19.972,  0,   -11485.4,   0.96810, 0, 
unit_sim,       200.762, 0, 25.00000,25.00000, 13.80000,13.26626,-8.91890,4.03438, -1921.007,-1927.849,-20.014,  0,   -11870.2,   0.96703, 0, 
unit_sim,       200.962, 0, 25.00000,25.00000, 13.80000,13.26608,-9.01782,3.93486, -1934.386,-1940.618,-20.056,  0,   -12257.7,   0.96595, 0, 
unit_sim,       201.162, 0, 25.00000,25.00000, 13.80000,13.26590,-9.11128,3.84079, -1946.543,-1952.161,-20.099,  0,   -12647.6,   0.96487, 0, 
unit_sim,       201.362, 0, 25.00000,25.00000, 13.80000,13.26572,-9.19923,3.75222, -1957.471,-1962.472,-20.142,  0,   -13039.6,   0.96378, 0, 
unit_sim,       201.562, 0, 25.00000,25.00000, 13.80000,13.26554,-9.28162,3.66922, -1967.163,-1971.543,-20.185,  0,   -13433.5,   0.96268, 0, 
unit_sim,       201.762, 0, 25.00000,25.00000, 13.80000,13.26536,-9.35839,3.59182, -1975.612,-1979.369,-20.229,  0,   -13829.0,   0.96159, 0, 
unit_sim,       201.962, 0, 25.00000,25.00000, 13.80000,13.26517,-9.42949,3.52010, -1982.813,-1985.944,-20.272,  0,   -14225.9,   0.96048, 0, 
unit_sim,       202.162, 0, 25.00000,25.00000, 13.80000,13.26499,-9.49488,3.45408, -1988.762,-1991.265,-20.316,  0,   -14623.9,   0.95938, 0, 
unit_sim,       202.362, 0, 25.00000,25.00000, 13.80000,13.26480,-9.55452,3.39382, -1993.454,-1995.328,-20.360,  0,   -15022.7,   0.95827, 0, 
unit_sim,       202.562, 0, 25.00000,25.00000, 13.80000,13.26462,-9.60836,3.33935, -1996.888,-1998.131,-20.404,  0,   -15422.2,   0.95716, 0, 
unit_sim,       202.762, 0, 25.00000,25.00000, 13.80000,13.26443,-9.65638,3.29070, -1999.060,-1999.672,-20.448,  0,   -15822.1,   0.95605, 0, 
unit_sim,       202.962, 0, 25.00000,25.00000, 13.80000,13.26425,-9.69853,3.24791, -1999.969,-1999.950,-20.493,  0,   -16222.1,   0.95494, 0, 
unit_sim,       203.162, 0, 25.00000,25.00000, 13.80000,13.26406,-9.73481,3.21101, -1999.616,-1998.965,-20.537,  0,   -16622.0,   0.95383, 0, 
unit_sim,       203.362, 0, 25.00000,25.00000, 13.80000,13.26388,-9.76517,3.18002, -1997.999,-1996.717,-20.581,  0,   -17021.4,   0.95272, 0, 
unit_sim,       203.562, 0, 25.00000,25.00000, 13.80000,13.26369,-9.78961,3.15495, -1995.120,-1993.208,-20.625,  0,   -17420.3,   0.95161, 0, 
unit_sim,       203.762, 0, 25.00000,25.00000, 13.80000,13.26351,-9.80810,3.13583, -1990.982,-1988.440,-20.670,  0,   -17818.2,   0.95050, 0, 
unit_sim,       203.962, 0, 25.00000,25.00000, 13.80000,13.26333,-9.82064,3.12267, -1985.585,-1982.417,-20.714,  0,   -18215.0,   0.94940, 0, 
unit_sim,       204.162, 0, 25.00000,25.00000, 13.80000,13.26314,-9.82721,3.11548, -1978.935,-1975.141,-20.757,  0,   -18610.4,   0.94830, 0, 
unit_sim,       204.362, 0, 25.00000,25.00000, 13.80000,13.26296,-9.82781,3.11425, -1971.034,-1966.617,-20.801,  0,   -19004.2,   0.94721, 0, 
unit_sim,       204.562, 0, 25.00000,25.00000, 13.80000,13.26278,-9.82244,3.11901, -1961.889,-1956.851,-20.845,  0,   -19396.1,   0.94612, 0, 
unit_sim,       204.762, 0, 25.00000,25.00000, 13.80000,13.26260,-9.81110,3.12973, -1951.504,-1945.849,-20.888,  0,   -19785.8,   0.94504, 0, 
unit_sim,       204.962, 0, 25.00000,25.00000, 13.80000,13.26242,-9.79380,3.14642, -1939.887,-1933.619,-20.931,  0,   -20173.1,   0.94396, 0, 
unit_sim,       205.162, 0, 25.00000,25.00000, 13.80000,13.26224,-9.77055,3.16906, -1927.045,-1920.167,-20.974,  0,   -20557.9,   0.94289, 0, 
unit_sim,       205.362, 0, 25.00000,25.00000, 13.80000,13.26206,-9.74136,3.19765, -1912.985,-1905.502,-21.017,  0,   -20939.7,   0.94183, 0, 
unit_sim,       205.562, 0, 25.00000,25.00000, 13.80000,13.26188,-9.70625,3.23215, -1897.717,-1889.633,-21.059,  0,   -21318.4,   0.94078, 0, 
unit_sim,       205.762, 0, 25.00000,25.00000, 13.80000,13.26171,-9.66525,3.27257, -1881.251,-1872.571,-21.101,  0,   -21693.8,   0.93974, 0, 
unit_sim,       205.962, 0, 25.00000,25.00000, 13.80000,13.26154,-9.61837,3.31885, -1863.596,-1854.327,-21.143,  0,   -22065.6,   0.93871, 0, 
unit_sim,       206.162, 0, 25.00000,25.00000, 13.80000,13.26137,-9.56565,3.37099, -1844.764,-1834.911,-21.184,  0,   -22433.6,   0.93768, 0, 
unit_sim,       206.362, 0, 25.00000,25.00000, 13.80000,13.26120,-9.50712,3.42895, -1824.767,-1814.336,-21.225,  0,   -22797.5,   0.93667, 0, 
unit_sim,       206.562, 0, 25.00000,25.00000, 13.80000,13.26103,-9.44282,3.49268, -1803.618,-1792.615,-21.265,  0,   -23157.1,   0.93567, 0, 
unit_sim,       206.762, 0, 25.00000,25.00000, 13.80000,13.26086,-9.37278,3.56216, -1781.329,-1769.762,-21.305,  0,   -23512.2,   0.93469, 0, 
unit_sim,       206.962, 0, 25.00000,25.00000, 13.80000,13.26070,-9.29705,3.63733, -1757.915,-1745.791,-21.344,  0,   -23862.6,   0.93371, 0, 
unit_sim,       207.162, 0, 25.00000,25.00000, 13.80000,13.26054,-9.21568,3.71815, -1733.391,-1720.717,-21.383,  0,   -24208.0,   0.93276, 0, 
unit_sim,       207.362, 0, 25.00000,25.00000, 13.80000,13.26038,-9.12872,3.80457, -1707.771,-1694.556,-21.422,  0,   -24548.2,   0.93181, 0, 
unit_sim,       207.562, 0, 25.00000,25.00000, 13.80000,13.26022,-9.03622,3.89654, -1681.074,-1667.326,-21.459,  0,   -24883.1,   0.93088, 0, 
unit_sim,       207.762, 0, 25.00000,25.00000, 13.80000,13.26007,-8.93824,3.99400, -1653.314,-1639.042,-21.496,  0,   -25212.3,   0.92997, 0, 
unit_sim,       207.962, 0, 25.00000,25.00000, 13.80000,13.25992,-8.83484,4.09689, -1624.510,-1609.723,-21.533,  0,   -25535.7,   0.92907, 0, 
unit_sim,       208.162, 0, 25.00000,25.00000, 13.80000,13.25977,-8.72608,4.20514, -1594.680,-1579.387,-21.569,  0,   -25853.2,   0.92819, 0, 
unit_sim,       208.362, 0, 25.00000,25.00000, 13.80000,13.25963,-8.61205,4.31868, -1563.843,-1548.053,-21.604,  0,   -26164.3,   0.92732, 0, 
unit_sim,       208.562, 0, 25.00000,25.00000, 13.80000,13.25948,-8.49279,4.43745, -1532.018,-1515.742,-21.638,  0,   -26469.1,   0.92647, 0, 
unit_sim,       208.762, 0, 25.00000,25.00000, 13.80000,13.25934,-8.36840,4.56136, -1499.226,-1482.473,-21.672,  0,   -26767.3,   0.92565, 0, 
unit_sim,       208.962, 0, 25.00000,25.00000, 13.80000,13.25921,-8.23895,4.69035, -1465.486,-1448.268,-21.705,  0,   -27058.7,   0.92484, 0, 
unit_sim,       209.162, 0, 25.00000,25.00000, 13.80000,13.25907,-8.10452,4.82433, -1430.821,-1413.148,-21.737,  0,   -27343.1,   0.92405, 0, 
unit_sim,       209.362, 0, 25.00000,25.00000, 13.80000,13.25894,-7.96519,4.96322, -1395.252,-1377.136,-21.769,  0,   -27620.3,   0.92328, 0, 
unit_sim,       209.562, 0, 25.00000,25.00000, 13.80000,13.25882,-7.82105,5.10693, -1358.802,-1340.254,-21.800,  0,   -27890.2,   0.92253, 0, 
unit_sim,       209.762, 0, 25.00000,25.00000, 13.80000,13.25869,-7.67220,5.25536, -1321.494,-1302.525,-21.830,  0,   -28152.6,   0.92180, 0, 
unit_sim,       209.962, 0, 25.00000,25.00000, 13.80000,13.25857,-7.51872,5.40843, -1283.351,-1263.974,-21.859,  0,   -28407.3,   0.92109, 0, 
unit_sim,       210.162, 0, 25.00000,25.00000, 13.80000,13.25846,-7.36071,5.56605, -1244.397,-1224.624,-21.887,  0,   -28654.2,   0.92040, 0, 
unit_sim,       210.362, 0, 25.00000,25.00000, 13.80000,13.25834,-7.19827,5.72810, -1204.657,-1184.501,-21.914,  0,   -28893.2,   0.91974, 0, 
unit_sim,       210.562, 0, 25.00000,25.00000, 13.80000,13.25824,-7.03151,5.89449, -1164.157,-1143.629,-21.941,  0,   -29123.9,   0.91910, 0, 
unit_sim,       210.762, 0, 25.00000,25.00000, 13.80000,13.25813,-6.86053,6.06512, -1122.921,-1102.035,-21.966,  0,   -29346.4,   0.91848, 0, 
unit_sim,       210.962, 0, 25.00000,25.00000, 13.80000,13.25803,-6.68543,6.23987, -1080.976,-1059.745,-21.991,  0,   -29560.5,   0.91789, 0, 
unit_sim,       211.162, 0, 25.00000,25.00000, 13.80000,13.25793,-6.50633,6.41864, -1038.348,-1016.786,-22.014,  0,   -29766.0,   0.91732, 0, 
unit_sim,       211.362, 0, 25.00000,25.00000, 13.80000,13.25784,-6.32334,6.60132, -995.064,-973.185,-22.037,  0,   -29962.8,   0.91677, 0, 
unit_sim,       211.562, 0, 25.00000,25.00000, 13.80000,13.25775,-6.13657,6.78779, -951.152,-928.969,-22.059,  0,   -30150.9,   0.91625, 0, 
unit_sim,       211.762, 0, 25.00000,25.00000, 13.80000,13.25767,-5.94614,6.97793, -906.639,-884.166,-22.080,  0,   -30329.9,   0.91575, 0, 
unit_sim,       211.962, 0, 25.00000,25.00000, 13.80000,13.25759,-5.75217,7.17162, -861.553,-838.805,-22.099,  0,   -30500.0,   0.91528, 0, 
unit_sim,       212.162, 0, 25.00000,25.00000, 13.80000,13.25751,-5.55478,7.36875, -815.923,-792.914,-22.118,  0,   -30660.9,   0.91483, 0, 
unit_sim,       212.362, 0, 25.00000,25.00000, 13.80000,13.25744,-5.35410,7.56918, -769.778,-746.522,-22.136,  0,   -30812.5,   0.91441, 0, 
unit_sim,       212.562, 0, 25.00000,25.00000, 13.80000,13.25737,-5.15026,7.77279, -723.147,-699.658,-22.152,  0,   -30954.8,   0.91401, 0, 
unit_sim,       212.762, 0, 25.00000,25.00000, 13.80000,13.25731,-4.94337,7.97946, -676.059,-652.353,-22.168,  0,   -31087.6,   0.91365, 0, 
unit_sim,       212.962, 0, 25.00000,25.00000, 13.80000,13.25725,-4.73358,8.18905, -628.544,-604.635,-22.183,  0,   -31210.9,   0.91330, 0, 
unit_sim,       213.162, 0, 25.00000,25.00000, 13.80000,13.25719,-4.52101,8.40143, -580.631,-556.536,-22.196,  0,   -31324.6,   0.91299, 0, 
unit_sim,       213.362, 0, 25.00000,25.00000, 13.80000,13.25714,-4.30580,8.61648, -532.353,-508.085,-22.209,  0,   -31428.7,   0.91270, 0, 
unit_sim,       213.562, 0, 25.00000,25.00000, 13.80000,13.25709,-4.08808,8.83404, -483.737,-459.313,-22.220,  0,   -31523.0,   0.91244, 0, 
unit_sim,       213.762, 0, 25.00000,25.00000, 13.80000,13.25705,-3.86799,9.05399, -434.817,-410.251,-22.230,  0,   -31607.5,   0.91220, 0, 
unit_sim,       213.962, 0, 25.00000,25.00000, 13.80000,13.25702,-3.64567,9.27618, -385.621,-360.930,-22.240,  0,   -31682.2,   0.91199, 0, 
unit_sim,       214.162, 0, 25.00000,25.00000, 13.80000,13.25698,-3.42126,9.50049, -336.183,-311.382,-22.248,  0,   -31746.9,   0.91181, 0, 
unit_sim,       214.362, 0, 25.00000,25.00000, 13.80000,13.25696,-3.19489,9.72676, -286.531,-261.636,-22.255,  0,   -31801.7,   0.91166, 0, 
unit_sim,       214.562, 0, 25.00000,25.00000, 13.80000,13.25693,-2.96672,9.95485, -236.699,-211.725,-22.261,  0,   -31846.6,   0.91154, 0, 
unit_sim,       214.762, 0, 25.00000,25.00000, 13.80000,13.25691,-2.73688,10.18463, -186.717,-161.680,-22.265,  0,   -31881.4,   0.91144, 0, 
unit_sim,       214.962, 0, 25.00000,25.00000, 13.80000,13.25690,-2.50552,10.41594, -136.618,-111.534,-22.269,  0,   -31906.2,   0.91137, 0, 
unit_sim,       215.162, 0, 25.00000,25.00000, 13.80000,13.25689,-2.27279,10.64864, -86.432,-61.316,-22.272,  0,   -31921.0,   0.91133, 0, 
unit_sim,       215.362, 0, 25.00000,25.00000, 13.80000,13.25689,-2.03883,10.88262, -36.191,-11.060,-22.273,  0,   -31925.7,   0.91132, 0, 
unit_sim,       215.562, 0, 25.00000,25.00000, 13.80000,13.25689,-1.80379,11.11793,  14.072, 39.202,-22.265,  0,   -31920.4,   0.91133, 0, 
unit_sim,       215.762, 0, 25.00000,25.00000, 13.80000,13.25689,-1.56782,11.35446,  64.327, 89.441,-22.239,  0,   -31905.0,   0.91137, 0, 
unit_sim,       215.962, 0, 25.00000,25.00000, 13.80000,13.25690,-1.33107,11.59205, 114.540,139.622,-22.196,  0,   -31879.7,   0.91145, 0, 
unit_sim,       216.162, 0, 25.00000,25.00000, 13.80000,13.25692,-1.09367,11.83057, 164.682,189.716,-22.136,  0,   -31844.3,   0.91154, 0, 
unit_sim,       216.362, 0, 25.00000,25.00000, 13.80000,13.25693,-0.85580,12.06985, 214.720,239.689,-22.057,  0,   -31798.9,   0.91167, 0, 
unit_sim,       216.562, 0, 25.00000,25.00000, 13.80000,13.25696,-0.61758,12.30974, 264.621,289.512,-21.962,  0,   -31743.6,   0.91182, 0, 
unit_sim,       216.762, 0, 25.00000,25.00000, 13.80000,13.25698,-0.37919,12.55011, 314.356,339.151,-21.849,  0,   -31678.3,   0.91200, 0, 
unit_sim,       216.962, 0, 25.00000,25.00000, 13.80000,13.25702,-0.14075,12.79078, 363.892,388.576,-21.719,  0,   -31603.2,   0.91221, 0, 
unit_sim,       217.162, 0, 25.00000,25.00000, 13.80000,13.25706,0.09757,13.03163, 413.199,437.756,-21.571,  0,   -31518.2,   0.91245, 0, 
unit_sim,       217.362, 0, 25.00000,25.00000, 13.80000,13.25710,0.33563,13.27248, 462.244,486.659,-21.406,  0,   -31423.5,   0.91271, 0, 
unit_sim,       217.562, 0, 25.00000,25.00000, 13.80000,13.25714,0.57327,13.51319, 510.997,535.255,-21.223,  0,   -31319.0,   0.91300, 0, 
unit_sim,       217.762, 0, 25.00000,25.00000, 13.80000,13.25719,0.81034,13.75361, 559.428,583.513,-21.024,  0,   -31204.9,   0.91332, 0, 
unit_sim,       217.962, 0, 25.00000,25.00000, 13.80000,13.25725,1.04671,13.99359, 607.505,631.402,-20.807,  0,   -31081.2,   0.91366, 0, 
unit_sim,       218.162, 0, 25.00000,25.00000, 13.80000,13.25731,1.28221,14.23297, 655.199,678.892,-20.573,  0,   -30948.0,   0.91403, 0, 
unit_sim,       218.362, 0, 25.00000,25.00000, 13.80000,13.25737,1.51670,14.47161, 702.479,725.954,-20.321,  0,   -30805.3,   0.91443, 0, 
unit_sim,       218.562, 0, 25.00000,25.00000, 13.80000,13.25744,1.75004,14.70935, 749.315,772.557,-20.053,  0,   -30653.4,   0.91485, 0, 
unit_sim,       218.762, 0, 25.00000,25.00000, 13.80000,13.25751,1.98207,14.94604, 795.677,818.672,-19.923,  0,   -30492.2,   0.91530, 0, 
unit_sim,       218.962, 0, 25.00000,25.00000, 13.80000,13.25759,2.21265,15.18155, 841.538,864.270,-19.797,  0,   -30321.9,   0.91577, 0, 
unit_sim,       219.162, 0, 25.00000,25.00000, 13.80000,13.25767,2.44163,15.41571, 886.866,909.322,-19.661,  0,   -30142.5,   0.91627, 0, 
unit_sim,       219.362, 0, 25.00000,25.00000, 13.80000,13.25776,2.66887,15.64839, 931.635,953.800,-19.517,  0,   -29954.3,   0.91679, 0, 
unit_sim,       219.562, 0, 25.00000,25.00000, 13.80000,13.25784,2.89423,15.87942, 975.815,997.676,-19.362,  0,   -29757.2,   0.91734, 0, 
unit_sim,       219.762, 0, 25.00000,25.00000, 13.80000,13.25794,3.11757,16.10868, 1019.379,1040.921,-19.197,  0,   -29551.5,   0.91791, 0, 
unit_sim,       219.962, 0, 25.00000,25.00000, 13.80000,13.25803,3.33873,16.33601, 1062.298,1083.508,-19.022,  0,   -29337.2,   0.91851, 0, 
unit_sim,       220.162, 0, 25.00000,25.00000, 13.80000,13.25814,3.55760,16.56128, 1104.547,1125.412,-18.835,  0,   -29114.6,   0.91913, 0, 
unit_sim,       220.362, 0, 25.00000,25.00000, 13.80000,13.25824,3.77402,16.78433, 1146.099,1166.604,-18.636,  0,   -28883.6,   0.91977, 0, 
unit_sim,       220.562, 0, 25.00000,25.00000, 13.80000,13.25835,3.98786,17.00504, 1186.926,1207.060,-18.424,  0,   -28644.6,   0.92043, 0, 
unit_sim,       220.762, 0, 25.00000,25.00000, 13.80000,13.25846,4.19899,17.22325, 1227.004,1246.753,-18.200,  0,   -28397.6,   0.92112, 0, 
unit_sim,       220.962, 0, 25.00000,25.00000, 13.80000,13.25858,4.40727,17.43884, 1266.306,1285.659,-17.961,  0,   -28142.8,   0.92183, 0, 
unit_sim,       221.162, 0, 25.00000,25.00000, 13.80000,13.25870,4.61258,17.65166, 1304.809,1323.753,-17.707,  0,   -27880.3,   0.92255, 0, 
unit_sim,       221.362, 0, 25.00000,25.00000, 13.80000,13.25882,4.81478,17.86159, 1342.488,1361.010,-17.437,  0,   -27610.4,   0.92330, 0, 
unit_sim,       221.562, 0, 25.00000,25.00000, 13.80000,13.25895,5.01374,18.06849, 1379.318,1397.408,-17.149,  0,   -27333.1,   0.92407, 0, 
unit_sim,       221.762, 0, 25.00000,25.00000, 13.80000,13.25908,5.20935,18.27223, 1415.278,1432.924,-16.843,  0,   -27048.7,   0.92486, 0, 
unit_sim,       221.962, 0, 25.00000,25.00000, 13.80000,13.25921,5.40147,18.47269, 1450.344,1467.534,-16.517,  0,   -26757.4,   0.92567, 0, 
unit_sim,       222.162, 0, 25.00000,25.00000, 13.80000,13.25935,5.58999,18.66973, 1484.493,1501.218,-16.170,  0,   -26459.3,   0.92650, 0, 
unit_sim,       222.362, 0, 25.00000,25.00000, 13.80000,13.25949,5.77479,18.86323, 1517.705,1533.953,-15.799,  0,   -26154.5,   0.92735, 0, 
unit_sim,       222.562, 0, 25.00000,25.00000, 13.80000,13.25963,5.95575,19.05308, 1549.958,1565.719,-15.402,  0,   -25843.4,   0.92821, 0, 
unit_sim,       222.762, 0, 25.00000,25.00000, 13.80000,13.25978,6.13276,19.23914, 1581.232,1596.496,-14.977,  0,   -25526.1,   0.92909, 0, 
unit_sim,       222.962, 0, 25.00000,25.00000, 13.80000,13.25992,6.30571,19.42131, 1611.508,1626.265,-14.521,  0,   -25202.9,   0.92999, 0, 
unit_sim,       223.162, 0, 25.00000,25.00000, 13.80000,13.26007,6.47448,19.59947, 1640.766,1655.007,-14.032,  0,   -24873.8,   0.93091, 0, 
unit_sim,       223.362, 0, 25.00000,25.00000, 13.80000,13.26023,6.63898,19.77351, 1668.987,1682.703,-13.505,  0,   -24539.1,   0.93184, 0, 
unit_sim,       223.562, 0, 25.00000,25.00000, 13.80000,13.26038,6.79909,19.94331, 1696.154,1709.337,-12.936,  0,   -24199.1,   0.93278, 0, 
unit_sim,       223.762, 0, 25.00000,25.00000, 13.80000,13.26054,6.95472,20.10877, 1722.250,1734.891,-12.321,  0,   -23853.9,   0.93374, 0, 
unit_sim,       223.962, 0, 25.00000,25.00000, 13.80000,13.26070,7.10578,20.26979, 1747.258,1759.349,-11.653,  0,   -23503.7,   0.93471, 0, 
unit_sim,       224.162, 0, 25.00000,25.00000, 13.80000,13.26087,7.25215,20.42627, 1771.162,1782.696,-10.926,  0,   -23148.9,   0.93570, 0, 
unit_sim,       224.362, 0, 25.00000,25.00000, 13.80000,13.26103,7.39376,20.57810, 1793.948,1804.917,-10.133,  0,   -22789.5,   0.93670, 0, 
unit_sim,       224.562, 0, 25.00000,25.00000, 13.80000,13.26120,7.53052,20.72519, 1815.601,1825.998, -9.262,  0,   -22425.9,   0.93771, 0, 
unit_sim,       224.762, 0, 25.00000,25.00000, 13.80000,13.26137,7.66233,20.86744, 1836.107,1845.926, -8.304,  0,   -22058.3,   0.93873, 0, 
unit_sim,       224.962, 0, 25.00000,25.00000, 13.80000,13.26154,7.78912,21.00478, 1855.453,1864.687, -7.244,  0,   -21686.8,   0.93976, 0, 
unit_sim,       225.162, 0, 25.00000,25.00000, 13.80000,13.26171,7.91080,21.13710, 1873.627,1882.271, -6.065,  0,   -21311.8,   0.94080, 0, 
unit_sim,       225.362, 0, 25.00000,25.00000, 13.80000,13.26189,8.02731,21.26434, 1890.618,1898.666, -4.746,  0,   -20933.4,   0.94185, 0, 
unit_sim,       225.562, 0, 25.00000,25.00000, 13.80000,13.26206,8.13855,21.38639, 1906.414,1913.862, -3.261,  0,   -20552.0,   0.94291, 0, 
unit_sim,       225.762, 0, 25.00000,25.00000, 13.80000,13.26224,8.24448,21.50320, 1921.007,1927.849, -1.576,  0,   -20167.7,   0.94398, 0, 
unit_sim,       225.962, 0, 25.00000,25.00000, 13.80000,13.26242,8.34501,21.61468, 1934.386,1940.618,  0.343,  0,   -19780.8,   0.94505, 0, 
unit_sim,       226.162, 0, 25.00000,25.00000, 13.80000,13.26260,8.44010,21.72076, 1946.543,1952.161,  2.210,  0,   -19391.5,   0.94613, 0, 
unit_sim,       226.362, 0, 25.00000,25.00000, 13.80000,13.26278,8.52967,21.82137, 1957.471,1962.472,  3.881,  0,   -19000.1,   0.94722, 0, 
unit_sim,       226.562, 0, 25.00000,25.00000, 13.80000,13.26296,8.61367,21.91647, 1967.163,1971.543,  5.383,  0,   -18606.8,   0.94831, 0, 
unit_sim,       226.762, 0, 25.00000,25.00000, 13.80000,13.26314,8.69204,22.00598, 1975.612,1979.369,  6.739,  0,   -18211.9,   0.94941, 0, 
unit_sim,       226.962, 0, 25.00000,25.00000, 13.80000,13.26333,8.76475,22.08985, 1982.813,1985.944,  7.968,  0,   -17815.6,   0.95051, 0, 
unit_sim,       227.162, 0, 25.00000,25.00000, 13.80000,13.26351,8.83174,22.16804, 1988.762,1991.265,  9.086,  0,   -17418.2,   0.95162, 0, 
unit_sim,       227.362, 0, 25.00000,25.00000, 13.80000,13.26369,8.89298,22.24048, 1993.454,1995.328, 10.106,  0,   -17019.9,   0.95272, 0, 
unit_sim,       227.562, 0, 25.00000,25.00000, 13.80000,13.26388,8.94841,22.30714, 1996.888,1998.131, 11.040,  0,   -16621.0,   0.95383, 0, 
unit_sim,       227.762, 0, 25.00000,25.00000, 13.80000,13.26406,8.99802,22.36797, 1999.060,1999.672, 11.897,  0,   -16221.7,   0.95494, 0, 
unit_sim,       227.962, 0, 25.00000,25.00000, 13.80000,13.26425,9.04176,22.42294, 1999.969,1999.950, 12.686,  0,   -15822.3,   0.95605, 0, 
unit_sim,       228.162, 0, 25.00000,25.00000, 13.80000,13.26443,9.07962,22.47201, 1999.616,1998.965, 13.412,  0,   -15423.1,   0.95716, 0, 
unit_sim,       228.362, 0, 25.00000,25.00000, 13.80000,13.26462,9.11156,22.51516, 1997.999,1996.717, 14.084,  0,   -15024.2,   0.95827, 0, 
unit_sim,       228.562, 0, 25.00000,25.00000, 13.80000,13.26480,9.13757,22.55235, 1995.120,1993.208, 14.705,  0,   -14626.0,   0.95937, 0, 
unit_sim,       228.762, 0, 25.00000,25.00000, 13.80000,13.26499,9.15763,22.58357, 1990.982,1988.441, 15.524,  0,   -14228.6,   0.96048, 0, 
unit_sim,       228.962, 0, 25.00000,25.00000, 13.80000,13.26517,9.17174,22.59860, 1985.585,1982.417, 16.136,  0,   -13832.4,   0.96158, 0, 
unit_sim,       229.162, 0, 25.00000,25.00000, 13.80000,13.26535,9.17987,22.60659, 1978.935,1975.141, 16.106,  0,   -13437.6,   0.96267, 0, 
unit_sim,       229.362, 0, 25.00000,25.00000, 13.80000,13.26554,9.18203,22.60860, 1971.034,1966.617, 16.076,  0,   -13044.4,   0.96377, 0, 
unit_sim,       229.562, 0, 25.00000,25.00000, 13.80000,13.26572,9.17821,22.60464, 1961.889,1956.851, 16.046,  0,   -12653.2,   0.96485, 0, 
unit_sim,       229.762, 0, 25.00000,25.00000, 13.80000,13.26590,9.16843,22.59471, 1951.505,1945.850, 16.015,  0,   -12264.0,   0.96593, 0, 
unit_sim,       229.962, 0, 25.00000,25.00000, 13.80000,13.26608,9.15267,22.57881, 1939.887,1933.619, 15.985,  0,   -11877.2,   0.96701, 0, 
unit_sim,       230.162, 0, 25.00000,25.00000, 13.80000,13.26626,9.13097,22.55696, 1927.045,1920.167, 15.956,  0,   -11493.1,   0.96807, 0, 
unit_sim,       230.362, 0, 25.00000,25.00000, 13.80000,13.26643,9.10332,22.52917, 1912.985,1905.502, 15.926,  0,   -11111.8,   0.96913, 0, 
unit_sim,       230.562, 0, 25.00000,25.00000, 13.80000,13.26661,9.06975,22.49546, 1897.718,1889.633, 15.896,  0,   -10733.6,   0.97018, 0, 
unit_sim,       230.762, 0, 25.00000,25.00000, 13.80000,13.26678,9.03028,22.45585, 1881.251,1872.572, 15.867,  0,   -10358.8,   0.97123, 0, 
unit_sim,       230.962, 0, 25.00000,25.00000, 13.80000,13.26696,8.98493,22.41036, 1863.596,1854.327, 15.837,  0,    -9987.6,   0.97226, 0, 
unit_sim,       231.162, 0, 25.00000,25.00000, 13.80000,13.26713,8.93373,22.35903, 1844.764,1834.911, 15.808,  0,    -9620.2,   0.97328, 0, 
unit_sim,       231.362, 0, 25.00000,25.00000, 13.80000,13.26730,8.87673,22.30189, 1824.767,1814.336, 15.780,  0,    -9256.8,   0.97429, 0, 
unit_sim,       231.562, 0, 25.00000,25.00000, 13.80000,13.26747,8.81394,22.23897, 1803.618,1792.615, 15.751,  0,    -8897.7,   0.97528, 0, 
unit_sim,       231.762, 0, 25.00000,25.00000, 13.80000,13.26763,8.74542,22.17031, 1781.329,1769.762, 15.723,  0,    -8543.1,   0.97627, 0, 
unit_sim,       231.962, 0, 25.00000,25.00000, 13.80000,13.26779,8.67120,22.09597, 1757.915,1745.791, 15.695,  0,    -8193.3,   0.97724, 0, 
unit_sim,       232.162, 0, 25.00000,25.00000, 13.80000,13.26795,8.59134,22.01597, 1733.391,1720.717, 15.667,  0,    -7848.4,   0.97820, 0, 
unit_sim,       232.362, 0, 25.00000,25.00000, 13.80000,13.26811,8.50588,21.93039, 1707.772,1694.557, 15.639,  0,    -7508.7,   0.97914, 0, 
unit_sim,       232.562, 0, 25.00000,25.00000, 13.80000,13.26827,8.41488,21.83926, 1681.074,1667.326, 15.612,  0,    -7174.4,   0.98007, 0, 
unit_sim,       232.762, 0, 25.00000,25.00000, 13.80000,13.26842,8.31839,21.74265, 1653.314,1639.042, 15.586,  0,    -6845.6,   0.98098, 0, 
unit_sim,       232.962, 0, 25.00000,25.00000, 13.80000,13.26857,8.21649,21.64063, 1624.511,1609.723, 15.559,  0,    -6522.7,   0.98188, 0, 
unit_sim,       233.162, 0, 25.00000,25.00000, 13.80000,13.26872,8.10922,21.53325, 1594.681,1579.387, 15.534,  0,    -6205.7,   0.98276, 0, 
unit_sim,       233.362, 0, 25.00000,25.00000, 13.80000,13.26887,7.99667,21.42058, 1563.844,1548.053, 15.508,  0,    -5895.0,   0.98362, 0, 
unit_sim,       233.562, 0, 25.00000,25.00000, 13.80000,13.26901,7.87890,21.30269, 1532.019,1515.742, 15.483,  0,    -5590.7,   0.98447, 0, 
unit_sim,       233.762, 0, 25.00000,25.00000, 13.80000,13.26915,7.75599,21.17967, 1499.226,1482.473, 15.459,  0,    -5293.0,   0.98530, 0, 
unit_sim,       233.962, 0, 25.00000,25.00000, 13.80000,13.26928,7.62801,21.05158, 1465.487,1448.268, 15.435,  0,    -5002.0,   0.98611, 0, 
unit_sim,       234.162, 0, 25.00000,25.00000, 13.80000,13.26942,7.49505,20.91851, 1430.821,1413.149, 15.411,  0,    -4718.1,   0.98689, 0, 
unit_sim,       234.362, 0, 25.00000,25.00000, 13.80000,13.26955,7.35718,20.78055, 1395.253,1377.136, 15.388,  0,    -4441.2,   0.98766, 0, 
unit_sim,       234.562, 0, 25.00000,25.00000, 13.80000,13.26967,7.21451,20.63777, 1358.802,1340.254, 15.366,  0,    -4171.7,   0.98841, 0, 
unit_sim,       234.762, 0, 25.00000,25.00000, 13.80000,13.26980,7.06712,20.49028, 1321.494,1302.525, 15.344,  0,    -3909.7,   0.98914, 0, 
unit_sim,       234.962, 0, 25.00000,25.00000, 13.80000,13.26992,6.91510,20.33816, 1283.351,1263.974, 15.322,  0,    -3655.4,   0.98985, 0, 
unit_sim,       235.162, 0, 25.00000,25.00000, 13.80000,13.28722,6.75854,20.19870, 1244.397,1224.624, 15.302,  0,    -3408.9,   0.99053, 0, 
unit_sim,       235.362, 0, 25.00000,25.00000, 13.80000,13.34786,6.59756,20.09816, 1204.658,1184.501, 15.281,  0,    -3170.3,   0.99119, 0, 
unit_sim,       235.562, 0, 25.00000,25.00000, 13.80000,13.40649,6.43224,19.99127, 1164.157,1143.630, 15.262,  0,    -2939.9,   0.99183, 0, 
unit_sim,       235.762, 0, 25.00000,25.00000, 13.80000,13.46307,6.26270,19.87812, 1122.921,1102.036, 15.243,  0,    -2717.7,   0.99245, 0, 
unit_sim,       235.962, 0, 25.00000,25.00000, 13.80000,13.51756,6.08904,19.75878, 1080.976,1059.746, 15.225,  0,    -2503.9,   0.99304, 0, 
unit_sim,       236.162, 0, 25.00000,25.00000, 13.80000,13.56993,5.91138,19.63331, 1038.348,1016.787, 15.207,  0,    -2298.7,   0.99361, 0, 
unit_sim,       236.362, 0, 25.00000,25.00000, 13.80000,13.62015,5.72982,19.50180, 995.065,973.185, 15.190,  0,    -2102.2,   0.99416, 0, 
unit_sim,       236.562, 0, 25.00000,25.00000, 13.80000,13.66819,5.54448,19.36434, 951.152,928.969, 15.174,  0,    -1914.5,   0.99468, 0, 
unit_sim,       236.762, 0, 25.00000,25.00000, 13.80000,13.71401,5.35547,19.22100, 906.639,884.166, 15.159,  0,    -1735.7,   0.99518, 0, 
unit_sim,       236.962, 0, 25.00000,25.00000, 13.80000,13.78515,5.16293,19.09946, 861.554,838.805, 15.144,  0,    -1565.9,   0.99565, 0, 
unit_sim,       237.162, 0, 25.00000,25.00000, 13.80000,13.85675,4.96696,18.97495, 815.924,792.914, 15.130,  0,    -1405.2,   0.99610, 0, 
unit_sim,       237.362, 0, 25.00000,25.00000, 13.80000,13.92437,4.76770,18.84317, 769.779,746.522, 15.117,  0,    -1253.8,   0.99652, 0, 
unit_sim,       237.562, 0, 25.00000,25.00000, 13.80000,13.98796,4.56527,18.70421, 723.147,699.659, 15.104,  0,    -1111.8,   0.99691, 0, 
unit_sim,       237.762, 0, 25.00000,25.00000, 13.80000,14.04748,4.35979,18.55814, 676.059,652.353, 15.092,  0,     -979.1,   0.99728, 0, 
unit_sim,       237.962, 0, 25.00000,25.00000, 13.80000,14.10291,4.15140,18.40507, 628.544,604.636, 15.081,  0,     -856.0,   0.99762, 0, 
unit_sim,       238.162, 0, 25.00000,25.00000, 13.80000,14.15419,3.94023,18.24509, 580.632,556.536, 15.071,  0,     -742.5,   0.99794, 0, 
unit_sim,       238.362, 0, 25.00000,25.00000, 13.80000,14.20130,3.72642,18.07830, 532.353,508.086, 15.062,  0,     -638.6,   0.99823, 0, 
unit_sim,       238.562, 0, 25.00000,25.00000, 13.80000,14.24421,3.51010,17.90480, 483.738,459.314, 15.053,  0,     -544.4,   0.99849, 0, 
unit_sim,       238.762, 0, 25.00000,25.00000, 13.80000,14.28290,3.29140,17.72472, 434.817,410.252, 15.045,  0,     -460.0,   0.99872, 0, 
unit_sim,       238.962, 0, 25.00000,25.00000, 13.80000,14.31734,3.07047,17.53816, 385.622,360.931, 15.038,  0,     -385.5,   0.99893, 0, 
unit_sim,       239.162, 0, 25.00000,25.00000, 13.80000,14.34751,2.84744,17.34524, 336.183,311.382, 15.032,  0,     -320.8,   0.99911, 0, 
unit_sim,       239.362, 0, 25.00000,25.00000, 13.80000,14.37337,2.62246,17.14607, 286.532,261.636, 15.027,  0,     -266.1,   0.99926, 0, 
unit_sim,       239.562, 0, 25.00000,25.00000, 13.80000,14.39494,2.39566,16.94080, 236.700,211.725, 15.022,  0,     -221.3,   0.99939, 0, 
unit_sim,       239.762, 0, 25.00000,25.00000, 13.80000,14.41218,2.16720,16.72955, 186.718,161.681, 15.018,  0,     -186.5,   0.99948, 0, 
unit_sim,       239.962, 0, 25.00000,25.00000, 13.80000,14.42508,1.93721,16.51244, 136.618,111.534, 15.016,  0,     -161.7,   0.99955, 0, 
unit_sim,       240.162, 0, 25.00000,25.00000, 13.80000,14.43365,1.70585,16.28963,  86.432, 61.317, 15.013,  0,     -147.0,   0.99959, 0, 
unit_sim,       240.362, 0, 25.00000,25.00000, 13.80000,14.43787,1.47326,16.06124,  36.192, 11.061, 15.012,  0,     -142.3,   0.99960, 0, 
unit_sim,       240.562, 0, 25.00000,25.00000, 13.80000,14.43834,1.28179,15.52014,   0.000,  0.000, 15.007,  1,     -142.3,   0.99960, 0, 
unit_sim,       240.762, 0, 25.00000,25.00000, 13.80000,14.43834,1.23543,15.47377,   0.000,  0.000,-16.219,  1,     -142.3,   0.99960, 0, 
unit_sim,       240.962, 0, 25.00000,25.00000, 13.80000,14.43834,1.22163,15.45998,   0.000,  0.000,-16.219,  1,     -142.3,   0.99960, 0, 
unit_sim,       241.162, 0, 25.00000,25.00000, 13.80000,14.43834,1.21599,15.45433,   0.000,  0.000,-16.219,  1,     -142.3,   0.99960, 0, 
unit_sim,       241.362, 0, 25.00000,25.00000, 13.80000,14.43834,1.21238,15.45073,   0.000,  0.000,-16.219,  1,     -142.3,   0.99960, 0, 
unit_sim,       241.562, 0, 25.00000,25.00000, 13.80000,14.43834,1.20929,15.44764,   0.000,  0.000,-16.219,  1,     -142.3,   0.99960, 0, 
unit_sim,       241.762, 0, 25.00000,25.00000, 13.80000,14.43834,1.20634,15.44468,   0.000,  0.000,-16.219,  1,     -142.3,   0.99960, 0, 
unit_sim,       241.962, 0, 25.00000,25.00000, 13.80000,14.43834,1.20342,15.44177,   0.000,  0.000,-16.219,  1,     -142.3,   0.99960, 0, 
unit_sim,       242.162, 0, 25.00000,25.00000, 13.80000,14.43834,1.20052,15.43887,   0.000,  0.000,-16.219,  1,     -142.3,   0.99960, 0, 
unit_sim,       242.362, 0, 25.00000,25.00000, 13.80000,14.43834,1.19763,15.43597,   0.000,  0.000,-16.219,  1,     -142.3,   0.99960, 0, 
unit_sim,       242.562, 0, 25.00000,25.00000, 13.80000,14.43834,1.19475,15.43309,   0.000,  0.000,-16.219,  1,     -142.3,   0.99960, 0, 
unit_sim,       242.762, 0, 25.00000,25.00000, 13.80000,14.43834,1.19187,15.43021,   0.000,  0.000,-16.219,  1,     -142.3,   0.99960, 0, 
unit_sim,       242.962, 0, 25.00000,25.00000, 13.80000,14.43834,1.18900,15.42734,   0.000,  0.000,-16.219,  1,     -142.3,   0.99960, 0, 
unit_sim,       243.162, 0, 25.00000,25.00000, 13.80000,14.43834,1.18614,15.42448,   0.000,  0.000,-16.219,  1,     -142.3,   0.99960, 0, 
unit_sim,       243.362, 0, 25.00000,25.00000, 13.80000,14.43834,1.18328,15.42162,   0.000,  0.000,-16.219,  1,     -142.3,   0.99960, 0, 
unit_sim,       243.562, 0, 25.00000,25.00000, 13.80000,14.43834,1.18043,15.41877,   0.000,  0.000,-16.219,  1,     -142.3,   0.99960, 0, 
unit_sim,       243.762, 0, 25.00000,25.00000, 13.80000,14.43834,1.17759,15.41593,   0.000,  0.000,-16.219,  1,     -142.3,   0.99960, 0, 
unit_sim,       243.962, 0, 25.00000,25.00000, 13.80000,14.43834,1.17475,15.41309,   0.000,  0.000,-16.219,  1,     -142.3,   0.99960, 0, 
unit_sim,       244.162, 0, 25.00000,25.00000, 13.80000,14.43834,1.17192,15.41027,   0.000,  0.000,-16.219,  1,     -142.3,   0.99960, 0, 
unit_sim,       244.362, 0, 25.00000,25.00000, 13.80000,14.43834,1.16910,15.40744,   0.000,  0.000,-16.219,  1,     -142.3,   0.99960, 0, 
unit_sim,       244.562, 0, 25.00000,25.00000, 13.80000,14.43834,1.16628,15.40463,   0.000,  0.000,-16.219,  1,     -142.3,   0.99960, 0, 
unit_sim,       244.762, 0, 25.00000,25.00000, 13.80000,14.43834,1.16348,15.40182,   0.000,  0.000,-16.219,  1,     -142.3,   0.99960, 0, 
unit_sim,       244.962, 0, 25.00000,25.00000, 13.80000,14.43834,1.16067,15.39902,   0.000,  0.000,-16.219,  1,     -142.3,   0.99960, 0, 
unit_sim,       245.162, 0, 25.00000,25.00000, 13.80000,14.43834,1.15788,15.39622,   0.000,  0.000,-16.219,  1,     -142.3,   0.99960, 0, 
unit_sim,       245.362, 0, 25.00000,25.00000, 13.80000,14.43834,1.15509,15.39343,   0.000,  0.000,-16.219,  1,     -142.3,   0.99960, 0, 
